Year,EmployerType,EmployerName,DepartmentOrSubdivision,Position,ElectedOfficial,Judicial,OtherPositions,MinPositionSalary,MaxPositionSalary,ReportedBaseWage,RegularPay,OvertimePay,LumpSumPay,OtherPay,TotalWages,DefinedBenefitPlanContribution,EmployeesRetirementCostCovered,DeferredCompensationPlan,HealthDentalVision,TotalRetirementAndHealthContribution,PensionFormula,EmployerURL,EmployerPopulation,LastUpdatedDate,EmployerCounty,SpecialDistrictActivities,IncludesUnfundedLiability,SpecialDistrictType
2020,State Department,"Conservation Corps, California",,"Director, California Conservation Corps",False,False,,172345,186389,,167286,0,0,1040,168326,51508,0,0,19357,70866,2.00% @ 55,https://www.calhr.ca.gov,,07/27/2021,,,True,
2020,State Department,"Conservation Corps, California",,"C.E.A., Range A",False,False,,89304,210156,,159995,0,0,1300,161295,48368,0,0,5510,53878,2.00% @ 55,https://www.calhr.ca.gov,,07/27/2021,,,True,
2020,State Department,"Conservation Corps, California",,Chief Deputy Director,False,False,,141120,157176,,141935,0,0,1300,143235,44268,0,0,23635,67903,2.00% @ 55,https://www.calhr.ca.gov,,07/27/2021,,,True,
2020,State Department,"Conservation Corps, California",,"Deputy, Capital Outlay Program",False,False,,141120,157176,,137584,0,0,1300,138884,42629,0,0,18808,61437,2.00% @ 55,https://www.calhr.ca.gov,,07/27/2021,,,True,
2020,State Department,"Conservation Corps, California",,Departmental Construction and Maintenance Supervisor,False,False,,117192,146676,,132020,0,0,219,132239,41386,0,0,12422,53808,2.00% @ 55,https://www.calhr.ca.gov,,07/27/2021,,,True,
2020,State Department,"Conservation Corps, California",,"C.E.A., Range B",False,False,,89304,210156,,127456,0,0,1300,128756,40060,0,0,24479,64540,2.00% @ 55,https://www.calhr.ca.gov,,07/27/2021,,,True,
2020,State Department,"Conservation Corps, California",,Information Technology Manager I,False,False,,96192,128904,,114230,0,0,1300,115530,36095,0,0,24131,60226,2.00% @ 55,https://www.calhr.ca.gov,,07/27/2021,,,True,
2020,State Department,"Conservation Corps, California",,"C.E.A., Range A",False,False,,89304,210156,,113661,0,0,1300,114961,37041,0,0,19483,56524,2.00% @ 55,https://www.calhr.ca.gov,,07/27/2021,,,True,
2020,State Department,"Conservation Corps, California",,"C.E.A., Range A",False,False,,89304,210156,,111357,0,0,1323,112680,34907,0,0,19293,54201,2.00% @ 55,https://www.calhr.ca.gov,,07/27/2021,,,True,
2020,State Department,"Conservation Corps, California",,Conservationist II,False,False,,56544,70236,,70097,39676,0,1250,111023,14374,0,0,22996,37370,2.50% @ 55,https://www.calhr.ca.gov,,07/27/2021,,,True,
2020,State Department,"Conservation Corps, California",,"Associate Governmental Program Analyst, Range A",False,False,,61788,77352,,66397,41768,0,1300,109465,21554,0,0,22287,43841,2.00% @ 55,https://www.calhr.ca.gov,,07/27/2021,,,True,
2020,State Department,"Conservation Corps, California",,Conservationist II,False,False,,56544,70236,,61330,44851,0,950,107130,14374,0,0,22996,37370,2.50% @ 55,https://www.calhr.ca.gov,,07/27/2021,,,True,
2020,State Department,"Conservation Corps, California",,"Conservationist I, Range B",False,False,,46068,57000,,48762,55657,0,950,105369,10994,0,0,9945,20940,2.00% @ 55,https://www.calhr.ca.gov,,07/27/2021,,,True,
2020,State Department,"Conservation Corps, California",,Staff Services Manager III,False,False,,98076,111360,,103383,0,0,1300,104683,30708,0,0,23639,54347,2.00% @ 55,https://www.calhr.ca.gov,,07/27/2021,,,True,
2020,State Department,"Conservation Corps, California",,Information Technology Supervisor II,False,False,,87156,116772,,103129,0,0,1300,104429,32700,0,0,23822,56522,2.00% @ 60,https://www.calhr.ca.gov,,07/27/2021,,,True,
2020,State Department,"Conservation Corps, California",,"Conservationist I, Range B",False,False,,46068,57000,,54722,48519,0,950,104190,11665,0,0,10079,21744,2.50% @ 55,https://www.calhr.ca.gov,,07/27/2021,,,True,
2020,State Department,"Conservation Corps, California",,"Conservationist I, Range B",False,False,,46068,57000,,53146,48785,0,950,102881,11310,0,0,10004,21314,2.50% @ 55,https://www.calhr.ca.gov,,07/27/2021,,,True,
2020,State Department,"Conservation Corps, California",,"Conservationist I, Range B",False,False,,46068,57000,,48799,52923,0,950,102672,11665,0,0,17795,29460,2.00% @ 55,https://www.calhr.ca.gov,,07/27/2021,,,True,
2020,State Department,"Conservation Corps, California",,"Information Technology Specialist I, Range C",False,False,,80580,107988,,100196,0,0,1300,101496,30238,0,0,4170,34409,2.00% @ 60,https://www.calhr.ca.gov,,07/27/2021,,,True,
2020,State Department,"Conservation Corps, California",,"Conservationist I, Range B",False,False,,46068,57000,,55614,43035,0,950,99599,11505,0,0,22454,33959,2.00% @ 55,https://www.calhr.ca.gov,,07/27/2021,,,True,
2020,State Department,"Conservation Corps, California",,Staff Services Manager II (Managerial),False,False,,89304,101436,,98145,0,0,1450,99595,28734,0,0,23475,52208,2.00% @ 55,https://www.calhr.ca.gov,,07/27/2021,,,True,
2020,State Department,"Conservation Corps, California",,Conservationist II,False,False,,56544,70236,,59659,38719,0,950,99328,13995,0,0,22915,36910,2.50% @ 55,https://www.calhr.ca.gov,,07/27/2021,,,True,
2020,State Department,"Conservation Corps, California",,"Associate Governmental Program Analyst, Range A",False,False,,61788,77352,,58195,38677,0,1300,98172,18167,0,0,9239,27406,2.00% @ 55,https://www.calhr.ca.gov,,07/27/2021,,,True,
2020,State Department,"Conservation Corps, California",,Staff Services Manager I,False,False,,73488,91296,,89601,0,7071,1300,97972,28283,0,0,20116,48399,2.00% @ 55,https://www.calhr.ca.gov,,07/27/2021,,,True,
2020,State Department,"Conservation Corps, California",,"Conservationist I, Range B",False,False,,46068,57000,,47451,49567,0,725,97743,11665,0,0,22487,34152,2.50% @ 55,https://www.calhr.ca.gov,,07/27/2021,,,True,
2020,State Department,"Conservation Corps, California",,Staff Services Manager II (Managerial),False,False,,89304,101436,,96274,0,0,1450,97724,29119,0,0,5251,34370,2.00% @ 55,https://www.calhr.ca.gov,,07/27/2021,,,True,
2020,State Department,"Conservation Corps, California",,"Information Technology Specialist I, Range C",False,False,,80580,107988,,96341,0,0,1300,97641,30238,0,0,18292,48530,2.00% @ 55,https://www.calhr.ca.gov,,07/27/2021,,,True,
2020,State Department,"Conservation Corps, California",,Conservationist II,False,False,,56544,70236,,58464,37633,0,950,97047,14374,0,0,18304,32678,2.50% @ 55,https://www.calhr.ca.gov,,07/27/2021,,,True,
2020,State Department,"Conservation Corps, California",,"Conservationist I, Range B",False,False,,46068,57000,,41160,23667,31125,950,96901,9410,0,0,8022,17431,2.50% @ 55,https://www.calhr.ca.gov,,07/27/2021,,,True,
2020,State Department,"Conservation Corps, California",,Staff Services Manager II (Managerial),False,False,,89304,101436,,92826,0,0,3700,96526,29273,0,0,16837,46110,2.00% @ 55,https://www.calhr.ca.gov,,07/27/2021,,,True,
2020,State Department,"Conservation Corps, California",,Staff Services Manager II (Managerial),False,False,,89304,101436,,94336,0,0,1450,95786,29273,0,0,10969,40242,2.00% @ 55,https://www.calhr.ca.gov,,07/27/2021,,,True,
2020,State Department,"Conservation Corps, California",,"Conservationist I, Range B",False,False,,46068,57000,,54722,39976,0,950,95648,11665,0,0,10079,21744,2.00% @ 55,https://www.calhr.ca.gov,,07/27/2021,,,True,
2020,State Department,"Conservation Corps, California",,Conservationist II,False,False,,56544,70236,,58481,36022,0,950,95453,12383,0,0,4305,16688,2.50% @ 55,https://www.calhr.ca.gov,,07/27/2021,,,True,
2020,State Department,"Conservation Corps, California",,Staff Services Manager III,False,False,,98076,111360,,93588,0,0,1420,95008,29386,0,0,18793,48178,2.00% @ 55,https://www.calhr.ca.gov,,07/27/2021,,,True,
2020,State Department,"Conservation Corps, California",,Conservationist II,False,False,,56544,70236,,53816,40219,0,950,94986,12078,0,0,10148,22226,2.50% @ 55,https://www.calhr.ca.gov,,07/27/2021,,,True,
2020,State Department,"Conservation Corps, California",,Staff Services Manager II (Managerial),False,False,,89304,101436,,93318,0,0,1300,94618,29273,0,0,23517,52790,2.00% @ 55,https://www.calhr.ca.gov,,07/27/2021,,,True,
2020,State Department,"Conservation Corps, California",,"Conservationist I, Range B",False,False,,46068,57000,,48770,44896,0,950,94616,11459,0,0,10031,21490,2.00% @ 55,https://www.calhr.ca.gov,,07/27/2021,,,True,
2020,State Department,"Conservation Corps, California",,Staff Services Manager II (Managerial),False,False,,89304,101436,,93087,0,0,1479,94566,29273,0,0,18793,48066,2.00% @ 55,https://www.calhr.ca.gov,,07/27/2021,,,True,
2020,State Department,"Conservation Corps, California",,"Conservationist I, Range B",False,False,,46068,57000,,49426,43662,0,950,94038,11665,0,0,22487,34152,2.00% @ 55,https://www.calhr.ca.gov,,07/27/2021,,,True,
2020,State Department,"Conservation Corps, California",,Staff Services Manager II (Managerial),False,False,,89304,101436,,92605,0,0,1300,93905,29117,0,0,18779,47896,2.00% @ 55,https://www.calhr.ca.gov,,07/27/2021,,,True,
2020,State Department,"Conservation Corps, California",,"C.E.A., Range A",False,False,,89304,210156,,92199,0,0,1450,93649,28356,0,0,10872,39229,2.00% @ 55,https://www.calhr.ca.gov,,07/27/2021,,,True,
2020,State Department,"Conservation Corps, California",,"Information Technology Specialist I, Range C",False,False,,80580,107988,,92270,0,0,1300,93570,29196,0,0,10456,39652,2.00% @ 55,https://www.calhr.ca.gov,,07/27/2021,,,True,
2020,State Department,"Conservation Corps, California",,Conservationist II,False,False,,56544,70236,,53713,38649,0,950,93312,12580,0,0,22651,35231,2.50% @ 55,https://www.calhr.ca.gov,,07/27/2021,,,True,
2020,State Department,"Conservation Corps, California",,Staff Services Manager II (Managerial),False,False,,89304,101436,,91262,0,0,1954,93216,26809,0,0,23655,50464,2.00% @ 55,https://www.calhr.ca.gov,,07/27/2021,,,True,
2020,State Department,"Conservation Corps, California",,Accounting Administrator II,False,False,,80664,100224,,91914,0,0,1300,93214,28923,0,0,18761,47685,2.00% @ 55,https://www.calhr.ca.gov,,07/27/2021,,,True,
2020,State Department,"Conservation Corps, California",,"Conservationist I, Range B",False,False,,46068,57000,,46892,45281,0,950,93123,11111,0,0,22377,33488,2.00% @ 55,https://www.calhr.ca.gov,,07/27/2021,,,True,
2020,State Department,"Conservation Corps, California",,Conservationist II,False,False,,56544,70236,,62622,29517,0,950,93089,14205,0,0,18268,32473,2.00% @ 55,https://www.calhr.ca.gov,,07/27/2021,,,True,
2020,State Department,"Conservation Corps, California",,"Conservationist I, Range B",False,False,,46068,57000,,49329,42723,0,950,93002,11554,0,0,22463,34017,2.00% @ 55,https://www.calhr.ca.gov,,07/27/2021,,,True,
2020,State Department,"Conservation Corps, California",,Staff Services Manager II (Managerial),False,False,,89304,101436,,91368,0,0,1450,92818,29065,0,0,23500,52566,2.00% @ 55,https://www.calhr.ca.gov,,07/27/2021,,,True,
2020,State Department,"Conservation Corps, California",,"Conservationist I, Range B",False,False,,46068,57000,,56749,34277,0,1250,92277,11665,0,0,22487,34152,2.50% @ 55,https://www.calhr.ca.gov,,07/27/2021,,,True,
2020,State Department,"Conservation Corps, California",,"Conservationist I, Range B",False,False,,46068,57000,,49002,41264,0,950,91216,11665,0,0,17795,29460,2.00% @ 55,https://www.calhr.ca.gov,,07/27/2021,,,True,
2020,State Department,"Conservation Corps, California",,Staff Services Manager II (Managerial),False,False,,89304,101436,,89703,0,0,1450,91153,26169,0,0,23245,49413,2.00% @ 55,https://www.calhr.ca.gov,,07/27/2021,,,True,
2020,State Department,"Conservation Corps, California",,"Conservationist I, Range B",False,False,,46068,57000,,52986,19790,17239,950,90965,11196,0,0,4178,15374,2.00% @ 55,https://www.calhr.ca.gov,,07/27/2021,,,True,
2020,State Department,"Conservation Corps, California",,"Conservationist I, Range B",False,False,,46068,57000,,44772,44580,0,1405,90758,10144,0,0,9785,19930,2.50% @ 55,https://www.calhr.ca.gov,,07/27/2021,,,True,
2020,State Department,"Conservation Corps, California",,Staff Services Manager II (Managerial),False,False,,89304,101436,,89146,0,0,1450,90596,29273,0,0,18793,48066,2.00% @ 55,https://www.calhr.ca.gov,,07/27/2021,,,True,
2020,State Department,"Conservation Corps, California",,Staff Services Manager II (Managerial),False,False,,89304,101436,,89270,0,0,1300,90570,26831,0,0,3590,30421,2.00% @ 55,https://www.calhr.ca.gov,,07/27/2021,,,True,
2020,State Department,"Conservation Corps, California",,Conservationist II,False,False,,56544,70236,,57058,31933,0,1250,90241,11859,0,0,17825,29684,2.00% @ 55,https://www.calhr.ca.gov,,07/27/2021,,,True,
2020,State Department,"Conservation Corps, California",,Conservationist II,False,False,,56544,70236,,67654,21349,0,950,89953,14374,0,0,4687,19061,2.50% @ 55,https://www.calhr.ca.gov,,07/27/2021,,,True,
2020,State Department,"Conservation Corps, California",,Staff Services Manager II (Managerial),False,False,,89304,101436,,88583,0,0,1300,89883,29273,0,0,18793,48066,2.00% @ 55,https://www.calhr.ca.gov,,07/27/2021,,,True,
2020,State Department,"Conservation Corps, California",,Conservationist II,False,False,,56544,70236,,61059,27785,0,950,89793,12909,0,0,4403,17311,2.50% @ 55,https://www.calhr.ca.gov,,07/27/2021,,,True,
2020,State Department,"Conservation Corps, California",,"Conservationist I, Range B",False,False,,46068,57000,,51868,36928,0,950,89746,11665,0,0,10079,21744,2.00% @ 55,https://www.calhr.ca.gov,,07/27/2021,,,True,
2020,State Department,"Conservation Corps, California",,Staff Services Manager II (Managerial),False,False,,89304,101436,,88168,0,0,1450,89618,29273,0,0,23521,52794,2.00% @ 55,https://www.calhr.ca.gov,,07/27/2021,,,True,
2020,State Department,"Conservation Corps, California",,"Conservationist I, Range B",False,False,,46068,57000,,43710,44600,0,950,89261,11665,0,0,22487,34152,2.50% @ 55,https://www.calhr.ca.gov,,07/27/2021,,,True,
2020,State Department,"Conservation Corps, California",,"Conservationist I, Range B",False,False,,46068,57000,,59081,28947,0,1010,89037,11628,0,0,17795,29422,2.50% @ 55,https://www.calhr.ca.gov,,07/27/2021,,,True,
2020,State Department,"Conservation Corps, California",,Staff Services Manager I,False,False,,73488,91296,,87075,0,0,1901,88976,26326,0,0,11307,37633,2.00% @ 55,https://www.calhr.ca.gov,,07/27/2021,,,True,
2020,State Department,"Conservation Corps, California",,Staff Services Manager II (Managerial),False,False,,89304,101436,,87321,0,0,1600,88921,29273,0,0,23521,52794,2.00% @ 55,https://www.calhr.ca.gov,,07/27/2021,,,True,
2020,State Department,"Conservation Corps, California",,"Conservationist I, Range B",False,False,,46068,57000,,50292,37526,0,950,88768,11310,0,0,10004,21314,2.00% @ 55,https://www.calhr.ca.gov,,07/27/2021,,,True,
2020,State Department,"Conservation Corps, California",,"Conservationist I, Range B",False,False,,46068,57000,,51083,36134,0,950,88167,11665,0,0,10079,21744,2.50% @ 55,https://www.calhr.ca.gov,,07/27/2021,,,True,
2020,State Department,"Conservation Corps, California",,"Associate Construction Analyst, Range A",False,False,,93636,117168,,88139,0,0,0,88139,27438,0,0,3627,31065,2.00% @ 55,https://www.calhr.ca.gov,,07/27/2021,,,True,
2020,State Department,"Conservation Corps, California",,"Conservationist I, Range B",False,False,,46068,57000,,40518,46165,941,0,87623,8020,0,0,6398,14419,2.50% @ 55,https://www.calhr.ca.gov,,07/27/2021,,,True,
2020,State Department,"Conservation Corps, California",,"Information Technology Associate, Range D",False,False,,66828,89556,,79936,5971,0,1300,87207,25079,0,0,10123,35202,2.00% @ 55,https://www.calhr.ca.gov,,07/27/2021,,,True,
2020,State Department,"Conservation Corps, California",,"Conservationist I, Range B",False,False,,46068,57000,,47325,38750,0,950,87025,10954,0,0,22345,33299,2.50% @ 55,https://www.calhr.ca.gov,,07/27/2021,,,True,
2020,State Department,"Conservation Corps, California",,"Conservationist I, Range B",False,False,,46068,57000,,51032,33743,0,1820,86595,11857,0,0,17823,29679,2.00% @ 55,https://www.calhr.ca.gov,,07/27/2021,,,True,
2020,State Department,"Conservation Corps, California",,Staff Services Manager II (Managerial),False,False,,89304,101436,,84943,0,0,1300,86243,27060,0,0,23315,50375,2.00% @ 55,https://www.calhr.ca.gov,,07/27/2021,,,True,
2020,State Department,"Conservation Corps, California",,Conservationist II,False,False,,56544,70236,,61882,23459,0,821,86163,14374,0,0,22996,37370,2.50% @ 55,https://www.calhr.ca.gov,,07/27/2021,,,True,
2020,State Department,"Conservation Corps, California",,Conservationist II,False,False,,56544,70236,,64286,20100,0,950,85336,14374,0,0,10588,24962,2.50% @ 55,https://www.calhr.ca.gov,,07/27/2021,,,True,
2020,State Department,"Conservation Corps, California",,"Conservationist I, Range B",False,False,,46068,57000,,53151,31058,0,950,85159,11665,0,0,3948,15614,2.50% @ 55,https://www.calhr.ca.gov,,07/27/2021,,,True,
2020,State Department,"Conservation Corps, California",,"C.E.A., Range A",False,False,,89304,210156,,73790,0,10959,260,85009,23856,0,0,8232,32088,2.00% @ 55,https://www.calhr.ca.gov,,07/27/2021,,,True,
2020,State Department,"Conservation Corps, California",,"Conservationist I, Range B",False,False,,46068,57000,,50467,32455,0,1908,84831,11873,0,0,22517,34390,2.50% @ 55,https://www.calhr.ca.gov,,07/27/2021,,,True,
2020,State Department,"Conservation Corps, California",,Conservationist II,False,False,,56544,70236,,53563,29874,0,950,84387,12691,0,0,17979,30671,2.50% @ 55,https://www.calhr.ca.gov,,07/27/2021,,,True,
2020,State Department,"Conservation Corps, California",,"Conservationist I, Range B",False,False,,46068,57000,,45041,38701,0,396,84137,9298,0,0,9672,18970,2.50% @ 55,https://www.calhr.ca.gov,,07/27/2021,,,True,
2020,State Department,"Conservation Corps, California",,"Conservationist I, Range B",False,False,,46068,57000,,53409,29640,0,950,83999,11665,0,0,10079,21744,2.00% @ 55,https://www.calhr.ca.gov,,07/27/2021,,,True,
2020,State Department,"Conservation Corps, California",,Staff Services Manager I,False,False,,73488,91296,,82461,0,0,1300,83761,26347,0,0,23260,49607,1.25% @ 65,https://www.calhr.ca.gov,,07/27/2021,,,True,
2020,State Department,"Conservation Corps, California",,Staff Services Manager I,False,False,,73488,91296,,82360,0,0,1300,83660,26347,0,0,23260,49607,2.00% @ 55,https://www.calhr.ca.gov,,07/27/2021,,,True,
2020,State Department,"Conservation Corps, California",,Conservationist II,False,False,,56544,70236,,56037,26617,0,950,83604,14374,0,0,22996,37370,2.50% @ 55,https://www.calhr.ca.gov,,07/27/2021,,,True,
2020,State Department,"Conservation Corps, California",,"Conservationist I, Range B",False,False,,46068,57000,,54618,27999,0,950,83567,11628,0,0,10069,21697,2.00% @ 55,https://www.calhr.ca.gov,,07/27/2021,,,True,
2020,State Department,"Conservation Corps, California",,"Administrative Officer II, Resources Agency",False,False,,66852,83064,,75668,6550,0,1300,83518,23971,0,0,18321,42292,1.25% @ 65,https://www.calhr.ca.gov,,07/27/2021,,,True,
2020,State Department,"Conservation Corps, California",,Conservationist Supervisor,False,False,,71256,88560,,82768,0,0,580,83348,24258,0,0,24140,48398,2.00% @ 55,https://www.calhr.ca.gov,,07/27/2021,,,True,
2020,State Department,"Conservation Corps, California",,"Conservationist I, Range B",False,False,,46068,57000,,43599,38492,0,950,83041,9243,0,0,9597,18840,2.50% @ 55,https://www.calhr.ca.gov,,07/27/2021,,,True,
2020,State Department,"Conservation Corps, California",,Conservationist Supervisor,False,False,,71256,88560,,82425,0,0,580,83005,25375,0,0,24298,49673,2.00% @ 55,https://www.calhr.ca.gov,,07/27/2021,,,True,
2020,State Department,"Conservation Corps, California",,"Conservationist I, Range B",False,False,,46068,57000,,43805,37873,0,950,82628,9900,0,0,9739,19639,2.50% @ 55,https://www.calhr.ca.gov,,07/27/2021,,,True,
2020,State Department,"Conservation Corps, California",,"Conservationist I, Range B",False,False,,46068,57000,,50083,31551,0,950,82585,11665,0,0,10079,21744,2.50% @ 55,https://www.calhr.ca.gov,,07/27/2021,,,True,
2020,State Department,"Conservation Corps, California",,"Conservationist I, Range B",False,False,,46068,57000,,49426,31983,0,950,82359,11665,0,0,22487,34152,2.50% @ 55,https://www.calhr.ca.gov,,07/27/2021,,,True,
2020,State Department,"Conservation Corps, California",,"Conservationist I, Range B",False,False,,46068,57000,,41315,39867,0,950,82131,9264,0,0,9601,18865,2.50% @ 55,https://www.calhr.ca.gov,,07/27/2021,,,True,
2020,State Department,"Conservation Corps, California",,Conservationist II,False,False,,56544,70236,,54112,26998,0,1000,82110,12703,0,0,17981,30684,2.50% @ 55,https://www.calhr.ca.gov,,07/27/2021,,,True,
2020,State Department,"Conservation Corps, California",,Staff Services Manager II (Managerial),False,False,,89304,101436,,80610,0,0,1450,82060,27373,0,0,23349,50722,2.00% @ 55,https://www.calhr.ca.gov,,07/27/2021,,,True,
2020,State Department,"Conservation Corps, California",,Staff Services Manager II (Managerial),False,False,,89304,101436,,80477,0,0,1300,81777,27134,0,0,23324,50458,2.00% @ 55,https://www.calhr.ca.gov,,07/27/2021,,,True,
2020,State Department,"Conservation Corps, California",,Staff Services Manager I,False,False,,73488,91296,,80246,0,0,1300,81546,24901,0,0,17724,42625,2.00% @ 55,https://www.calhr.ca.gov,,07/27/2021,,,True,
2020,State Department,"Conservation Corps, California",,"Information Technology Specialist I, Range C",False,False,,80580,107988,,80186,0,0,1300,81486,24069,0,0,3248,27317,2.00% @ 55,https://www.calhr.ca.gov,,07/27/2021,,,True,
2020,State Department,"Conservation Corps, California",,"Conservationist I, Range B",False,False,,46068,57000,,51136,29229,0,950,81315,11665,0,0,10079,21744,2.50% @ 55,https://www.calhr.ca.gov,,07/27/2021,,,True,
2020,State Department,"Conservation Corps, California",,Accounting Administrator I (Supervisor),False,False,,73488,91296,,79492,0,0,1760,81252,25363,0,0,23165,48528,2.00% @ 55,https://www.calhr.ca.gov,,07/27/2021,,,True,
2020,State Department,"Conservation Corps, California",,Staff Services Manager I,False,False,,73488,91296,,79940,0,0,1300,81240,25429,0,0,23172,48601,2.00% @ 55,https://www.calhr.ca.gov,,07/27/2021,,,True,
2020,State Department,"Conservation Corps, California",,Conservationist II,False,False,,56544,70236,,67038,13211,0,950,81199,14374,0,0,10588,24962,2.50% @ 55,https://www.calhr.ca.gov,,07/27/2021,,,True,
2020,State Department,"Conservation Corps, California",,"Conservationist I, Range B",False,False,,46068,57000,,54645,25325,0,980,80950,11647,0,0,10072,21719,2.00% @ 55,https://www.calhr.ca.gov,,07/27/2021,,,True,
2020,State Department,"Conservation Corps, California",,"Associate Governmental Program Analyst, Range A",False,False,,61788,77352,,68957,10570,0,1300,80827,22323,0,0,22284,44607,2.00% @ 55,https://www.calhr.ca.gov,,07/27/2021,,,True,
2020,State Department,"Conservation Corps, California",,Conservationist Supervisor,False,False,,71256,88560,,80817,0,0,0,80817,24310,0,0,11594,35904,2.00% @ 55,https://www.calhr.ca.gov,,07/27/2021,,,True,
2020,State Department,"Conservation Corps, California",,"Conservationist I, Range B",False,False,,46068,57000,,49330,30202,0,957,80488,11665,0,0,22487,34152,2.50% @ 55,https://www.calhr.ca.gov,,07/27/2021,,,True,
2020,State Department,"Conservation Corps, California",,"Conservationist I, Range B",False,False,,46068,57000,,49707,29784,0,950,80441,11665,0,0,10079,21744,2.50% @ 55,https://www.calhr.ca.gov,,07/27/2021,,,True,
2020,State Department,"Conservation Corps, California",,Conservationist Supervisor,False,False,,71256,88560,,80254,0,0,0,80254,25557,0,0,19596,45154,2.00% @ 55,https://www.calhr.ca.gov,,07/27/2021,,,True,
2020,State Department,"Conservation Corps, California",,"Conservationist I, Range B",False,False,,46068,57000,,49238,29941,0,950,80130,11665,0,0,22487,34152,2.50% @ 55,https://www.calhr.ca.gov,,07/27/2021,,,True,
2020,State Department,"Conservation Corps, California",,Conservationist Supervisor,False,False,,71256,88560,,79349,0,0,580,79929,25557,0,0,24324,49882,2.00% @ 55,https://www.calhr.ca.gov,,07/27/2021,,,True,
2020,State Department,"Conservation Corps, California",,Conservationist II,False,False,,56544,70236,,41375,39156,0,-691,79839,9556,0,0,20219,29775,2.50% @ 55,https://www.calhr.ca.gov,,07/27/2021,,,True,
2020,State Department,"Conservation Corps, California",,Staff Services Manager I,False,False,,73488,91296,,78390,0,0,1307,79697,24178,0,0,10513,34691,2.00% @ 60,https://www.calhr.ca.gov,,07/27/2021,,,True,
2020,State Department,"Conservation Corps, California",,"Conservationist I, Range B",False,False,,46068,57000,,40805,37860,0,950,79615,11665,0,0,22487,34152,2.50% @ 55,https://www.calhr.ca.gov,,07/27/2021,,,True,
2020,State Department,"Conservation Corps, California",,Conservationist Supervisor,False,False,,71256,88560,,79022,0,0,580,79602,25557,0,0,24324,49882,2.00% @ 55,https://www.calhr.ca.gov,,07/27/2021,,,True,
2020,State Department,"Conservation Corps, California",,Conservationist Supervisor,False,False,,71256,88560,,79016,0,0,580,79596,25557,0,0,19596,45154,2.00% @ 55,https://www.calhr.ca.gov,,07/27/2021,,,True,
2020,State Department,"Conservation Corps, California",,Conservationist Supervisor,False,False,,71256,88560,,79519,0,0,0,79519,25186,0,0,24270,49456,2.00% @ 55,https://www.calhr.ca.gov,,07/27/2021,,,True,
2020,State Department,"Conservation Corps, California",,Conservationist Supervisor,False,False,,71256,88560,,78926,0,0,580,79506,25059,0,0,19530,44589,1.25% @ 65,https://www.calhr.ca.gov,,07/27/2021,,,True,
2020,State Department,"Conservation Corps, California",,Conservationist II,False,False,,56544,70236,,54757,23416,0,980,79153,12290,0,0,10189,22479,2.50% @ 55,https://www.calhr.ca.gov,,07/27/2021,,,True,
2020,State Department,"Conservation Corps, California",,"Conservationist I, Range B",False,False,,46068,57000,,46401,31691,0,871,78963,9770,0,0,9716,19487,2.50% @ 55,https://www.calhr.ca.gov,,07/27/2021,,,True,
2020,State Department,"Conservation Corps, California",,"Conservationist I, Range B",False,False,,46068,57000,,43401,34116,0,950,78467,9814,0,0,9724,19537,2.50% @ 55,https://www.calhr.ca.gov,,07/27/2021,,,True,
2020,State Department,"Conservation Corps, California",,"Conservationist I, Range B",False,False,,46068,57000,,49003,28475,0,950,78428,11665,0,0,22487,34152,2.50% @ 55,https://www.calhr.ca.gov,,07/27/2021,,,True,
2020,State Department,"Conservation Corps, California",,"Conservationist I, Range B",False,False,,46068,57000,,43495,33922,0,950,78367,10215,0,0,9800,20014,2.50% @ 55,https://www.calhr.ca.gov,,07/27/2021,,,True,
2020,State Department,"Conservation Corps, California",,Conservationist Supervisor,False,False,,71256,88560,,77572,0,0,580,78152,25557,0,0,24324,49882,2.00% @ 55,https://www.calhr.ca.gov,,07/27/2021,,,True,
2020,State Department,"Conservation Corps, California",,"Conservationist I, Range B",False,False,,46068,57000,,47976,29101,0,950,78028,10046,0,0,3868,13914,2.50% @ 55,https://www.calhr.ca.gov,,07/27/2021,,,True,
2020,State Department,"Conservation Corps, California",,Conservationist Supervisor,False,False,,71256,88560,,77245,0,0,580,77825,25557,0,0,24324,49882,2.00% @ 55,https://www.calhr.ca.gov,,07/27/2021,,,True,
2020,State Department,"Conservation Corps, California",,"Conservationist I, Range B",False,False,,46068,57000,,45075,31507,0,1220,77802,10230,0,0,9802,20032,2.50% @ 55,https://www.calhr.ca.gov,,07/27/2021,,,True,
2020,State Department,"Conservation Corps, California",,Conservationist II,False,False,,56544,70236,,54939,21974,0,788,77701,11615,0,0,10061,21676,2.50% @ 55,https://www.calhr.ca.gov,,07/27/2021,,,True,
2020,State Department,"Conservation Corps, California",,Conservationist II,False,False,,56544,70236,,59880,16867,0,950,77696,14374,0,0,22996,37370,2.50% @ 55,https://www.calhr.ca.gov,,07/27/2021,,,True,
2020,State Department,"Conservation Corps, California",,"Conservationist I, Range B",False,False,,46068,57000,,50822,25596,0,998,77416,14989,0,0,9665,24654,2.50% @ 55,https://www.calhr.ca.gov,,07/27/2021,,,True,
2020,State Department,"Conservation Corps, California",,Conservationist Supervisor,False,False,,71256,88560,,75857,0,0,1538,77395,25557,0,0,19596,45154,2.00% @ 55,https://www.calhr.ca.gov,,07/27/2021,,,True,
2020,State Department,"Conservation Corps, California",,Staff Services Manager I,False,False,,73488,91296,,75810,0,0,1300,77110,23598,0,0,10461,34059,2.00% @ 60,https://www.calhr.ca.gov,,07/27/2021,,,True,
2020,State Department,"Conservation Corps, California",,Conservationist Supervisor,False,False,,71256,88560,,76460,0,0,580,77040,22934,0,0,5031,27965,2.00% @ 55,https://www.calhr.ca.gov,,07/27/2021,,,True,
2020,State Department,"Conservation Corps, California",,"Conservationist I, Range B",False,False,,46068,57000,,44911,30258,0,792,75961,9428,0,0,9633,19061,2.50% @ 55,https://www.calhr.ca.gov,,07/27/2021,,,True,
2020,State Department,"Conservation Corps, California",,"Conservationist I, Range B",False,False,,46068,57000,,42564,31943,0,1225,75732,9234,0,0,8353,17587,2.50% @ 55,https://www.calhr.ca.gov,,07/27/2021,,,True,
2020,State Department,"Conservation Corps, California",,"Conservationist I, Range B",False,False,,46068,57000,,50368,24331,0,950,75650,11665,0,0,17795,29460,2.00% @ 55,https://www.calhr.ca.gov,,07/27/2021,,,True,
2020,State Department,"Conservation Corps, California",,"Associate Governmental Program Analyst, Range A",False,False,,61788,77352,,74319,0,0,1300,75619,22323,0,0,3090,25413,2.00% @ 55,https://www.calhr.ca.gov,,07/27/2021,,,True,
2020,State Department,"Conservation Corps, California",,"Conservationist I, Range B",False,False,,46068,57000,,50929,23677,0,950,75556,11591,0,0,17778,29369,2.00% @ 55,https://www.calhr.ca.gov,,07/27/2021,,,True,
2020,State Department,"Conservation Corps, California",,Conservationist II,False,False,,56544,70236,,56209,18377,0,780,75367,15140,0,0,22305,37445,2.50% @ 55,https://www.calhr.ca.gov,,07/27/2021,,,True,
2020,State Department,"Conservation Corps, California",,"Conservationist I, Range B",False,False,,46068,57000,,38784,35891,0,482,75157,10393,0,0,21457,31851,2.00% @ 55,https://www.calhr.ca.gov,,07/27/2021,,,True,
2020,State Department,"Conservation Corps, California",,"Conservationist I, Range B",False,False,,46068,57000,,47059,26796,0,1225,75079,9900,0,0,9739,19639,2.50% @ 55,https://www.calhr.ca.gov,,07/27/2021,,,True,
2020,State Department,"Conservation Corps, California",,Conservationist Supervisor,False,False,,71256,88560,,74190,0,0,580,74770,23836,0,0,11530,35366,2.00% @ 55,https://www.calhr.ca.gov,,07/27/2021,,,True,
2020,State Department,"Conservation Corps, California",,"Conservationist I, Range B",False,False,,46068,57000,,49330,24427,0,950,74707,11665,0,0,22487,34152,2.50% @ 55,https://www.calhr.ca.gov,,07/27/2021,,,True,
2020,State Department,"Conservation Corps, California",,"Conservationist I, Range B",False,False,,46068,57000,,36050,38234,0,51,74334,7933,0,0,7918,15851,2.50% @ 55,https://www.calhr.ca.gov,,07/27/2021,,,True,
2020,State Department,"Conservation Corps, California",,"Administrative Officer II, Resources Agency",False,False,,66852,83064,,70174,417,0,3583,74174,22392,0,0,10337,32729,2.00% @ 55,https://www.calhr.ca.gov,,07/27/2021,,,True,
2020,State Department,"Conservation Corps, California",,"Conservationist I, Range B",False,False,,46068,57000,,45016,26816,0,2276,74108,12250,0,0,22553,34803,2.50% @ 55,https://www.calhr.ca.gov,,07/27/2021,,,True,
2020,State Department,"Conservation Corps, California",,"Conservationist I, Range B",False,False,,46068,57000,,48614,24380,0,950,73944,10350,0,0,9824,20174,2.50% @ 55,https://www.calhr.ca.gov,,07/27/2021,,,True,
2020,State Department,"Conservation Corps, California",,"Conservationist I, Range B",False,False,,46068,57000,,51886,20745,0,980,73611,10928,0,0,4778,15706,2.50% @ 55,https://www.calhr.ca.gov,,07/27/2021,,,True,
2020,State Department,"Conservation Corps, California",,Staff Services Manager II (Managerial),False,False,,89304,101436,,69275,2793,0,1300,73367,21246,0,0,9737,30984,2.00% @ 55,https://www.calhr.ca.gov,,07/27/2021,,,True,
2020,State Department,"Conservation Corps, California",,Conservationist Supervisor,False,False,,71256,88560,,73353,0,0,0,73353,21409,0,0,23727,45136,2.00% @ 55,https://www.calhr.ca.gov,,07/27/2021,,,True,
2020,State Department,"Conservation Corps, California",,Conservationist II,False,False,,56544,70236,,51826,20225,0,980,73031,12034,0,0,10139,22172,2.50% @ 55,https://www.calhr.ca.gov,,07/27/2021,,,True,
2020,State Department,"Conservation Corps, California",,Staff Services Manager I,False,False,,73488,91296,,71721,0,0,1300,73021,22609,0,0,10377,32986,2.00% @ 55,https://www.calhr.ca.gov,,07/27/2021,,,True,
2020,State Department,"Conservation Corps, California",,Conservationist Supervisor,False,False,,71256,88560,,71703,0,0,1190,72893,24596,0,0,24184,48781,2.00% @ 55,https://www.calhr.ca.gov,,07/27/2021,,,True,
2020,State Department,"Conservation Corps, California",,"Conservationist I, Range B",False,False,,46068,57000,,41705,30635,0,358,72698,9684,0,0,21551,31235,2.50% @ 55,https://www.calhr.ca.gov,,07/27/2021,,,True,
2020,State Department,"Conservation Corps, California",,"Conservationist I, Range B",False,False,,46068,57000,,42150,28634,0,1881,72664,9666,0,0,9685,19351,2.50% @ 55,https://www.calhr.ca.gov,,07/27/2021,,,True,
2020,State Department,"Conservation Corps, California",,"Conservationist I, Range B",False,False,,46068,57000,,49079,22424,0,1130,72633,11251,0,0,9991,21241,2.50% @ 55,https://www.calhr.ca.gov,,07/27/2021,,,True,
2020,State Department,"Conservation Corps, California",,"Associate Personnel Analyst, Range A",False,False,,61788,77352,,71273,0,0,1300,72573,22323,0,0,9875,32198,2.00% @ 55,https://www.calhr.ca.gov,,07/27/2021,,,True,
2020,State Department,"Conservation Corps, California",,"Conservationist I, Range B",False,False,,46068,57000,,43941,28076,0,554,72572,9598,0,0,17401,27000,2.50% @ 55,https://www.calhr.ca.gov,,07/27/2021,,,True,
2020,State Department,"Conservation Corps, California",,"Associate Governmental Program Analyst, Range A",False,False,,61788,77352,,61708,893,8589,1197,72386,19901,0,0,16406,36307,2.00% @ 55,https://www.calhr.ca.gov,,07/27/2021,,,True,
2020,State Department,"Conservation Corps, California",,"Associate Governmental Program Analyst, Range A",False,False,,61788,77352,,70932,0,0,1300,72232,22323,0,0,10231,32553,1.25% @ 65,https://www.calhr.ca.gov,,07/27/2021,,,True,
2020,State Department,"Conservation Corps, California",,"Conservationist I, Range B",False,False,,46068,57000,,41071,30170,0,950,72191,10087,0,0,9554,19641,2.50% @ 55,https://www.calhr.ca.gov,,07/27/2021,,,True,
2020,State Department,"Conservation Corps, California",,"Administrative Officer II, Resources Agency",False,False,,66852,83064,,70835,0,0,1300,72135,20423,0,0,22733,43156,2.00% @ 55,https://www.calhr.ca.gov,,07/27/2021,,,True,
2020,State Department,"Conservation Corps, California",,"Senior Accounting Officer (Specialist), Range A",False,False,,61788,77352,,70223,446,0,1300,71969,22323,0,0,17599,39921,2.00% @ 55,https://www.calhr.ca.gov,,07/27/2021,,,True,
2020,State Department,"Conservation Corps, California",,Associate Director of Communications,False,False,,77232,83352,,70578,0,0,1300,71878,22402,0,0,9744,32146,2.00% @ 60,https://www.calhr.ca.gov,,07/27/2021,,,True,
2020,State Department,"Conservation Corps, California",,"Conservationist I, Range B",False,False,,46068,57000,,44369,26503,0,950,71822,10495,0,0,19221,29717,2.50% @ 55,https://www.calhr.ca.gov,,07/27/2021,,,True,
2020,State Department,"Conservation Corps, California",,"Conservationist I, Range B",False,False,,46068,57000,,53547,17872,0,238,71656,11665,0,0,2249,13914,2.50% @ 55,https://www.calhr.ca.gov,,07/27/2021,,,True,
2020,State Department,"Conservation Corps, California",,Staff Services Manager I,False,False,,73488,91296,,70331,0,0,1300,71631,22353,0,0,18170,40523,2.00% @ 55,https://www.calhr.ca.gov,,07/27/2021,,,True,
2020,State Department,"Conservation Corps, California",,"Conservationist I, Range B",False,False,,46068,57000,,43975,26513,0,1092,71580,9307,0,0,9609,18916,2.50% @ 55,https://www.calhr.ca.gov,,07/27/2021,,,True,
2020,State Department,"Conservation Corps, California",,Conservationist II,False,False,,56544,70236,,63039,7327,0,950,71316,14374,0,0,18304,32678,2.50% @ 55,https://www.calhr.ca.gov,,07/27/2021,,,True,
2020,State Department,"Conservation Corps, California",,"Information Technology Associate, Range D",False,False,,66828,89556,,70161,0,0,1145,71305,22256,0,0,17576,39832,2.00% @ 55,https://www.calhr.ca.gov,,07/27/2021,,,True,
2020,State Department,"Conservation Corps, California",,"Conservationist I, Range B",False,False,,46068,57000,,44874,26288,0,70,71233,8881,0,0,21313,30194,2.50% @ 55,https://www.calhr.ca.gov,,07/27/2021,,,True,
2020,State Department,"Conservation Corps, California",,Conservationist Supervisor,False,False,,71256,88560,,70299,0,0,580,70879,23335,0,0,24016,47351,2.00% @ 55,https://www.calhr.ca.gov,,07/27/2021,,,True,
2020,State Department,"Conservation Corps, California",,"Associate Governmental Program Analyst, Range A",False,False,,61788,77352,,69383,0,0,1300,70683,22323,0,0,9836,32159,2.00% @ 55,https://www.calhr.ca.gov,,07/27/2021,,,True,
2020,State Department,"Conservation Corps, California",,"Conservationist I, Range B",False,False,,46068,57000,,42207,27438,0,950,70595,9567,0,0,9679,19246,2.50% @ 55,https://www.calhr.ca.gov,,07/27/2021,,,True,
2020,State Department,"Conservation Corps, California",,"Associate Governmental Program Analyst, Range A",False,False,,61788,77352,,69222,0,0,1300,70522,22323,0,0,21659,43982,2.00% @ 55,https://www.calhr.ca.gov,,07/27/2021,,,True,
2020,State Department,"Conservation Corps, California",,"Associate Governmental Program Analyst, Range A",False,False,,61788,77352,,67664,1544,0,1224,70432,21583,0,0,18599,40183,2.00% @ 55,https://www.calhr.ca.gov,,07/27/2021,,,True,
2020,State Department,"Conservation Corps, California",,Information Officer II,False,False,,76848,95484,,65890,2932,0,1300,70121,20503,0,0,9693,30196,2.00% @ 55,https://www.calhr.ca.gov,,07/27/2021,,,True,
2020,State Department,"Conservation Corps, California",,Personnel Supervisor I,False,False,,55572,69564,,64396,812,0,4801,70009,19819,0,0,3423,23242,2.00% @ 55,https://www.calhr.ca.gov,,07/27/2021,,,True,
2020,State Department,"Conservation Corps, California",,"Associate Governmental Program Analyst, Range A",False,False,,61788,77352,,68674,0,0,1300,69974,21755,0,0,17119,38874,2.00% @ 55,https://www.calhr.ca.gov,,07/27/2021,,,True,
2020,State Department,"Conservation Corps, California",,"Conservationist I, Range B",False,False,,46068,57000,,43420,25331,0,950,69702,9727,0,0,9708,19436,2.50% @ 55,https://www.calhr.ca.gov,,07/27/2021,,,True,
2020,State Department,"Conservation Corps, California",,Conservationist Supervisor,False,False,,71256,88560,,69068,0,0,580,69648,21226,0,0,2944,24170,2.00% @ 55,https://www.calhr.ca.gov,,07/27/2021,,,True,
2020,State Department,"Conservation Corps, California",,"Associate Governmental Program Analyst, Range A",False,False,,61788,77352,,68031,0,0,1300,69331,21175,0,0,9731,30906,2.00% @ 60,https://www.calhr.ca.gov,,07/27/2021,,,True,
2020,State Department,"Conservation Corps, California",,"Conservationist I, Range B",False,False,,46068,57000,,43996,23807,0,1334,69137,11031,0,0,9937,20968,2.50% @ 55,https://www.calhr.ca.gov,,07/27/2021,,,True,
2020,State Department,"Conservation Corps, California",,Conservationist Supervisor,False,False,,71256,88560,,68315,0,0,580,68895,23603,0,0,24052,47655,2.00% @ 55,https://www.calhr.ca.gov,,07/27/2021,,,True,
2020,State Department,"Conservation Corps, California",,"Associate Governmental Program Analyst, Range A",False,False,,61788,77352,,67516,0,0,1300,68816,22007,0,0,22255,44262,2.00% @ 55,https://www.calhr.ca.gov,,07/27/2021,,,True,
2020,State Department,"Conservation Corps, California",,Accounting Administrator I (Supervisor),False,False,,73488,91296,,67396,0,0,1300,68696,23483,0,0,23000,46483,2.00% @ 55,https://www.calhr.ca.gov,,07/27/2021,,,True,
2020,State Department,"Conservation Corps, California",,"Associate Governmental Program Analyst, Range A",False,False,,61788,77352,,66325,0,0,2250,68575,16781,0,0,9977,26759,2.00% @ 55,https://www.calhr.ca.gov,,07/27/2021,,,True,
2020,State Department,"Conservation Corps, California",,"Conservationist I, Range B",False,False,,46068,57000,,54722,12603,0,950,68275,11665,0,0,10079,21744,2.50% @ 55,https://www.calhr.ca.gov,,07/27/2021,,,True,
2020,State Department,"Conservation Corps, California",,"Conservationist I, Range B",False,False,,46068,57000,,45253,22435,0,520,68208,10395,0,0,17424,27819,2.50% @ 55,https://www.calhr.ca.gov,,07/27/2021,,,True,
2020,State Department,"Conservation Corps, California",,"Information Technology Specialist I, Range C",False,False,,80580,107988,,62829,4078,0,1300,68206,21007,0,0,21548,42555,2.00% @ 55,https://www.calhr.ca.gov,,07/27/2021,,,True,
2020,State Department,"Conservation Corps, California",,"Associate Governmental Program Analyst, Range A",False,False,,61788,77352,,66393,206,0,1300,67900,21308,0,0,21568,42875,2.00% @ 60,https://www.calhr.ca.gov,,07/27/2021,,,True,
2020,State Department,"Conservation Corps, California",,Conservationist Supervisor,False,False,,71256,88560,,65432,422,0,950,66804,17411,0,0,10763,28175,2.00% @ 55,https://www.calhr.ca.gov,,07/27/2021,,,True,
2020,State Department,"Conservation Corps, California",,"Associate Accounting Analyst, Range A",False,False,,64872,81252,,64645,696,0,1300,66641,20290,0,0,9320,29609,2.00% @ 60,https://www.calhr.ca.gov,,07/27/2021,,,True,
2020,State Department,"Conservation Corps, California",,"Administrative Officer II, Resources Agency",False,False,,66852,83064,,63414,0,0,3059,66473,19504,0,0,2907,22411,2.00% @ 55,https://www.calhr.ca.gov,,07/27/2021,,,True,
2020,State Department,"Conservation Corps, California",,"Conservationist I, Range B",False,False,,46068,57000,,44378,20857,0,950,66184,9936,0,0,9747,19683,2.50% @ 55,https://www.calhr.ca.gov,,07/27/2021,,,True,
2020,State Department,"Conservation Corps, California",,"Associate Governmental Program Analyst, Range A",False,False,,61788,77352,,64847,0,0,1300,66147,20904,0,0,21529,42433,2.00% @ 55,https://www.calhr.ca.gov,,07/27/2021,,,True,
2020,State Department,"Conservation Corps, California",,"Associate Accounting Analyst, Range A",False,False,,64872,81252,,64740,0,0,1300,66040,19775,0,0,2337,22112,2.00% @ 60,https://www.calhr.ca.gov,,07/27/2021,,,True,
2020,State Department,"Conservation Corps, California",,"Associate Governmental Program Analyst, Range A",False,False,,61788,77352,,64353,305,0,1359,66017,22264,0,0,20173,42437,2.00% @ 55,https://www.calhr.ca.gov,,07/27/2021,,,True,
2020,State Department,"Conservation Corps, California",,"Conservationist I, Range A",False,False,,35880,43644,,37162,28432,0,396,65991,7740,0,0,9336,17075,2.50% @ 55,https://www.calhr.ca.gov,,07/27/2021,,,True,
2020,State Department,"Conservation Corps, California",,"Associate Personnel Analyst, Range L",False,False,,63648,79680,,64193,0,0,1300,65493,19204,0,0,2913,22117,2.00% @ 55,https://www.calhr.ca.gov,,07/27/2021,,,True,
2020,State Department,"Conservation Corps, California",,"Associate Governmental Program Analyst, Range A",False,False,,61788,77352,,66800,0,0,-1381,65420,19926,0,0,11045,30971,2.00% @ 55,https://www.calhr.ca.gov,,07/27/2021,,,True,
2020,State Department,"Conservation Corps, California",,"Information Technology Associate, Range D",False,False,,66828,89556,,61801,1305,0,2280,65386,18788,0,0,2771,21559,2.00% @ 55,https://www.calhr.ca.gov,,07/27/2021,,,True,
2020,State Department,"Conservation Corps, California",,"Conservationist I, Range B",False,False,,46068,57000,,42460,22735,0,128,65322,9629,0,0,9686,19315,2.50% @ 55,https://www.calhr.ca.gov,,07/27/2021,,,True,
2020,State Department,"Conservation Corps, California",,"Associate Governmental Program Analyst, Range A",False,False,,61788,77352,,63786,0,0,1300,65086,20771,0,0,17105,37876,2.00% @ 55,https://www.calhr.ca.gov,,07/27/2021,,,True,
2020,State Department,"Conservation Corps, California",,"Associate Governmental Program Analyst, Range A",False,False,,61788,77352,,63663,0,0,1300,64963,20643,0,0,22197,42840,2.00% @ 55,https://www.calhr.ca.gov,,07/27/2021,,,True,
2020,State Department,"Conservation Corps, California",,"Conservationist I, Range B",False,False,,46068,57000,,42758,22197,0,0,64955,9684,0,0,9701,19385,2.50% @ 55,https://www.calhr.ca.gov,,07/27/2021,,,True,
2020,State Department,"Conservation Corps, California",,"Conservationist I, Range A",False,False,,35880,43644,,30820,32855,1081,-374,64382,6003,0,0,6936,12939,2.50% @ 55,https://www.calhr.ca.gov,,07/27/2021,,,True,
2020,State Department,"Conservation Corps, California",,"Information Technology Associate, Range C",False,False,,60768,81444,,62995,0,0,1300,64295,19585,0,0,9363,28947,2.00% @ 55,https://www.calhr.ca.gov,,07/27/2021,,,True,
2020,State Department,"Conservation Corps, California",,"Conservationist I, Range B",False,False,,46068,57000,,43557,20030,0,700,64287,9582,0,0,1917,11499,2.50% @ 55,https://www.calhr.ca.gov,,07/27/2021,,,True,
2020,State Department,"Conservation Corps, California",,"Conservationist I, Range B",False,False,,46068,57000,,32146,31963,0,0,64109,6651,0,0,6476,13128,2.50% @ 55,https://www.calhr.ca.gov,,07/27/2021,,,True,
2020,State Department,"Conservation Corps, California",,"Associate Governmental Program Analyst, Range A",False,False,,61788,77352,,56533,0,6020,1300,63852,17253,0,0,18970,36223,2.00% @ 55,https://www.calhr.ca.gov,,07/27/2021,,,True,
2020,State Department,"Conservation Corps, California",,"Information Technology Associate, Range D",False,False,,66828,89556,,62546,0,0,1300,63846,19567,0,0,9359,28926,2.00% @ 55,https://www.calhr.ca.gov,,07/27/2021,,,True,
2020,State Department,"Conservation Corps, California",,"Senior Accounting Officer (Specialist), Range A",False,False,,61788,77352,,61991,0,0,1300,63291,18563,0,0,2752,21315,2.00% @ 55,https://www.calhr.ca.gov,,07/27/2021,,,True,
2020,State Department,"Conservation Corps, California",,"Associate Governmental Program Analyst, Range A",False,False,,61788,77352,,61677,0,0,1277,62954,19244,0,0,9470,28713,2.00% @ 55,https://www.calhr.ca.gov,,07/27/2021,,,True,
2020,State Department,"Conservation Corps, California",,"Accounting Officer (Specialist), Range A",False,False,,53952,67548,,61629,0,0,1300,62929,18441,0,0,2746,21187,2.00% @ 60,https://www.calhr.ca.gov,,07/27/2021,,,True,
2020,State Department,"Conservation Corps, California",,Personnel Supervisor I,False,False,,55572,69564,,59200,0,0,3700,62900,18229,0,0,2743,20972,2.00% @ 55,https://www.calhr.ca.gov,,07/27/2021,,,True,
2020,State Department,"Conservation Corps, California",,"Conservationist I, Range B",False,False,,46068,57000,,41979,19970,0,950,62899,9973,0,0,9754,19727,2.50% @ 55,https://www.calhr.ca.gov,,07/27/2021,,,True,
2020,State Department,"Conservation Corps, California",,"Associate Personnel Analyst, Range L",False,False,,63648,79680,,61546,0,0,1300,62846,22432,0,0,18181,40613,2.00% @ 55,https://www.calhr.ca.gov,,07/27/2021,,,True,
2020,State Department,"Conservation Corps, California",,"Staff Services Analyst (General), Range C",False,False,,51372,64320,,60983,0,0,1300,62283,18562,0,0,17516,36078,2.00% @ 60,https://www.calhr.ca.gov,,07/27/2021,,,True,
2020,State Department,"Conservation Corps, California",,"Accounting Officer (Specialist), Range A",False,False,,53952,67548,,60932,0,0,1300,62232,19493,0,0,17333,36827,2.00% @ 55,https://www.calhr.ca.gov,,07/27/2021,,,True,
2020,State Department,"Conservation Corps, California",,Conservationist Supervisor,False,False,,71256,88560,,60746,863,0,580,62189,18766,0,0,23369,42135,2.00% @ 55,https://www.calhr.ca.gov,,07/27/2021,,,True,
2020,State Department,"Conservation Corps, California",,"Associate Governmental Program Analyst, Range A",False,False,,61788,77352,,57343,3523,0,1300,62166,17968,0,0,9484,27452,2.00% @ 55,https://www.calhr.ca.gov,,07/27/2021,,,True,
2020,State Department,"Conservation Corps, California",,Fish Habitat Specialist,False,False,,52896,66228,,58198,2596,0,1300,62094,18619,0,0,21959,40578,2.00% @ 55,https://www.calhr.ca.gov,,07/27/2021,,,True,
2020,State Department,"Conservation Corps, California",,"Administrative Officer I, Resources Agency, Range B",False,False,,55632,68856,,60790,0,0,1300,62090,19944,0,0,22693,42638,2.00% @ 55,https://www.calhr.ca.gov,,07/27/2021,,,True,
2020,State Department,"Conservation Corps, California",,Staff Services Manager I,False,False,,73488,91296,,60698,0,0,1300,61998,18916,0,0,9689,28605,2.00% @ 55,https://www.calhr.ca.gov,,07/27/2021,,,True,
2020,State Department,"Conservation Corps, California",,Conservationist II,False,False,,56544,70236,,51265,8065,0,2512,61842,12413,0,0,22605,35018,2.50% @ 55,https://www.calhr.ca.gov,,07/27/2021,,,True,
2020,State Department,"Conservation Corps, California",,"Accounting Officer (Specialist), Range A",False,False,,53952,67548,,59879,195,0,1300,61374,19493,0,0,22101,41595,2.00% @ 55,https://www.calhr.ca.gov,,07/27/2021,,,True,
2020,State Department,"Conservation Corps, California",,"Conservationist I, Range B",False,False,,46068,57000,,35410,25944,0,0,61354,7960,0,0,9360,17320,2.50% @ 55,https://www.calhr.ca.gov,,07/27/2021,,,True,
2020,State Department,"Conservation Corps, California",,"Personnel Specialist, Range D",False,False,,50580,63324,,57375,0,0,3700,61075,17129,0,0,2631,19760,2.00% @ 60,https://www.calhr.ca.gov,,07/27/2021,,,True,
2020,State Department,"Conservation Corps, California",,"Associate Construction Analyst, Range A",False,False,,93636,117168,,60949,0,0,0,60949,0,0,0,0,0,,https://www.calhr.ca.gov,,07/27/2021,,,True,
2020,State Department,"Conservation Corps, California",,"Staff Services Analyst (General), Range C",False,False,,51372,64320,,59378,0,0,1300,60678,18562,0,0,9541,28103,2.00% @ 55,https://www.calhr.ca.gov,,07/27/2021,,,True,
2020,State Department,"Conservation Corps, California",,"Conservationist I, Range B",False,False,,46068,57000,,47078,12583,0,950,60611,9857,0,0,17447,27304,2.50% @ 55,https://www.calhr.ca.gov,,07/27/2021,,,True,
2020,State Department,"Conservation Corps, California",,Conservationist II,False,False,,56544,70236,,57013,0,0,3550,60563,12328,0,0,18527,30855,2.00% @ 55,https://www.calhr.ca.gov,,07/27/2021,,,True,
2020,State Department,"Conservation Corps, California",,"Associate Governmental Program Analyst, Range A",False,False,,61788,77352,,56904,2351,0,1300,60554,18167,0,0,16801,34968,2.00% @ 55,https://www.calhr.ca.gov,,07/27/2021,,,True,
2020,State Department,"Conservation Corps, California",,"Conservationist I, Range B",False,False,,46068,57000,,49901,9549,0,950,60400,11665,0,0,22487,34152,2.00% @ 55,https://www.calhr.ca.gov,,07/27/2021,,,True,
2020,State Department,"Conservation Corps, California",,Conservationist II,False,False,,56544,70236,,46066,13370,0,950,60386,12167,0,0,22574,34740,2.50% @ 55,https://www.calhr.ca.gov,,07/27/2021,,,True,
2020,State Department,"Conservation Corps, California",,"Conservationist I, Range B",False,False,,46068,57000,,36608,23620,155,-11,60371,6457,0,0,6992,13450,2.50% @ 55,https://www.calhr.ca.gov,,07/27/2021,,,True,
2020,State Department,"Conservation Corps, California",,"Personnel Specialist, Range D",False,False,,50580,63324,,56447,0,0,3700,60147,17733,0,0,9469,27202,2.00% @ 55,https://www.calhr.ca.gov,,07/27/2021,,,True,
2020,State Department,"Conservation Corps, California",,"Personnel Specialist, Range D",False,False,,50580,63324,,56316,0,0,3700,60016,17733,0,0,9469,27202,2.00% @ 55,https://www.calhr.ca.gov,,07/27/2021,,,True,
2020,State Department,"Conservation Corps, California",,"Conservationist I, Range B",False,False,,46068,57000,,56749,2761,0,317,59827,11665,0,0,22487,34152,2.50% @ 55,https://www.calhr.ca.gov,,07/27/2021,,,True,
2020,State Department,"Conservation Corps, California",,"Administrative Officer II, Resources Agency",False,False,,66852,83064,,58471,0,0,1300,59771,17448,0,0,2750,20198,2.00% @ 55,https://www.calhr.ca.gov,,07/27/2021,,,True,
2020,State Department,"Conservation Corps, California",,"Senior Personnel Specialist, Range A",False,False,,55272,69240,,55865,48,0,3700,59613,18066,0,0,17710,35776,2.00% @ 55,https://www.calhr.ca.gov,,07/27/2021,,,True,
2020,State Department,"Conservation Corps, California",,Conservationist II,False,False,,56544,70236,,51215,7037,0,950,59202,11881,0,0,22521,34402,2.50% @ 55,https://www.calhr.ca.gov,,07/27/2021,,,True,
2020,State Department,"Conservation Corps, California",,"Associate Governmental Program Analyst, Range A",False,False,,61788,77352,,57512,0,0,1323,58835,18167,0,0,9299,27466,2.00% @ 55,https://www.calhr.ca.gov,,07/27/2021,,,True,
2020,State Department,"Conservation Corps, California",,"Personnel Specialist, Range D",False,False,,50580,63324,,55003,0,0,3700,58703,17733,0,0,17193,34926,2.00% @ 60,https://www.calhr.ca.gov,,07/27/2021,,,True,
2020,State Department,"Conservation Corps, California",,"Conservationist I, Range A",False,False,,35880,43644,,33072,25212,0,396,58679,7425,0,0,9277,16702,2.50% @ 55,https://www.calhr.ca.gov,,07/27/2021,,,True,
2020,State Department,"Conservation Corps, California",,"Conservationist I, Range B",False,False,,46068,57000,,40873,16855,0,554,58282,9723,0,0,9701,19423,2.50% @ 55,https://www.calhr.ca.gov,,07/27/2021,,,True,
2020,State Department,"Conservation Corps, California",,Conservationist II,False,False,,56544,70236,,52091,5133,0,950,58175,11846,0,0,10103,21948,2.00% @ 55,https://www.calhr.ca.gov,,07/27/2021,,,True,
2020,State Department,"Conservation Corps, California",,"Staff Services Analyst (General), Range C",False,False,,51372,64320,,56841,0,0,1300,58141,18562,0,0,21950,40512,2.00% @ 55,https://www.calhr.ca.gov,,07/27/2021,,,True,
2020,State Department,"Conservation Corps, California",,"Conservationist I, Range B",False,False,,46068,57000,,40796,16314,0,950,58060,11591,0,0,17778,29369,2.00% @ 55,https://www.calhr.ca.gov,,07/27/2021,,,True,
2020,State Department,"Conservation Corps, California",,"Associate Governmental Program Analyst, Range A",False,False,,61788,77352,,54950,1760,0,987,57697,16521,0,0,5736,22257,2.00% @ 55,https://www.calhr.ca.gov,,07/27/2021,,,True,
2020,State Department,"Conservation Corps, California",,"Conservationist I, Range A",False,False,,35880,43644,,33499,22557,1799,-167,57688,5110,0,0,6105,11214,2.50% @ 55,https://www.calhr.ca.gov,,07/27/2021,,,True,
2020,State Department,"Conservation Corps, California",,"Conservationist I, Range B",False,False,,46068,57000,,45396,1844,0,10170,57410,13947,0,0,17678,31624,2.50% @ 55,https://www.calhr.ca.gov,,07/27/2021,,,True,
2020,State Department,"Conservation Corps, California",,"Administrative Officer I, Resources Agency, Range B",False,False,,55632,68856,,55925,0,0,1300,57225,16096,0,0,17615,33711,2.00% @ 55,https://www.calhr.ca.gov,,07/27/2021,,,True,
2020,State Department,"Conservation Corps, California",,"Associate Governmental Program Analyst, Range A",False,False,,61788,77352,,56043,0,0,1156,57199,17215,0,0,7987,25202,2.00% @ 55,https://www.calhr.ca.gov,,07/27/2021,,,True,
2020,State Department,"Conservation Corps, California",,"Maintenance Mechanic, Range A",False,False,,54384,62664,,57187,0,0,0,57187,18084,0,0,10203,28287,2.00% @ 55,https://www.calhr.ca.gov,,07/27/2021,,,True,
2020,State Department,"Conservation Corps, California",,Conservationist II,False,False,,56544,70236,,56128,0,0,950,57078,14374,0,0,22996,37370,2.50% @ 55,https://www.calhr.ca.gov,,07/27/2021,,,True,
2020,State Department,"Conservation Corps, California",,"Staff Services Analyst (General), Range C",False,False,,51372,64320,,55635,0,0,1300,56935,17429,0,0,9441,26870,2.00% @ 55,https://www.calhr.ca.gov,,07/27/2021,,,True,
2020,State Department,"Conservation Corps, California",,"Administrative Officer I, Resources Agency, Range B",False,False,,55632,68856,,55521,0,0,1300,56821,16715,0,0,4272,20987,2.00% @ 55,https://www.calhr.ca.gov,,07/27/2021,,,True,
2020,State Department,"Conservation Corps, California",,"Conservationist I, Range B",False,False,,46068,57000,,33883,23235,0,-410,56708,7687,0,0,10546,18233,2.50% @ 55,https://www.calhr.ca.gov,,07/27/2021,,,True,
2020,State Department,"Conservation Corps, California",,"Conservationist I, Range B",False,False,,46068,57000,,35425,20869,0,362,56656,7826,0,0,6029,13856,2.50% @ 55,https://www.calhr.ca.gov,,07/27/2021,,,True,
2020,State Department,"Conservation Corps, California",,"Accounting Officer (Specialist), Range A",False,False,,53952,67548,,55122,0,0,1300,56422,16475,0,0,2566,19041,2.00% @ 60,https://www.calhr.ca.gov,,07/27/2021,,,True,
2020,State Department,"Conservation Corps, California",,"Maintenance Mechanic, Range A",False,False,,54384,62664,,44410,0,11998,0,56408,15679,0,0,15094,30774,2.00% @ 55,https://www.calhr.ca.gov,,07/27/2021,,,True,
2020,State Department,"Conservation Corps, California",,"Associate Governmental Program Analyst, Range A",False,False,,61788,77352,,56176,0,0,0,56176,0,0,0,0,0,,https://www.calhr.ca.gov,,07/27/2021,,,True,
2020,State Department,"Conservation Corps, California",,"Senior Accounting Officer (Specialist), Range A",False,False,,61788,77352,,54609,0,0,1300,55909,17109,0,0,9405,26513,2.00% @ 55,https://www.calhr.ca.gov,,07/27/2021,,,True,
2020,State Department,"Conservation Corps, California",,"Conservationist I, Range A",False,False,,35880,43644,,33192,22808,0,-93,55907,7543,0,0,9327,16870,2.50% @ 55,https://www.calhr.ca.gov,,07/27/2021,,,True,
2020,State Department,"Conservation Corps, California",,"Associate Governmental Program Analyst, Range A",False,False,,61788,77352,,54439,0,0,1300,55739,16494,0,0,1515,18009,2.00% @ 55,https://www.calhr.ca.gov,,07/27/2021,,,True,
2020,State Department,"Conservation Corps, California",,"Conservationist I, Range B",False,False,,46068,57000,,47554,7205,0,950,55708,10009,0,0,9761,19771,2.00% @ 55,https://www.calhr.ca.gov,,07/27/2021,,,True,
2020,State Department,"Conservation Corps, California",,"Maintenance Mechanic, Range A",False,False,,54384,62664,,55410,0,0,0,55410,18084,0,0,18337,36421,2.00% @ 55,https://www.calhr.ca.gov,,07/27/2021,,,True,
2020,State Department,"Conservation Corps, California",,"Office Technician (Typing), Range A",False,False,,37728,47220,,53696,0,0,1300,54996,15672,0,0,22323,37995,2.00% @ 55,https://www.calhr.ca.gov,,07/27/2021,,,True,
2020,State Department,"Conservation Corps, California",,"Associate Governmental Program Analyst, Range A",False,False,,61788,77352,,53530,0,0,1420,54950,17414,0,0,21120,38534,2.00% @ 55,https://www.calhr.ca.gov,,07/27/2021,,,True,
2020,State Department,"Conservation Corps, California",,"Conservationist I, Range B",False,False,,46068,57000,,43945,9786,0,950,54681,10260,0,0,22216,32475,2.50% @ 55,https://www.calhr.ca.gov,,07/27/2021,,,True,
2020,State Department,"Conservation Corps, California",,"Associate Governmental Program Analyst, Range A",False,False,,61788,77352,,53181,0,0,1420,54601,18089,0,0,21181,39270,2.00% @ 55,https://www.calhr.ca.gov,,07/27/2021,,,True,
2020,State Department,"Conservation Corps, California",,"Administrative Officer I, Resources Agency, Range B",False,False,,55632,68856,,53229,0,0,1300,54529,16572,0,0,9838,26410,2.00% @ 55,https://www.calhr.ca.gov,,07/27/2021,,,True,
2020,State Department,"Conservation Corps, California",,"Staff Services Analyst (General), Range C",False,False,,51372,64320,,49096,0,3023,2280,54399,14939,0,0,2430,17370,2.00% @ 55,https://www.calhr.ca.gov,,07/27/2021,,,True,
2020,State Department,"Conservation Corps, California",,"Associate Governmental Program Analyst, Range A",False,False,,61788,77352,,53089,0,0,1300,54389,15817,0,0,2514,18331,2.00% @ 55,https://www.calhr.ca.gov,,07/27/2021,,,True,
2020,State Department,"Conservation Corps, California",,"Maintenance Mechanic, Range A",False,False,,54384,62664,,54323,0,0,0,54323,18084,0,0,22612,40696,2.00% @ 55,https://www.calhr.ca.gov,,07/27/2021,,,True,
2020,State Department,"Conservation Corps, California",,"Conservationist I, Range A",False,False,,35880,43644,,33570,19204,1444,0,54218,2365,0,0,2869,5233,2.50% @ 55,https://www.calhr.ca.gov,,07/27/2021,,,True,
2020,State Department,"Conservation Corps, California",,"Conservationist I, Range B",False,False,,46068,57000,,31178,18210,4559,0,53947,8077,0,0,14611,22688,2.50% @ 55,https://www.calhr.ca.gov,,07/27/2021,,,True,
2020,State Department,"Conservation Corps, California",,"Conservationist I, Range B",False,False,,46068,57000,,30155,23729,0,0,53884,3036,0,0,511,3547,2.50% @ 55,https://www.calhr.ca.gov,,07/27/2021,,,True,
2020,State Department,"Conservation Corps, California",,"Backcountry Trails Camp Supervisor, California Conservation Corps",False,False,,61824,76788,,48749,311,5423,-938,53545,9345,0,0,3328,12672,2.50% @ 55,https://www.calhr.ca.gov,,07/27/2021,,,True,
2020,State Department,"Conservation Corps, California",,"Administrative Officer I, Resources Agency, Range B",False,False,,55632,68856,,52222,0,0,1300,53522,16668,0,0,22325,38993,2.00% @ 55,https://www.calhr.ca.gov,,07/27/2021,,,True,
2020,State Department,"Conservation Corps, California",,"Associate Governmental Program Analyst, Range A",False,False,,61788,77352,,52035,0,0,1300,53335,16223,0,0,9064,25287,2.00% @ 55,https://www.calhr.ca.gov,,07/27/2021,,,True,
2020,State Department,"Conservation Corps, California",,"Supervising Cook I, Range A",False,False,,46116,56712,,49154,2874,0,1300,53328,16207,0,0,17632,33838,2.00% @ 60,https://www.calhr.ca.gov,,07/27/2021,,,True,
2020,State Department,"Conservation Corps, California",,"Administrative Officer I, Resources Agency, Range B",False,False,,55632,68856,,51823,0,0,1300,53123,15730,0,0,1595,17325,2.00% @ 55,https://www.calhr.ca.gov,,07/27/2021,,,True,
2020,State Department,"Conservation Corps, California",,"Associate Governmental Program Analyst, Range A",False,False,,61788,77352,,51794,0,0,1300,53094,16223,0,0,9297,25519,2.00% @ 55,https://www.calhr.ca.gov,,07/27/2021,,,True,
2020,State Department,"Conservation Corps, California",,"Maintenance Mechanic, Range A",False,False,,54384,62664,,52741,360,0,-90,53011,17232,0,0,18013,35245,2.00% @ 55,https://www.calhr.ca.gov,,07/27/2021,,,True,
2020,State Department,"Conservation Corps, California",,"Personnel Specialist, Range D",False,False,,50580,63324,,49255,0,0,3700,52955,15895,0,0,17032,32927,2.00% @ 55,https://www.calhr.ca.gov,,07/27/2021,,,True,
2020,State Department,"Conservation Corps, California",,"Staff Services Analyst (General), Range C",False,False,,51372,64320,,51394,0,0,1300,52694,16945,0,0,21802,38747,2.00% @ 55,https://www.calhr.ca.gov,,07/27/2021,,,True,
2020,State Department,"Conservation Corps, California",,"Administrative Officer I, Resources Agency, Range B",False,False,,55632,68856,,49726,0,0,2684,52410,19871,0,0,22685,42556,2.00% @ 55,https://www.calhr.ca.gov,,07/27/2021,,,True,
2020,State Department,"Conservation Corps, California",,Fish Habitat Specialist,False,False,,52896,66228,,50962,0,0,1300,52262,15484,0,0,1503,16987,2.00% @ 55,https://www.calhr.ca.gov,,07/27/2021,,,True,
2020,State Department,"Conservation Corps, California",,"Conservationist I, Range B",False,False,,46068,57000,,51185,0,0,950,52135,11665,0,0,10079,21744,2.50% @ 55,https://www.calhr.ca.gov,,07/27/2021,,,True,
2020,State Department,"Conservation Corps, California",,"Conservationist I, Range B",False,False,,46068,57000,,47758,2425,0,1880,52063,10348,0,0,3623,13970,2.50% @ 55,https://www.calhr.ca.gov,,07/27/2021,,,True,
2020,State Department,"Conservation Corps, California",,"Associate Governmental Program Analyst, Range A",False,False,,61788,77352,,50671,0,0,1300,51971,15353,0,0,7625,22978,2.00% @ 55,https://www.calhr.ca.gov,,07/27/2021,,,True,
2020,State Department,"Conservation Corps, California",,Fish Habitat Specialist,False,False,,52896,66228,,50555,0,0,1281,51836,15423,0,0,10984,26407,2.00% @ 55,https://www.calhr.ca.gov,,07/27/2021,,,True,
2020,State Department,"Conservation Corps, California",,"Associate Governmental Program Analyst, Range A",False,False,,61788,77352,,43407,0,8304,0,51711,14003,0,0,6256,20259,2.00% @ 55,https://www.calhr.ca.gov,,07/27/2021,,,True,
2020,State Department,"Conservation Corps, California",,"Accountant Trainee, Range A",False,False,,45516,54276,,50008,0,0,1300,51308,15663,0,0,9059,24722,2.00% @ 55,https://www.calhr.ca.gov,,07/27/2021,,,True,
2020,State Department,"Conservation Corps, California",,"Staff Services Analyst (General), Range C",False,False,,51372,64320,,49791,0,0,1300,51091,16149,0,0,17051,33200,2.00% @ 55,https://www.calhr.ca.gov,,07/27/2021,,,True,
2020,State Department,"Conservation Corps, California",,"Staff Services Analyst (General), Range C",False,False,,51372,64320,,49678,0,0,1300,50978,15105,0,0,1703,16808,2.00% @ 55,https://www.calhr.ca.gov,,07/27/2021,,,True,
2020,State Department,"Conservation Corps, California",,"Maintenance Mechanic, Range A",False,False,,54384,62664,,50617,0,0,-67,50550,16481,0,0,17699,34180,2.00% @ 55,https://www.calhr.ca.gov,,07/27/2021,,,True,
2020,State Department,"Conservation Corps, California",,"Supervising Cook I, Range A",False,False,,46116,56712,,47459,1670,0,1300,50429,14373,0,0,9647,24020,2.00% @ 60,https://www.calhr.ca.gov,,07/27/2021,,,True,
2020,State Department,"Conservation Corps, California",,"Maintenance Mechanic, Range A",False,False,,54384,62664,,45056,5342,0,0,50398,15153,0,0,21876,37029,2.00% @ 60,https://www.calhr.ca.gov,,07/27/2021,,,True,
2020,State Department,"Conservation Corps, California",,"Maintenance Mechanic, Range A",False,False,,54384,62664,,49567,741,0,-187,50122,16411,0,0,21237,37647,2.00% @ 55,https://www.calhr.ca.gov,,07/27/2021,,,True,
2020,State Department,"Conservation Corps, California",,"Staff Services Analyst (General), Range C",False,False,,51372,64320,,48705,78,0,1300,50083,15686,0,0,16575,32262,2.00% @ 55,https://www.calhr.ca.gov,,07/27/2021,,,True,
2020,State Department,"Conservation Corps, California",,"Staff Services Analyst (General), Range C",False,False,,51372,64320,,48408,0,0,1307,49715,15237,0,0,9206,24442,2.00% @ 55,https://www.calhr.ca.gov,,07/27/2021,,,True,
2020,State Department,"Conservation Corps, California",,"Cook Specialist II, Range A",False,False,,41376,50796,,40830,7136,0,1490,49456,13598,0,0,16294,29892,2.00% @ 55,https://www.calhr.ca.gov,,07/27/2021,,,True,
2020,State Department,"Conservation Corps, California",,"Personnel Specialist, Range D",False,False,,50580,63324,,45653,0,0,3700,49353,14458,0,0,9177,23634,2.00% @ 55,https://www.calhr.ca.gov,,07/27/2021,,,True,
2020,State Department,"Conservation Corps, California",,"Staff Services Analyst (General), Range C",False,False,,51372,64320,,47674,0,0,1300,48974,15369,0,0,16548,31917,2.00% @ 55,https://www.calhr.ca.gov,,07/27/2021,,,True,
2020,State Department,"Conservation Corps, California",,"Personnel Specialist, Range D",False,False,,50580,63324,,45257,0,0,3700,48957,14407,0,0,9938,24345,2.00% @ 55,https://www.calhr.ca.gov,,07/27/2021,,,True,
2020,State Department,"Conservation Corps, California",,"Staff Services Analyst (General), Range C",False,False,,51372,64320,,47592,0,0,1300,48892,15860,0,0,9078,24939,2.00% @ 55,https://www.calhr.ca.gov,,07/27/2021,,,True,
2020,State Department,"Conservation Corps, California",,"Management Services Technician, Range B",False,False,,39576,49584,,47061,0,0,1300,48361,13748,0,0,2326,16074,2.00% @ 55,https://www.calhr.ca.gov,,07/27/2021,,,True,
2020,State Department,"Conservation Corps, California",,"Associate Governmental Program Analyst, Range A",False,False,,61788,77352,,47002,0,0,1300,48302,14242,0,0,1394,15636,2.00% @ 55,https://www.calhr.ca.gov,,07/27/2021,,,True,
2020,State Department,"Conservation Corps, California",,"Conservationist I, Range A",False,False,,35880,43644,,22684,25604,0,-83,48205,4930,0,0,6730,11660,2.50% @ 55,https://www.calhr.ca.gov,,07/27/2021,,,True,
2020,State Department,"Conservation Corps, California",,"Staff Services Analyst (General), Range C",False,False,,51372,64320,,46544,0,0,1300,47844,15303,0,0,9250,24553,2.00% @ 55,https://www.calhr.ca.gov,,07/27/2021,,,True,
2020,State Department,"Conservation Corps, California",,"Supervising Cook I, Range A",False,False,,46116,56712,,46247,0,0,1300,47547,13737,0,0,2431,16167,2.00% @ 55,https://www.calhr.ca.gov,,07/27/2021,,,True,
2020,State Department,"Conservation Corps, California",,"Staff Services Analyst (General), Range B",False,False,,42852,53628,,45972,0,0,1300,47272,14909,0,0,21626,36535,2.00% @ 55,https://www.calhr.ca.gov,,07/27/2021,,,True,
2020,State Department,"Conservation Corps, California",,"Management Services Technician, Range B",False,False,,39576,49584,,45913,0,0,1300,47213,13675,0,0,2317,15992,2.00% @ 55,https://www.calhr.ca.gov,,07/27/2021,,,True,
2020,State Department,"Conservation Corps, California",,"Associate Governmental Program Analyst, Range A",False,False,,61788,77352,,34181,11663,0,1300,47145,10401,0,0,1048,11449,2.00% @ 55,https://www.calhr.ca.gov,,07/27/2021,,,True,
2020,State Department,"Conservation Corps, California",,"Staff Services Analyst (General), Range C",False,False,,51372,64320,,44577,772,0,1230,46579,14000,0,0,9072,23072,2.00% @ 55,https://www.calhr.ca.gov,,07/27/2021,,,True,
2020,State Department,"Conservation Corps, California",,"Staff Services Analyst (General), Range C",False,False,,51372,64320,,45203,0,0,1300,46503,14996,0,0,21139,36135,2.00% @ 55,https://www.calhr.ca.gov,,07/27/2021,,,True,
2020,State Department,"Conservation Corps, California",,"Management Services Technician, Range B",False,False,,39576,49584,,45158,0,0,1300,46458,13926,0,0,13987,27912,2.00% @ 55,https://www.calhr.ca.gov,,07/27/2021,,,True,
2020,State Department,"Conservation Corps, California",,"Cook Specialist II, Range A",False,False,,41376,50796,,41256,3666,0,1300,46222,12695,0,0,13879,26573,2.00% @ 55,https://www.calhr.ca.gov,,07/27/2021,,,True,
2020,State Department,"Conservation Corps, California",,Fish Habitat Assistant,False,False,,46248,57840,,44784,0,0,1287,46071,14097,0,0,9013,23110,2.00% @ 55,https://www.calhr.ca.gov,,07/27/2021,,,True,
2020,State Department,"Conservation Corps, California",,"Office Technician (Typing), Range A",False,False,,37728,47220,,44631,0,0,1300,45931,13627,0,0,9027,22654,2.00% @ 55,https://www.calhr.ca.gov,,07/27/2021,,,True,
2020,State Department,"Conservation Corps, California",,"Office Technician (Typing), Range A",False,False,,37728,47220,,41131,3428,0,1300,45859,13532,0,0,16812,30343,2.00% @ 55,https://www.calhr.ca.gov,,07/27/2021,,,True,
2020,State Department,"Conservation Corps, California",,"Management Services Technician, Range B",False,False,,39576,49584,,44163,289,0,1300,45752,13576,0,0,13940,27516,2.00% @ 55,https://www.calhr.ca.gov,,07/27/2021,,,True,
2020,State Department,"Conservation Corps, California",,"Conservationist I, Range B",False,False,,46068,57000,,29283,12181,3242,950,45655,6647,0,0,1468,8115,2.50% @ 55,https://www.calhr.ca.gov,,07/27/2021,,,True,
2020,State Department,"Conservation Corps, California",,"Conservationist I, Range B",False,False,,46068,57000,,18015,27085,0,0,45100,695,0,0,0,695,2.50% @ 55,https://www.calhr.ca.gov,,07/27/2021,,,True,
2020,State Department,"Conservation Corps, California",,"Supervising Cook I, Range A",False,False,,46116,56712,,42809,990,0,1300,45098,14786,0,0,9677,24463,2.00% @ 55,https://www.calhr.ca.gov,,07/27/2021,,,True,
2020,State Department,"Conservation Corps, California",,"Office Technician (Typing), Range A",False,False,,37728,47220,,43216,51,0,1300,44567,13627,0,0,8878,22505,2.00% @ 55,https://www.calhr.ca.gov,,07/27/2021,,,True,
2020,State Department,"Conservation Corps, California",,"Executive Assistant, Range A",False,False,,46188,57804,,43146,0,0,1300,44446,14324,0,0,20841,35165,2.00% @ 60,https://www.calhr.ca.gov,,07/27/2021,,,True,
2020,State Department,"Conservation Corps, California",,"Accountant Trainee, Range A",False,False,,45516,54276,,41932,291,0,2140,44363,12626,0,0,2506,15132,2.00% @ 55,https://www.calhr.ca.gov,,07/27/2021,,,True,
2020,State Department,"Conservation Corps, California",,"Conservationist I, Range B",False,False,,46068,57000,,20970,16519,5529,950,43969,5080,0,0,5577,10657,2.50% @ 55,https://www.calhr.ca.gov,,07/27/2021,,,True,
2020,State Department,"Conservation Corps, California",,"Conservationist I, Range B",False,False,,46068,57000,,24980,17290,1596,0,43867,1296,0,0,211,1507,2.50% @ 55,https://www.calhr.ca.gov,,07/27/2021,,,True,
2020,State Department,"Conservation Corps, California",,"Conservationist I, Range B",False,False,,46068,57000,,37555,4587,1625,0,43767,0,0,0,0,0,,https://www.calhr.ca.gov,,07/27/2021,,,True,
2020,State Department,"Conservation Corps, California",,"Associate Governmental Program Analyst, Range A",False,False,,61788,77352,,43457,0,0,0,43457,0,0,0,0,0,,https://www.calhr.ca.gov,,07/27/2021,,,True,
2020,State Department,"Conservation Corps, California",,"Staff Services Analyst (General), Range C",False,False,,51372,64320,,41838,0,0,1300,43138,13109,0,0,8786,21895,2.00% @ 55,https://www.calhr.ca.gov,,07/27/2021,,,True,
2020,State Department,"Conservation Corps, California",,"Administrative Officer I, Resources Agency, Range B",False,False,,55632,68856,,37555,0,5550,0,43105,11097,0,0,6471,17568,2.00% @ 55,https://www.calhr.ca.gov,,07/27/2021,,,True,
2020,State Department,"Conservation Corps, California",,"Office Technician (Typing), Range A",False,False,,37728,47220,,41540,159,0,1300,42999,13627,0,0,17167,30795,2.00% @ 55,https://www.calhr.ca.gov,,07/27/2021,,,True,
2020,State Department,"Conservation Corps, California",,"Cook Specialist II, Range A",False,False,,41376,50796,,41190,486,0,1300,42976,12536,0,0,1236,13772,1.25% @ 65,https://www.calhr.ca.gov,,07/27/2021,,,True,
2020,State Department,"Conservation Corps, California",,"Conservationist I, Range B",False,False,,46068,57000,,39570,1783,1749,-139,42963,6431,0,0,6387,12819,2.50% @ 55,https://www.calhr.ca.gov,,07/27/2021,,,True,
2020,State Department,"Conservation Corps, California",,"Office Technician (Typing), Range A",False,False,,37728,47220,,41659,0,0,1300,42959,13627,0,0,16812,30439,2.00% @ 55,https://www.calhr.ca.gov,,07/27/2021,,,True,
2020,State Department,"Conservation Corps, California",,"Office Technician (Typing), Range A",False,False,,37728,47220,,41478,0,0,1300,42778,12776,0,0,8802,21578,2.00% @ 55,https://www.calhr.ca.gov,,07/27/2021,,,True,
2020,State Department,"Conservation Corps, California",,"Business Service Assistant (Specialist), Range C",False,False,,42852,53628,,41614,0,0,1016,42630,14309,0,0,20664,34974,2.00% @ 55,https://www.calhr.ca.gov,,07/27/2021,,,True,
2020,State Department,"Conservation Corps, California",,"Office Technician (Typing), Range A",False,False,,37728,47220,,41004,153,0,1300,42457,13627,0,0,9102,22729,2.00% @ 55,https://www.calhr.ca.gov,,07/27/2021,,,True,
2020,State Department,"Conservation Corps, California",,"Office Technician (Typing), Range A",False,False,,37728,47220,,40897,0,0,1300,42197,12145,0,0,2184,14329,2.00% @ 55,https://www.calhr.ca.gov,,07/27/2021,,,True,
2020,State Department,"Conservation Corps, California",,"Supervising Cook I, Range A",False,False,,46116,56712,,41121,0,0,1042,42163,14189,0,0,17452,31641,2.00% @ 60,https://www.calhr.ca.gov,,07/27/2021,,,True,
2020,State Department,"Conservation Corps, California",,"Office Technician (Typing), Range A",False,False,,37728,47220,,40605,0,0,1300,41905,13627,0,0,21580,35207,2.00% @ 55,https://www.calhr.ca.gov,,07/27/2021,,,True,
2020,State Department,"Conservation Corps, California",,"Cook Specialist II, Range A",False,False,,41376,50796,,40518,0,0,1300,41818,12324,0,0,1220,13544,2.00% @ 55,https://www.calhr.ca.gov,,07/27/2021,,,True,
2020,State Department,"Conservation Corps, California",,Special Corpsmember,False,False,,34319,34319,,35856,5730,0,0,41586,0,0,0,0,0,,https://www.calhr.ca.gov,,07/27/2021,,,True,
2020,State Department,"Conservation Corps, California",,"Accounting Officer (Specialist), Range A",False,False,,53952,67548,,40173,0,0,1187,41360,13131,0,0,16766,29896,2.00% @ 55,https://www.calhr.ca.gov,,07/27/2021,,,True,
2020,State Department,"Conservation Corps, California",,"Cook Specialist I, Range A",False,False,,37428,45864,,37025,3031,0,1300,41357,11385,0,0,17646,29031,2.00% @ 55,https://www.calhr.ca.gov,,07/27/2021,,,True,
2020,State Department,"Conservation Corps, California",,"Conservationist I, Range B",False,False,,46068,57000,,30578,10591,0,83,41253,9173,0,0,7473,16646,2.50% @ 55,https://www.calhr.ca.gov,,07/27/2021,,,True,
2020,State Department,"Conservation Corps, California",,Special Corpsmember,False,False,,34319,34319,,35621,5550,0,0,41171,0,0,0,0,0,,https://www.calhr.ca.gov,,07/27/2021,,,True,
2020,State Department,"Conservation Corps, California",,"Cook Specialist I, Range A",False,False,,37428,45864,,37265,2380,0,1300,40945,11341,0,0,1130,12472,2.00% @ 55,https://www.calhr.ca.gov,,07/27/2021,,,True,
2020,State Department,"Conservation Corps, California",,"Conservationist I, Range A",False,False,,35880,43644,,19786,18674,2397,0,40857,1772,0,0,357,2129,2.50% @ 55,https://www.calhr.ca.gov,,07/27/2021,,,True,
2020,State Department,"Conservation Corps, California",,"Management Services Technician, Range B",False,False,,39576,49584,,39400,0,0,1300,40700,12053,0,0,13308,25360,2.00% @ 55,https://www.calhr.ca.gov,,07/27/2021,,,True,
2020,State Department,"Conservation Corps, California",,"Cook Specialist II, Range A",False,False,,41376,50796,,39126,0,0,1300,40426,11892,0,0,1163,13055,2.00% @ 55,https://www.calhr.ca.gov,,07/27/2021,,,True,
2020,State Department,"Conservation Corps, California",,"Conservationist I, Range B",False,False,,46068,57000,,37404,2414,507,-83,40242,2086,0,0,2344,4430,2.50% @ 55,https://www.calhr.ca.gov,,07/27/2021,,,True,
2020,State Department,"Conservation Corps, California",,Special Corpsmember,False,False,,34319,34319,,38445,305,974,0,39724,0,0,0,0,0,,https://www.calhr.ca.gov,,07/27/2021,,,True,
2020,State Department,"Conservation Corps, California",,"Management Services Technician, Range B",False,False,,39576,49584,,37504,978,0,1230,39712,11890,0,0,8845,20735,2.00% @ 55,https://www.calhr.ca.gov,,07/27/2021,,,True,
2020,State Department,"Conservation Corps, California",,Special Corpsmember,False,False,,34319,34319,,36054,3561,0,0,39615,0,0,0,0,0,,https://www.calhr.ca.gov,,07/27/2021,,,True,
2020,State Department,"Conservation Corps, California",,Special Corpsmember,False,False,,34319,34319,,36302,3293,0,0,39595,0,0,0,0,0,,https://www.calhr.ca.gov,,07/27/2021,,,True,
2020,State Department,"Conservation Corps, California",,"Conservationist I, Range B",False,False,,46068,57000,,22589,12048,4750,0,39386,5507,0,0,4865,10372,2.50% @ 55,https://www.calhr.ca.gov,,07/27/2021,,,True,
2020,State Department,"Conservation Corps, California",,"Office Technician (Typing), Range A",False,False,,37728,47220,,37951,60,0,1300,39311,12019,0,0,8733,20752,2.00% @ 55,https://www.calhr.ca.gov,,07/27/2021,,,True,
2020,State Department,"Conservation Corps, California",,"Staff Services Analyst (General), Range C",False,False,,51372,64320,,37983,0,0,1300,39283,11433,0,0,1060,12493,2.00% @ 55,https://www.calhr.ca.gov,,07/27/2021,,,True,
2020,State Department,"Conservation Corps, California",,"Staff Services Analyst (General), Range C",False,False,,51372,64320,,37965,228,281,798,39271,4565,0,0,3484,8050,2.00% @ 55,https://www.calhr.ca.gov,,07/27/2021,,,True,
2020,State Department,"Conservation Corps, California",,Special Corpsmember,False,False,,34319,34319,,35650,3571,0,0,39221,0,0,0,0,0,,https://www.calhr.ca.gov,,07/27/2021,,,True,
2020,State Department,"Conservation Corps, California",,"Management Services Technician, Range B",False,False,,39576,49584,,37892,0,0,1300,39192,12006,0,0,8734,20741,2.00% @ 55,https://www.calhr.ca.gov,,07/27/2021,,,True,
2020,State Department,"Conservation Corps, California",,"Office Technician (Typing), Range A",False,False,,37728,47220,,37006,0,0,2086,39091,11203,0,0,5547,16751,2.00% @ 55,https://www.calhr.ca.gov,,07/27/2021,,,True,
2020,State Department,"Conservation Corps, California",,"Conservationist I, Range B",False,False,,46068,57000,,32526,459,0,5676,38661,10386,0,0,14312,24698,2.50% @ 55,https://www.calhr.ca.gov,,07/27/2021,,,True,
2020,State Department,"Conservation Corps, California",,Corpsmember Promo 1,False,False,,31719,31719,,23157,15492,0,0,38649,0,0,0,0,0,,https://www.calhr.ca.gov,,07/27/2021,,,True,
2020,State Department,"Conservation Corps, California",,"Office Technician (Typing), Range A",False,False,,37728,47220,,37209,0,0,1300,38509,11764,0,0,8712,20476,2.00% @ 55,https://www.calhr.ca.gov,,07/27/2021,,,True,
2020,State Department,"Conservation Corps, California",,"Conservationist I, Range A",False,False,,35880,43644,,35159,62,3065,0,38286,0,0,0,0,0,2.50% @ 55,https://www.calhr.ca.gov,,07/27/2021,,,True,
2020,State Department,"Conservation Corps, California",,Corpsmember,False,False,,31199,31199,,22860,15375,0,0,38235,0,0,0,0,0,,https://www.calhr.ca.gov,,07/27/2021,,,True,
2020,State Department,"Conservation Corps, California",,"Office Technician (Typing), Range A",False,False,,37728,47220,,36794,0,0,1300,38094,11190,0,0,7213,18402,2.00% @ 55,https://www.calhr.ca.gov,,07/27/2021,,,True,
2020,State Department,"Conservation Corps, California",,"Personnel Specialist, Range A",False,False,,39336,49224,,36559,150,0,1300,38009,11593,0,0,8653,20247,2.00% @ 55,https://www.calhr.ca.gov,,07/27/2021,,,True,
2020,State Department,"Conservation Corps, California",,Special Corpsmember,False,False,,34319,34319,,34722,644,2615,0,37981,0,0,0,0,0,,https://www.calhr.ca.gov,,07/27/2021,,,True,
2020,State Department,"Conservation Corps, California",,"Conservationist I, Range A",False,False,,35880,43644,,23815,14162,0,-83,37894,2018,0,0,2914,4933,2.50% @ 55,https://www.calhr.ca.gov,,07/27/2021,,,True,
2020,State Department,"Conservation Corps, California",,Corpsmember Promo 1,False,False,,31719,31719,,23241,14625,0,0,37866,0,0,0,0,0,,https://www.calhr.ca.gov,,07/27/2021,,,True,
2020,State Department,"Conservation Corps, California",,Special Corpsmember,False,False,,34319,34319,,36900,0,949,0,37848,0,0,0,0,0,,https://www.calhr.ca.gov,,07/27/2021,,,True,
2020,State Department,"Conservation Corps, California",,"Office Technician (Typing), Range A",False,False,,37728,47220,,36404,0,0,1300,37704,11499,0,0,8688,20187,2.00% @ 55,https://www.calhr.ca.gov,,07/27/2021,,,True,
2020,State Department,"Conservation Corps, California",,Special Corpsmember,False,False,,34319,34319,,35000,2660,0,0,37660,0,0,0,0,0,,https://www.calhr.ca.gov,,07/27/2021,,,True,
2020,State Department,"Conservation Corps, California",,"Office Technician (Typing), Range A",False,False,,37728,47220,,35829,281,0,1300,37410,10930,0,0,7745,18675,2.00% @ 55,https://www.calhr.ca.gov,,07/27/2021,,,True,
2020,State Department,"Conservation Corps, California",,"Staff Services Analyst (General), Range C",False,False,,51372,64320,,36068,0,0,1300,37368,10807,0,0,2972,13780,2.00% @ 55,https://www.calhr.ca.gov,,07/27/2021,,,True,
2020,State Department,"Conservation Corps, California",,"Staff Services Analyst (General), Range C",False,False,,51372,64320,,36171,0,0,1179,37350,11248,0,0,7950,19199,2.00% @ 55,https://www.calhr.ca.gov,,07/27/2021,,,True,
2020,State Department,"Conservation Corps, California",,Corpsmember Promo 1,False,False,,31719,31719,,23963,13380,0,0,37343,0,0,0,0,0,,https://www.calhr.ca.gov,,07/27/2021,,,True,
2020,State Department,"Conservation Corps, California",,Special Corpsmember,False,False,,34319,34319,,34515,2814,0,0,37329,0,0,0,0,0,,https://www.calhr.ca.gov,,07/27/2021,,,True,
2020,State Department,"Conservation Corps, California",,Corpsmember Promo 1,False,False,,31719,31719,,23169,14137,0,0,37305,0,0,0,0,0,,https://www.calhr.ca.gov,,07/27/2021,,,True,
2020,State Department,"Conservation Corps, California",,"Senior Accounting Officer (Specialist), Range A",False,False,,61788,77352,,37060,0,0,0,37060,0,0,0,0,0,,https://www.calhr.ca.gov,,07/27/2021,,,True,
2020,State Department,"Conservation Corps, California",,"Management Services Technician, Range B",False,False,,39576,49584,,35984,0,0,1067,37052,12145,0,0,21447,33591,2.00% @ 55,https://www.calhr.ca.gov,,07/27/2021,,,True,
2020,State Department,"Conservation Corps, California",,Special Corpsmember,False,False,,34319,34319,,35881,1143,0,0,37024,0,0,0,0,0,,https://www.calhr.ca.gov,,07/27/2021,,,True,
2020,State Department,"Conservation Corps, California",,"Cook Specialist I, Range A",False,False,,37428,45864,,35352,619,0,1040,37011,10761,0,0,7167,17928,2.00% @ 55,https://www.calhr.ca.gov,,07/27/2021,,,True,
2020,State Department,"Conservation Corps, California",,Special Corpsmember,False,False,,34319,34319,,35456,1529,0,0,36985,0,0,0,0,0,,https://www.calhr.ca.gov,,07/27/2021,,,True,
2020,State Department,"Conservation Corps, California",,"Office Technician (Typing), Range A",False,False,,37728,47220,,34495,0,1380,1058,36933,10668,0,0,8514,19181,2.00% @ 55,https://www.calhr.ca.gov,,07/27/2021,,,True,
2020,State Department,"Conservation Corps, California",,Corpsmember,False,False,,31199,31199,,22860,13965,0,0,36825,0,0,0,0,0,,https://www.calhr.ca.gov,,07/27/2021,,,True,
2020,State Department,"Conservation Corps, California",,Corpsmember,False,False,,31199,31199,,22860,13965,0,0,36825,0,0,0,0,0,,https://www.calhr.ca.gov,,07/27/2021,,,True,
2020,State Department,"Conservation Corps, California",,Corpsmember,False,False,,31199,31199,,20640,16155,0,0,36795,0,0,0,0,0,,https://www.calhr.ca.gov,,07/27/2021,,,True,
2020,State Department,"Conservation Corps, California",,"Staff Services Analyst (General), Range C",False,False,,51372,64320,,35979,0,792,0,36771,1257,0,0,0,1257,2.00% @ 55,https://www.calhr.ca.gov,,07/27/2021,,,True,
2020,State Department,"Conservation Corps, California",,Special Corpsmember,False,False,,34319,34319,,35869,811,0,0,36680,0,0,0,0,0,,https://www.calhr.ca.gov,,07/27/2021,,,True,
2020,State Department,"Conservation Corps, California",,Corpsmember,False,False,,31199,31199,,22860,13785,0,0,36645,0,0,0,0,0,,https://www.calhr.ca.gov,,07/27/2021,,,True,
2020,State Department,"Conservation Corps, California",,Corpsmember,False,False,,31199,31199,,22860,13755,0,0,36615,0,0,0,0,0,,https://www.calhr.ca.gov,,07/27/2021,,,True,
2020,State Department,"Conservation Corps, California",,Corpsmember,False,False,,31199,31199,,20640,15930,0,0,36570,0,0,0,0,0,,https://www.calhr.ca.gov,,07/27/2021,,,True,
2020,State Department,"Conservation Corps, California",,Special Corpsmember,False,False,,34319,34319,,35116,1419,0,0,36535,0,0,0,0,0,,https://www.calhr.ca.gov,,07/27/2021,,,True,
2020,State Department,"Conservation Corps, California",,Corpsmember,False,False,,31199,31199,,23835,12675,0,0,36510,0,0,0,0,0,,https://www.calhr.ca.gov,,07/27/2021,,,True,
2020,State Department,"Conservation Corps, California",,"Associate Governmental Program Analyst, Range A",False,False,,61788,77352,,32658,0,3840,0,36498,10771,0,0,1263,12034,2.00% @ 55,https://www.calhr.ca.gov,,07/27/2021,,,True,
2020,State Department,"Conservation Corps, California",,Corpsmember,False,False,,31199,31199,,20640,15795,0,0,36435,0,0,0,0,0,,https://www.calhr.ca.gov,,07/27/2021,,,True,
2020,State Department,"Conservation Corps, California",,Corpsmember,False,False,,31199,31199,,22860,13560,0,0,36420,0,0,0,0,0,,https://www.calhr.ca.gov,,07/27/2021,,,True,
2020,State Department,"Conservation Corps, California",,Special Corpsmember,False,False,,34319,34319,,36399,0,0,0,36399,0,0,0,0,0,,https://www.calhr.ca.gov,,07/27/2021,,,True,
2020,State Department,"Conservation Corps, California",,Corpsmember,False,False,,31199,31199,,20640,15690,0,0,36330,0,0,0,0,0,,https://www.calhr.ca.gov,,07/27/2021,,,True,
2020,State Department,"Conservation Corps, California",,Corpsmember,False,False,,31199,31199,,20640,15600,0,0,36240,0,0,0,0,0,,https://www.calhr.ca.gov,,07/27/2021,,,True,
2020,State Department,"Conservation Corps, California",,Corpsmember,False,False,,31199,31199,,20640,15585,0,0,36225,0,0,0,0,0,,https://www.calhr.ca.gov,,07/27/2021,,,True,
2020,State Department,"Conservation Corps, California",,"Office Technician (Typing), Range A",False,False,,37728,47220,,34888,0,0,1300,36188,11055,0,0,8605,19660,2.00% @ 55,https://www.calhr.ca.gov,,07/27/2021,,,True,
2020,State Department,"Conservation Corps, California",,Corpsmember,False,False,,31199,31199,,20655,15465,0,0,36120,0,0,0,0,0,,https://www.calhr.ca.gov,,07/27/2021,,,True,
2020,State Department,"Conservation Corps, California",,Corpsmember,False,False,,31199,31199,,22875,13245,0,0,36120,0,0,0,0,0,,https://www.calhr.ca.gov,,07/27/2021,,,True,
2020,State Department,"Conservation Corps, California",,Corpsmember,False,False,,31199,31199,,20640,15465,0,0,36105,0,0,0,0,0,,https://www.calhr.ca.gov,,07/27/2021,,,True,
2020,State Department,"Conservation Corps, California",,Special Corpsmember,False,False,,34319,34319,,36059,0,0,0,36059,0,0,0,0,0,,https://www.calhr.ca.gov,,07/27/2021,,,True,
2020,State Department,"Conservation Corps, California",,Corpsmember,False,False,,31199,31199,,22860,13140,0,0,36000,0,0,0,0,0,,https://www.calhr.ca.gov,,07/27/2021,,,True,
2020,State Department,"Conservation Corps, California",,"Cook Specialist I, Range A",False,False,,37428,45864,,34466,159,0,1300,35924,11610,0,0,8655,20265,2.00% @ 55,https://www.calhr.ca.gov,,07/27/2021,,,True,
2020,State Department,"Conservation Corps, California",,Corpsmember,False,False,,31199,31199,,20520,15390,0,0,35910,0,0,0,0,0,,https://www.calhr.ca.gov,,07/27/2021,,,True,
2020,State Department,"Conservation Corps, California",,Special Corpsmember,False,False,,34319,34319,,33117,2200,561,0,35878,0,0,0,0,0,,https://www.calhr.ca.gov,,07/27/2021,,,True,
2020,State Department,"Conservation Corps, California",,Corpsmember,False,False,,31199,31199,,20640,15210,0,0,35850,0,0,0,0,0,,https://www.calhr.ca.gov,,07/27/2021,,,True,
2020,State Department,"Conservation Corps, California",,Special Corpsmember,False,False,,34319,34319,,35762,0,0,0,35762,0,0,0,0,0,,https://www.calhr.ca.gov,,07/27/2021,,,True,
2020,State Department,"Conservation Corps, California",,Special Corpsmember,False,False,,34319,34319,,35530,198,0,0,35728,0,0,0,0,0,,https://www.calhr.ca.gov,,07/27/2021,,,True,
2020,State Department,"Conservation Corps, California",,Special Corpsmember,False,False,,34319,34319,,35716,0,0,0,35716,0,0,0,0,0,,https://www.calhr.ca.gov,,07/27/2021,,,True,
2020,State Department,"Conservation Corps, California",,Corpsmember,False,False,,31199,31199,,24765,10695,225,0,35685,0,0,0,0,0,,https://www.calhr.ca.gov,,07/27/2021,,,True,
2020,State Department,"Conservation Corps, California",,Corpsmember,False,False,,31199,31199,,22860,12765,0,0,35625,0,0,0,0,0,,https://www.calhr.ca.gov,,07/27/2021,,,True,
2020,State Department,"Conservation Corps, California",,Corpsmember,False,False,,31199,31199,,22875,12735,0,0,35610,0,0,0,0,0,,https://www.calhr.ca.gov,,07/27/2021,,,True,
2020,State Department,"Conservation Corps, California",,Corpsmember,False,False,,31199,31199,,20640,14955,0,0,35595,0,0,0,0,0,,https://www.calhr.ca.gov,,07/27/2021,,,True,
2020,State Department,"Conservation Corps, California",,Special Corpsmember,False,False,,34319,34319,,35580,12,0,0,35592,0,0,0,0,0,,https://www.calhr.ca.gov,,07/27/2021,,,True,
2020,State Department,"Conservation Corps, California",,Special Corpsmember,False,False,,34319,34319,,35472,83,0,0,35555,0,0,0,0,0,,https://www.calhr.ca.gov,,07/27/2021,,,True,
2020,State Department,"Conservation Corps, California",,Special Corpsmember,False,False,,34319,34319,,35473,0,0,0,35473,0,0,0,0,0,,https://www.calhr.ca.gov,,07/27/2021,,,True,
2020,State Department,"Conservation Corps, California",,"Office Technician (Typing), Range A",False,False,,37728,47220,,34748,0,0,720,35468,11335,0,0,16225,27560,2.00% @ 55,https://www.calhr.ca.gov,,07/27/2021,,,True,
2020,State Department,"Conservation Corps, California",,Corpsmember Promo 1,False,False,,31719,31719,,23326,12078,0,0,35404,0,0,0,0,0,,https://www.calhr.ca.gov,,07/27/2021,,,True,
2020,State Department,"Conservation Corps, California",,Corpsmember,False,False,,31199,31199,,22860,12225,0,0,35085,0,0,0,0,0,,https://www.calhr.ca.gov,,07/27/2021,,,True,
2020,State Department,"Conservation Corps, California",,Corpsmember,False,False,,31199,31199,,22875,12060,0,0,34935,0,0,0,0,0,,https://www.calhr.ca.gov,,07/27/2021,,,True,
2020,State Department,"Conservation Corps, California",,Corpsmember,False,False,,31199,31199,,22890,11925,0,0,34815,0,0,0,0,0,,https://www.calhr.ca.gov,,07/27/2021,,,True,
2020,State Department,"Conservation Corps, California",,Special Corpsmember,False,False,,34319,34319,,34439,351,0,0,34790,0,0,0,0,0,,https://www.calhr.ca.gov,,07/27/2021,,,True,
2020,State Department,"Conservation Corps, California",,Special Corpsmember,False,False,,34319,34319,,34753,0,0,0,34753,0,0,0,0,0,,https://www.calhr.ca.gov,,07/27/2021,,,True,
2020,State Department,"Conservation Corps, California",,Corpsmember,False,False,,31199,31199,,23355,11205,150,0,34710,0,0,0,0,0,,https://www.calhr.ca.gov,,07/27/2021,,,True,
2020,State Department,"Conservation Corps, California",,Corpsmember,False,False,,31199,31199,,20280,14385,0,0,34665,0,0,0,0,0,,https://www.calhr.ca.gov,,07/27/2021,,,True,
2020,State Department,"Conservation Corps, California",,Special Corpsmember,False,False,,34319,34319,,34639,0,0,0,34639,0,0,0,0,0,,https://www.calhr.ca.gov,,07/27/2021,,,True,
2020,State Department,"Conservation Corps, California",,Special Corpsmember,False,False,,34319,34319,,34596,0,0,0,34596,0,0,0,0,0,,https://www.calhr.ca.gov,,07/27/2021,,,True,
2020,State Department,"Conservation Corps, California",,Special Corpsmember,False,False,,34319,34319,,34540,0,0,0,34540,0,0,0,0,0,,https://www.calhr.ca.gov,,07/27/2021,,,True,
2020,State Department,"Conservation Corps, California",,Special Corpsmember,False,False,,34319,34319,,34540,0,0,0,34540,0,0,0,0,0,,https://www.calhr.ca.gov,,07/27/2021,,,True,
2020,State Department,"Conservation Corps, California",,Special Corpsmember,False,False,,34319,34319,,34540,0,0,0,34540,0,0,0,0,0,,https://www.calhr.ca.gov,,07/27/2021,,,True,
2020,State Department,"Conservation Corps, California",,Special Corpsmember,False,False,,34319,34319,,34540,0,0,0,34540,0,0,0,0,0,,https://www.calhr.ca.gov,,07/27/2021,,,True,
2020,State Department,"Conservation Corps, California",,Special Corpsmember,False,False,,34319,34319,,34540,0,0,0,34540,0,0,0,0,0,,https://www.calhr.ca.gov,,07/27/2021,,,True,
2020,State Department,"Conservation Corps, California",,Corpsmember,False,False,,31199,31199,,20265,14235,0,0,34500,0,0,0,0,0,,https://www.calhr.ca.gov,,07/27/2021,,,True,
2020,State Department,"Conservation Corps, California",,Special Corpsmember,False,False,,34319,34319,,34494,0,0,0,34494,0,0,0,0,0,,https://www.calhr.ca.gov,,07/27/2021,,,True,
2020,State Department,"Conservation Corps, California",,Special Corpsmember,False,False,,34319,34319,,34483,0,0,0,34483,0,0,0,0,0,,https://www.calhr.ca.gov,,07/27/2021,,,True,
2020,State Department,"Conservation Corps, California",,Special Corpsmember,False,False,,34319,34319,,34478,0,0,0,34478,0,0,0,0,0,,https://www.calhr.ca.gov,,07/27/2021,,,True,
2020,State Department,"Conservation Corps, California",,Special Corpsmember,False,False,,34319,34319,,34449,0,0,0,34449,0,0,0,0,0,,https://www.calhr.ca.gov,,07/27/2021,,,True,
2020,State Department,"Conservation Corps, California",,Special Corpsmember,False,False,,34319,34319,,33121,1316,0,0,34436,0,0,0,0,0,,https://www.calhr.ca.gov,,07/27/2021,,,True,
2020,State Department,"Conservation Corps, California",,Special Corpsmember,False,False,,34319,34319,,34425,0,0,0,34425,0,0,0,0,0,,https://www.calhr.ca.gov,,07/27/2021,,,True,
2020,State Department,"Conservation Corps, California",,Special Corpsmember,False,False,,34319,34319,,34408,0,0,0,34408,0,0,0,0,0,,https://www.calhr.ca.gov,,07/27/2021,,,True,
2020,State Department,"Conservation Corps, California",,Special Corpsmember,False,False,,34319,34319,,34408,0,0,0,34408,0,0,0,0,0,,https://www.calhr.ca.gov,,07/27/2021,,,True,
2020,State Department,"Conservation Corps, California",,Special Corpsmember,False,False,,34319,34319,,34406,0,0,0,34406,0,0,0,0,0,,https://www.calhr.ca.gov,,07/27/2021,,,True,
2020,State Department,"Conservation Corps, California",,Special Corpsmember,False,False,,34319,34319,,34375,0,0,0,34375,0,0,0,0,0,,https://www.calhr.ca.gov,,07/27/2021,,,True,
2020,State Department,"Conservation Corps, California",,Special Corpsmember,False,False,,34319,34319,,34286,0,0,0,34286,0,0,0,0,0,,https://www.calhr.ca.gov,,07/27/2021,,,True,
2020,State Department,"Conservation Corps, California",,Special Corpsmember,False,False,,34319,34319,,34276,0,0,0,34276,0,0,0,0,0,,https://www.calhr.ca.gov,,07/27/2021,,,True,
2020,State Department,"Conservation Corps, California",,Corpsmember,False,False,,31199,31199,,22860,11370,0,0,34230,0,0,0,0,0,,https://www.calhr.ca.gov,,07/27/2021,,,True,
2020,State Department,"Conservation Corps, California",,Special Corpsmember,False,False,,34319,34319,,33437,393,284,0,34113,5272,0,0,5118,10390,,https://www.calhr.ca.gov,,07/27/2021,,,True,
2020,State Department,"Conservation Corps, California",,Corpsmember,False,False,,31199,31199,,22860,11235,0,0,34095,0,0,0,0,0,,https://www.calhr.ca.gov,,07/27/2021,,,True,
2020,State Department,"Conservation Corps, California",,Corpsmember,False,False,,31199,31199,,22860,11220,0,0,34080,0,0,0,0,0,,https://www.calhr.ca.gov,,07/27/2021,,,True,
2020,State Department,"Conservation Corps, California",,Corpsmember,False,False,,31199,31199,,22860,11175,0,0,34035,0,0,0,0,0,,https://www.calhr.ca.gov,,07/27/2021,,,True,
2020,State Department,"Conservation Corps, California",,Corpsmember,False,False,,31199,31199,,22860,10800,150,0,33810,0,0,0,0,0,,https://www.calhr.ca.gov,,07/27/2021,,,True,
2020,State Department,"Conservation Corps, California",,Corpsmember,False,False,,31199,31199,,20580,13170,0,0,33750,0,0,0,0,0,,https://www.calhr.ca.gov,,07/27/2021,,,True,
2020,State Department,"Conservation Corps, California",,Corpsmember,False,False,,31199,31199,,23640,9870,225,0,33735,0,0,0,0,0,,https://www.calhr.ca.gov,,07/27/2021,,,True,
2020,State Department,"Conservation Corps, California",,Corpsmember,False,False,,31199,31199,,20265,13440,0,0,33705,0,0,0,0,0,,https://www.calhr.ca.gov,,07/27/2021,,,True,
2020,State Department,"Conservation Corps, California",,Special Corpsmember,False,False,,34319,34319,,26900,5327,1436,0,33662,0,0,0,0,0,,https://www.calhr.ca.gov,,07/27/2021,,,True,
2020,State Department,"Conservation Corps, California",,Corpsmember,False,False,,31199,31199,,22860,10725,0,0,33585,0,0,0,0,0,,https://www.calhr.ca.gov,,07/27/2021,,,True,
2020,State Department,"Conservation Corps, California",,"Supervising Cook I, Range A",False,False,,46116,56712,,24923,7314,0,1300,33537,7263,0,0,713,7976,2.00% @ 55,https://www.calhr.ca.gov,,07/27/2021,,,True,
2020,State Department,"Conservation Corps, California",,Special Corpsmember,False,False,,34319,34319,,33517,0,0,0,33517,0,0,0,0,0,,https://www.calhr.ca.gov,,07/27/2021,,,True,
2020,State Department,"Conservation Corps, California",,Corpsmember,False,False,,31199,31199,,22875,10455,0,0,33330,0,0,0,0,0,,https://www.calhr.ca.gov,,07/27/2021,,,True,
2020,State Department,"Conservation Corps, California",,Corpsmember,False,False,,31199,31199,,20145,13110,0,0,33255,0,0,0,0,0,,https://www.calhr.ca.gov,,07/27/2021,,,True,
2020,State Department,"Conservation Corps, California",,Corpsmember,False,False,,31199,31199,,22200,10995,0,0,33195,0,0,0,0,0,,https://www.calhr.ca.gov,,07/27/2021,,,True,
2020,State Department,"Conservation Corps, California",,Corpsmember,False,False,,31199,31199,,20640,12540,0,0,33180,0,0,0,0,0,,https://www.calhr.ca.gov,,07/27/2021,,,True,
2020,State Department,"Conservation Corps, California",,Corpsmember,False,False,,31199,31199,,23385,9645,150,0,33180,0,0,0,0,0,,https://www.calhr.ca.gov,,07/27/2021,,,True,
2020,State Department,"Conservation Corps, California",,Special Corpsmember,False,False,,34319,34319,,33114,66,0,0,33180,0,0,0,0,0,,https://www.calhr.ca.gov,,07/27/2021,,,True,
2020,State Department,"Conservation Corps, California",,Corpsmember Promo 1,False,False,,31719,31719,,22578,10584,0,0,33162,0,0,0,0,0,,https://www.calhr.ca.gov,,07/27/2021,,,True,
2020,State Department,"Conservation Corps, California",,Corpsmember,False,False,,31199,31199,,22860,10290,0,0,33150,0,0,0,0,0,,https://www.calhr.ca.gov,,07/27/2021,,,True,
2020,State Department,"Conservation Corps, California",,Corpsmember,False,False,,31199,31199,,22860,10200,75,0,33135,0,0,0,0,0,,https://www.calhr.ca.gov,,07/27/2021,,,True,
2020,State Department,"Conservation Corps, California",,"C.E.A., Range A",False,False,,89304,210156,,32071,0,0,997,33068,9488,0,0,3623,13111,2.00% @ 55,https://www.calhr.ca.gov,,07/27/2021,,,True,
2020,State Department,"Conservation Corps, California",,"Office Assistant (Typing), Range B",False,False,,34968,43812,,31766,0,0,1300,33066,12117,0,0,18121,30238,2.00% @ 55,https://www.calhr.ca.gov,,07/27/2021,,,True,
2020,State Department,"Conservation Corps, California",,"Office Technician (Typing), Range A",False,False,,37728,47220,,31753,0,0,1300,33053,10088,0,0,8577,18665,2.00% @ 55,https://www.calhr.ca.gov,,07/27/2021,,,True,
2020,State Department,"Conservation Corps, California",,Corpsmember Promo 1,False,False,,31719,31719,,21831,11198,0,0,33029,0,0,0,0,0,,https://www.calhr.ca.gov,,07/27/2021,,,True,
2020,State Department,"Conservation Corps, California",,Corpsmember,False,False,,31199,31199,,22860,10080,0,0,32940,0,0,0,0,0,,https://www.calhr.ca.gov,,07/27/2021,,,True,
2020,State Department,"Conservation Corps, California",,Conservationist II,False,False,,56544,70236,,20722,0,0,12174,32896,14423,0,0,22999,37422,2.50% @ 55,https://www.calhr.ca.gov,,07/27/2021,,,True,
2020,State Department,"Conservation Corps, California",,Corpsmember Promo 1,False,False,,31719,31719,,23403,9440,0,0,32842,0,0,0,0,0,,https://www.calhr.ca.gov,,07/27/2021,,,True,
2020,State Department,"Conservation Corps, California",,Corpsmember,False,False,,31199,31199,,18480,14355,0,0,32835,0,0,0,0,0,,https://www.calhr.ca.gov,,07/27/2021,,,True,
2020,State Department,"Conservation Corps, California",,Corpsmember Promo 1,False,False,,31719,31719,,22971,9796,0,0,32768,0,0,0,0,0,,https://www.calhr.ca.gov,,07/27/2021,,,True,
2020,State Department,"Conservation Corps, California",,Corpsmember Promo 2,False,False,,32239,32239,,23505,9233,0,0,32738,0,0,0,0,0,,https://www.calhr.ca.gov,,07/27/2021,,,True,
2020,State Department,"Conservation Corps, California",,Corpsmember,False,False,,31199,31199,,22860,9870,0,0,32730,0,0,0,0,0,,https://www.calhr.ca.gov,,07/27/2021,,,True,
2020,State Department,"Conservation Corps, California",,Corpsmember,False,False,,31199,31199,,22860,9870,0,0,32730,0,0,0,0,0,,https://www.calhr.ca.gov,,07/27/2021,,,True,
2020,State Department,"Conservation Corps, California",,Corpsmember,False,False,,31199,31199,,22860,9870,0,0,32730,0,0,0,0,0,,https://www.calhr.ca.gov,,07/27/2021,,,True,
2020,State Department,"Conservation Corps, California",,Corpsmember,False,False,,31199,31199,,22860,9825,0,0,32685,0,0,0,0,0,,https://www.calhr.ca.gov,,07/27/2021,,,True,
2020,State Department,"Conservation Corps, California",,"Associate Governmental Program Analyst, Range A",False,False,,61788,77352,,32652,0,0,0,32652,0,0,0,0,0,,https://www.calhr.ca.gov,,07/27/2021,,,True,
2020,State Department,"Conservation Corps, California",,Corpsmember Promo 1,False,False,,31719,31719,,22878,9675,0,0,32553,0,0,0,0,0,,https://www.calhr.ca.gov,,07/27/2021,,,True,
2020,State Department,"Conservation Corps, California",,Corpsmember,False,False,,31199,31199,,22860,9675,0,0,32535,0,0,0,0,0,,https://www.calhr.ca.gov,,07/27/2021,,,True,
2020,State Department,"Conservation Corps, California",,Corpsmember,False,False,,31199,31199,,22860,9630,0,0,32490,0,0,0,0,0,,https://www.calhr.ca.gov,,07/27/2021,,,True,
2020,State Department,"Conservation Corps, California",,Special Corpsmember,False,False,,34319,34319,,32478,0,0,0,32478,0,0,0,0,0,,https://www.calhr.ca.gov,,07/27/2021,,,True,
2020,State Department,"Conservation Corps, California",,Corpsmember,False,False,,31199,31199,,22860,9585,0,0,32445,0,0,0,0,0,,https://www.calhr.ca.gov,,07/27/2021,,,True,
2020,State Department,"Conservation Corps, California",,Corpsmember,False,False,,31199,31199,,22440,9750,225,0,32415,0,0,0,0,0,,https://www.calhr.ca.gov,,07/27/2021,,,True,
2020,State Department,"Conservation Corps, California",,Corpsmember,False,False,,31199,31199,,19845,12405,150,0,32400,0,0,0,0,0,,https://www.calhr.ca.gov,,07/27/2021,,,True,
2020,State Department,"Conservation Corps, California",,"Office Technician (Typing), Range A",False,False,,37728,47220,,31142,18,0,1179,32339,9787,0,0,7831,17618,2.00% @ 55,https://www.calhr.ca.gov,,07/27/2021,,,True,
2020,State Department,"Conservation Corps, California",,Corpsmember,False,False,,31199,31199,,22800,9435,0,0,32235,0,0,0,0,0,,https://www.calhr.ca.gov,,07/27/2021,,,True,
2020,State Department,"Conservation Corps, California",,Corpsmember,False,False,,31199,31199,,22800,9375,0,0,32175,0,0,0,0,0,,https://www.calhr.ca.gov,,07/27/2021,,,True,
2020,State Department,"Conservation Corps, California",,"Associate Governmental Program Analyst, Range A",False,False,,61788,77352,,32169,0,0,0,32169,0,0,0,0,0,,https://www.calhr.ca.gov,,07/27/2021,,,True,
2020,State Department,"Conservation Corps, California",,Corpsmember Promo 1,False,False,,31719,31719,,23882,8266,0,0,32147,0,0,0,0,0,,https://www.calhr.ca.gov,,07/27/2021,,,True,
2020,State Department,"Conservation Corps, California",,Corpsmember,False,False,,31199,31199,,22800,9300,0,0,32100,0,0,0,0,0,,https://www.calhr.ca.gov,,07/27/2021,,,True,
2020,State Department,"Conservation Corps, California",,Special Corpsmember,False,False,,34319,34319,,32076,0,0,0,32076,0,0,0,0,0,,https://www.calhr.ca.gov,,07/27/2021,,,True,
2020,State Department,"Conservation Corps, California",,Corpsmember Promo 1,False,False,,31719,31719,,23424,8586,0,0,32010,0,0,0,0,0,,https://www.calhr.ca.gov,,07/27/2021,,,True,
2020,State Department,"Conservation Corps, California",,Corpsmember Promo 1,False,False,,31719,31719,,21195,10660,153,0,32007,0,0,0,0,0,,https://www.calhr.ca.gov,,07/27/2021,,,True,
2020,State Department,"Conservation Corps, California",,Corpsmember,False,False,,31199,31199,,23460,8460,75,0,31995,0,0,0,0,0,,https://www.calhr.ca.gov,,07/27/2021,,,True,
2020,State Department,"Conservation Corps, California",,Corpsmember,False,False,,31199,31199,,22860,9135,0,0,31995,0,0,0,0,0,,https://www.calhr.ca.gov,,07/27/2021,,,True,
2020,State Department,"Conservation Corps, California",,Corpsmember,False,False,,31199,31199,,22740,9165,0,0,31905,0,0,0,0,0,,https://www.calhr.ca.gov,,07/27/2021,,,True,
2020,State Department,"Conservation Corps, California",,Corpsmember,False,False,,31199,31199,,22860,9030,0,0,31890,0,0,0,0,0,,https://www.calhr.ca.gov,,07/27/2021,,,True,
2020,State Department,"Conservation Corps, California",,Corpsmember,False,False,,31199,31199,,22860,9030,0,0,31890,0,0,0,0,0,,https://www.calhr.ca.gov,,07/27/2021,,,True,
2020,State Department,"Conservation Corps, California",,Corpsmember,False,False,,31199,31199,,22800,9060,0,0,31860,0,0,0,0,0,,https://www.calhr.ca.gov,,07/27/2021,,,True,
2020,State Department,"Conservation Corps, California",,Corpsmember,False,False,,31199,31199,,22800,8865,150,0,31815,0,0,0,0,0,,https://www.calhr.ca.gov,,07/27/2021,,,True,
2020,State Department,"Conservation Corps, California",,Corpsmember,False,False,,31199,31199,,22875,8910,0,0,31785,0,0,0,0,0,,https://www.calhr.ca.gov,,07/27/2021,,,True,
2020,State Department,"Conservation Corps, California",,Corpsmember,False,False,,31199,31199,,18450,13185,150,0,31785,0,0,0,0,0,,https://www.calhr.ca.gov,,07/27/2021,,,True,
2020,State Department,"Conservation Corps, California",,"Staff Services Analyst (General), Range C",False,False,,51372,64320,,30174,0,0,1580,31754,8949,0,0,1134,10083,2.00% @ 55,https://www.calhr.ca.gov,,07/27/2021,,,True,
2020,State Department,"Conservation Corps, California",,Corpsmember,False,False,,31199,31199,,22485,9255,0,0,31740,0,0,0,0,0,,https://www.calhr.ca.gov,,07/27/2021,,,True,
2020,State Department,"Conservation Corps, California",,Corpsmember,False,False,,31199,31199,,19245,12495,0,0,31740,0,0,0,0,0,,https://www.calhr.ca.gov,,07/27/2021,,,True,
2020,State Department,"Conservation Corps, California",,Corpsmember Promo 1,False,False,,31719,31719,,23148,8582,0,0,31729,0,0,0,0,0,,https://www.calhr.ca.gov,,07/27/2021,,,True,
2020,State Department,"Conservation Corps, California",,Corpsmember,False,False,,31199,31199,,22860,8835,0,0,31695,0,0,0,0,0,,https://www.calhr.ca.gov,,07/27/2021,,,True,
2020,State Department,"Conservation Corps, California",,Corpsmember,False,False,,31199,31199,,22860,8790,0,0,31650,0,0,0,0,0,,https://www.calhr.ca.gov,,07/27/2021,,,True,
2020,State Department,"Conservation Corps, California",,Corpsmember,False,False,,31199,31199,,22305,9345,0,0,31650,0,0,0,0,0,,https://www.calhr.ca.gov,,07/27/2021,,,True,
2020,State Department,"Conservation Corps, California",,Corpsmember Promo 1,False,False,,31719,31719,,23147,8494,0,0,31641,0,0,0,0,0,,https://www.calhr.ca.gov,,07/27/2021,,,True,
2020,State Department,"Conservation Corps, California",,Corpsmember,False,False,,31199,31199,,19305,12315,0,0,31620,0,0,0,0,0,,https://www.calhr.ca.gov,,07/27/2021,,,True,
2020,State Department,"Conservation Corps, California",,"Associate Governmental Program Analyst, Range A",False,False,,61788,77352,,31537,0,0,0,31537,0,0,0,0,0,,https://www.calhr.ca.gov,,07/27/2021,,,True,
2020,State Department,"Conservation Corps, California",,Corpsmember,False,False,,31199,31199,,22800,8730,0,0,31530,0,0,0,0,0,,https://www.calhr.ca.gov,,07/27/2021,,,True,
2020,State Department,"Conservation Corps, California",,Corpsmember Promo 1,False,False,,31719,31719,,23132,8342,0,0,31473,0,0,0,0,0,,https://www.calhr.ca.gov,,07/27/2021,,,True,
2020,State Department,"Conservation Corps, California",,Corpsmember,False,False,,31199,31199,,22320,9120,0,0,31440,0,0,0,0,0,,https://www.calhr.ca.gov,,07/27/2021,,,True,
2020,State Department,"Conservation Corps, California",,Corpsmember,False,False,,31199,31199,,22320,9120,0,0,31440,0,0,0,0,0,,https://www.calhr.ca.gov,,07/27/2021,,,True,
2020,State Department,"Conservation Corps, California",,Corpsmember,False,False,,31199,31199,,22860,8565,0,0,31425,0,0,0,0,0,,https://www.calhr.ca.gov,,07/27/2021,,,True,
2020,State Department,"Conservation Corps, California",,Corpsmember,False,False,,31199,31199,,22860,8550,0,0,31410,0,0,0,0,0,,https://www.calhr.ca.gov,,07/27/2021,,,True,
2020,State Department,"Conservation Corps, California",,Corpsmember Promo 1,False,False,,31719,31719,,23087,8296,0,0,31382,0,0,0,0,0,,https://www.calhr.ca.gov,,07/27/2021,,,True,
2020,State Department,"Conservation Corps, California",,Corpsmember,False,False,,31199,31199,,22875,8505,0,0,31380,0,0,0,0,0,,https://www.calhr.ca.gov,,07/27/2021,,,True,
2020,State Department,"Conservation Corps, California",,Special Corpsmember,False,False,,34319,34319,,31135,0,233,0,31368,0,0,0,0,0,,https://www.calhr.ca.gov,,07/27/2021,,,True,
2020,State Department,"Conservation Corps, California",,Corpsmember,False,False,,31199,31199,,21810,9555,0,0,31365,0,0,0,0,0,,https://www.calhr.ca.gov,,07/27/2021,,,True,
2020,State Department,"Conservation Corps, California",,Corpsmember,False,False,,31199,31199,,22860,8505,0,0,31365,0,0,0,0,0,,https://www.calhr.ca.gov,,07/27/2021,,,True,
2020,State Department,"Conservation Corps, California",,Corpsmember,False,False,,31199,31199,,22860,8490,0,0,31350,0,0,0,0,0,,https://www.calhr.ca.gov,,07/27/2021,,,True,
2020,State Department,"Conservation Corps, California",,Corpsmember,False,False,,31199,31199,,22380,8955,0,0,31335,0,0,0,0,0,,https://www.calhr.ca.gov,,07/27/2021,,,True,
2020,State Department,"Conservation Corps, California",,Corpsmember,False,False,,31199,31199,,22860,8445,0,0,31305,0,0,0,0,0,,https://www.calhr.ca.gov,,07/27/2021,,,True,
2020,State Department,"Conservation Corps, California",,Corpsmember,False,False,,31199,31199,,22875,8415,0,0,31290,0,0,0,0,0,,https://www.calhr.ca.gov,,07/27/2021,,,True,
2020,State Department,"Conservation Corps, California",,Corpsmember,False,False,,31199,31199,,22860,8415,0,0,31275,0,0,0,0,0,,https://www.calhr.ca.gov,,07/27/2021,,,True,
2020,State Department,"Conservation Corps, California",,Corpsmember,False,False,,31199,31199,,22860,8415,0,0,31275,0,0,0,0,0,,https://www.calhr.ca.gov,,07/27/2021,,,True,
2020,State Department,"Conservation Corps, California",,Corpsmember,False,False,,31199,31199,,24135,7020,0,0,31155,0,0,0,0,0,,https://www.calhr.ca.gov,,07/27/2021,,,True,
2020,State Department,"Conservation Corps, California",,Corpsmember Promo 1,False,False,,31719,31719,,23214,7930,0,0,31144,0,0,0,0,0,,https://www.calhr.ca.gov,,07/27/2021,,,True,
2020,State Department,"Conservation Corps, California",,Corpsmember,False,False,,31199,31199,,22875,8190,0,0,31065,0,0,0,0,0,,https://www.calhr.ca.gov,,07/27/2021,,,True,
2020,State Department,"Conservation Corps, California",,Corpsmember,False,False,,31199,31199,,24075,6990,0,0,31065,0,0,0,0,0,,https://www.calhr.ca.gov,,07/27/2021,,,True,
2020,State Department,"Conservation Corps, California",,Corpsmember,False,False,,31199,31199,,21645,9405,0,0,31050,0,0,0,0,0,,https://www.calhr.ca.gov,,07/27/2021,,,True,
2020,State Department,"Conservation Corps, California",,Corpsmember Promo 1,False,False,,31719,31719,,22860,8190,0,0,31050,0,0,0,0,0,,https://www.calhr.ca.gov,,07/27/2021,,,True,
2020,State Department,"Conservation Corps, California",,Corpsmember,False,False,,31199,31199,,19875,11145,0,0,31020,0,0,0,0,0,,https://www.calhr.ca.gov,,07/27/2021,,,True,
2020,State Department,"Conservation Corps, California",,Corpsmember,False,False,,31199,31199,,22860,8130,0,0,30990,0,0,0,0,0,,https://www.calhr.ca.gov,,07/27/2021,,,True,
2020,State Department,"Conservation Corps, California",,Corpsmember,False,False,,31199,31199,,22890,8100,0,0,30990,0,0,0,0,0,,https://www.calhr.ca.gov,,07/27/2021,,,True,
2020,State Department,"Conservation Corps, California",,Corpsmember,False,False,,31199,31199,,22860,8130,0,0,30990,0,0,0,0,0,,https://www.calhr.ca.gov,,07/27/2021,,,True,
2020,State Department,"Conservation Corps, California",,Corpsmember,False,False,,31199,31199,,22800,8190,0,0,30990,0,0,0,0,0,,https://www.calhr.ca.gov,,07/27/2021,,,True,
2020,State Department,"Conservation Corps, California",,Corpsmember,False,False,,31199,31199,,22455,8520,0,0,30975,0,0,0,0,0,,https://www.calhr.ca.gov,,07/27/2021,,,True,
2020,State Department,"Conservation Corps, California",,Corpsmember,False,False,,31199,31199,,22680,8280,0,0,30960,0,0,0,0,0,,https://www.calhr.ca.gov,,07/27/2021,,,True,
2020,State Department,"Conservation Corps, California",,Corpsmember,False,False,,31199,31199,,22335,8595,0,0,30930,0,0,0,0,0,,https://www.calhr.ca.gov,,07/27/2021,,,True,
2020,State Department,"Conservation Corps, California",,Special Corpsmember,False,False,,34319,34319,,30909,0,0,0,30909,0,0,0,0,0,,https://www.calhr.ca.gov,,07/27/2021,,,True,
2020,State Department,"Conservation Corps, California",,Corpsmember,False,False,,31199,31199,,22860,8010,0,0,30870,0,0,0,0,0,,https://www.calhr.ca.gov,,07/27/2021,,,True,
2020,State Department,"Conservation Corps, California",,Corpsmember,False,False,,31199,31199,,24765,6015,75,0,30855,0,0,0,0,0,,https://www.calhr.ca.gov,,07/27/2021,,,True,
2020,State Department,"Conservation Corps, California",,Corpsmember,False,False,,31199,31199,,24765,6090,0,0,30855,0,0,0,0,0,,https://www.calhr.ca.gov,,07/27/2021,,,True,
2020,State Department,"Conservation Corps, California",,Special Corpsmember,False,False,,34319,34319,,30803,0,0,0,30803,0,0,0,0,0,,https://www.calhr.ca.gov,,07/27/2021,,,True,
2020,State Department,"Conservation Corps, California",,Special Corpsmember,False,False,,34319,34319,,28269,2533,0,0,30801,0,0,0,0,0,,https://www.calhr.ca.gov,,07/27/2021,,,True,
2020,State Department,"Conservation Corps, California",,Corpsmember,False,False,,31199,31199,,24765,6015,0,0,30780,0,0,0,0,0,,https://www.calhr.ca.gov,,07/27/2021,,,True,
2020,State Department,"Conservation Corps, California",,Corpsmember,False,False,,31199,31199,,23205,7500,75,0,30780,0,0,0,0,0,,https://www.calhr.ca.gov,,07/27/2021,,,True,
2020,State Department,"Conservation Corps, California",,Corpsmember,False,False,,31199,31199,,22560,8130,75,0,30765,0,0,0,0,0,,https://www.calhr.ca.gov,,07/27/2021,,,True,
2020,State Department,"Conservation Corps, California",,Corpsmember,False,False,Maintenance Aide (Seasonal),31199,31199,,24658,6105,0,0,30763,0,0,0,0,0,,https://www.calhr.ca.gov,,07/27/2021,,,True,
2020,State Department,"Conservation Corps, California",,Corpsmember,False,False,,31199,31199,,22860,7860,0,0,30720,0,0,0,0,0,,https://www.calhr.ca.gov,,07/27/2021,,,True,
2020,State Department,"Conservation Corps, California",,Special Corpsmember,False,False,,34319,34319,,30700,0,0,0,30700,0,0,0,0,0,,https://www.calhr.ca.gov,,07/27/2021,,,True,
2020,State Department,"Conservation Corps, California",,Corpsmember,False,False,,31199,31199,,22155,8535,0,0,30690,0,0,0,0,0,,https://www.calhr.ca.gov,,07/27/2021,,,True,
2020,State Department,"Conservation Corps, California",,Corpsmember,False,False,,31199,31199,,22860,7800,0,0,30660,0,0,0,0,0,,https://www.calhr.ca.gov,,07/27/2021,,,True,
2020,State Department,"Conservation Corps, California",,Corpsmember,False,False,,31199,31199,,22860,7800,0,0,30660,0,0,0,0,0,,https://www.calhr.ca.gov,,07/27/2021,,,True,
2020,State Department,"Conservation Corps, California",,Corpsmember,False,False,,31199,31199,,22620,8040,0,0,30660,0,0,0,0,0,,https://www.calhr.ca.gov,,07/27/2021,,,True,
2020,State Department,"Conservation Corps, California",,"Associate Governmental Program Analyst, Range A",False,False,,61788,77352,,20676,0,9944,0,30619,6411,0,0,1286,7697,2.00% @ 60,https://www.calhr.ca.gov,,07/27/2021,,,True,
2020,State Department,"Conservation Corps, California",,Corpsmember,False,False,,31199,31199,,22860,7740,0,0,30600,0,0,0,0,0,,https://www.calhr.ca.gov,,07/27/2021,,,True,
2020,State Department,"Conservation Corps, California",,Corpsmember Promo 1,False,False,,31719,31719,,22677,7899,0,0,30576,0,0,0,0,0,,https://www.calhr.ca.gov,,07/27/2021,,,True,
2020,State Department,"Conservation Corps, California",,Corpsmember Promo 1,False,False,,31719,31719,,23388,7183,0,0,30571,0,0,0,0,0,,https://www.calhr.ca.gov,,07/27/2021,,,True,
2020,State Department,"Conservation Corps, California",,Corpsmember Promo 1,False,False,,31719,31719,,23851,6695,0,0,30546,0,0,0,0,0,,https://www.calhr.ca.gov,,07/27/2021,,,True,
2020,State Department,"Conservation Corps, California",,Corpsmember,False,False,,31199,31199,,22860,7665,0,0,30525,0,0,0,0,0,,https://www.calhr.ca.gov,,07/27/2021,,,True,
2020,State Department,"Conservation Corps, California",,Corpsmember,False,False,,31199,31199,,20640,9870,0,0,30510,0,0,0,0,0,,https://www.calhr.ca.gov,,07/27/2021,,,True,
2020,State Department,"Conservation Corps, California",,Corpsmember,False,False,,31199,31199,,22875,7620,0,0,30495,0,0,0,0,0,,https://www.calhr.ca.gov,,07/27/2021,,,True,
2020,State Department,"Conservation Corps, California",,Special Corpsmember,False,False,,34319,34319,,28501,656,1304,0,30460,0,0,0,0,0,,https://www.calhr.ca.gov,,07/27/2021,,,True,
2020,State Department,"Conservation Corps, California",,Corpsmember,False,False,,31199,31199,,22260,8145,0,0,30405,0,0,0,0,0,,https://www.calhr.ca.gov,,07/27/2021,,,True,
2020,State Department,"Conservation Corps, California",,Corpsmember,False,False,,31199,31199,,22860,7500,0,0,30360,0,0,0,0,0,,https://www.calhr.ca.gov,,07/27/2021,,,True,
2020,State Department,"Conservation Corps, California",,Corpsmember,False,False,,31199,31199,,22245,7890,225,0,30360,0,0,0,0,0,,https://www.calhr.ca.gov,,07/27/2021,,,True,
2020,State Department,"Conservation Corps, California",,Corpsmember,False,False,,31199,31199,,22860,7500,0,0,30360,0,0,0,0,0,,https://www.calhr.ca.gov,,07/27/2021,,,True,
2020,State Department,"Conservation Corps, California",,Corpsmember,False,False,,31199,31199,,23130,7125,75,0,30330,0,0,0,0,0,,https://www.calhr.ca.gov,,07/27/2021,,,True,
2020,State Department,"Conservation Corps, California",,Corpsmember,False,False,,31199,31199,,22875,7440,0,0,30315,0,0,0,0,0,,https://www.calhr.ca.gov,,07/27/2021,,,True,
2020,State Department,"Conservation Corps, California",,Corpsmember,False,False,,31199,31199,,21915,8385,0,0,30300,0,0,0,0,0,,https://www.calhr.ca.gov,,07/27/2021,,,True,
2020,State Department,"Conservation Corps, California",,Corpsmember,False,False,,31199,31199,,22695,7605,0,0,30300,0,0,0,0,0,,https://www.calhr.ca.gov,,07/27/2021,,,True,
2020,State Department,"Conservation Corps, California",,Corpsmember,False,False,,31199,31199,,22860,7440,0,0,30300,0,0,0,0,0,,https://www.calhr.ca.gov,,07/27/2021,,,True,
2020,State Department,"Conservation Corps, California",,Corpsmember,False,False,,31199,31199,,22860,7395,0,0,30255,0,0,0,0,0,,https://www.calhr.ca.gov,,07/27/2021,,,True,
2020,State Department,"Conservation Corps, California",,Corpsmember Promo 1,False,False,,31719,31719,,23424,6771,0,0,30195,0,0,0,0,0,,https://www.calhr.ca.gov,,07/27/2021,,,True,
2020,State Department,"Conservation Corps, California",,Corpsmember Promo 2,False,False,,32239,32239,,23804,6371,0,0,30175,0,0,0,0,0,,https://www.calhr.ca.gov,,07/27/2021,,,True,
2020,State Department,"Conservation Corps, California",,Corpsmember,False,False,,31199,31199,,23760,6390,0,0,30150,0,0,0,0,0,,https://www.calhr.ca.gov,,07/27/2021,,,True,
2020,State Department,"Conservation Corps, California",,Corpsmember,False,False,,31199,31199,,19110,10950,75,0,30135,0,0,0,0,0,,https://www.calhr.ca.gov,,07/27/2021,,,True,
2020,State Department,"Conservation Corps, California",,Special Corpsmember,False,False,,34319,34319,,28103,157,1865,0,30124,0,0,0,0,0,,https://www.calhr.ca.gov,,07/27/2021,,,True,
2020,State Department,"Conservation Corps, California",,Special Corpsmember,False,False,,34319,34319,,28779,1299,0,0,30078,0,0,0,0,0,,https://www.calhr.ca.gov,,07/27/2021,,,True,
2020,State Department,"Conservation Corps, California",,Corpsmember,False,False,,31199,31199,,22680,7395,0,0,30075,0,0,0,0,0,,https://www.calhr.ca.gov,,07/27/2021,,,True,
2020,State Department,"Conservation Corps, California",,Corpsmember,False,False,,31199,31199,,22860,7200,0,0,30060,0,0,0,0,0,,https://www.calhr.ca.gov,,07/27/2021,,,True,
2020,State Department,"Conservation Corps, California",,Corpsmember Promo 2,False,False,,32239,32239,,23709,6324,0,0,30033,0,0,0,0,0,,https://www.calhr.ca.gov,,07/27/2021,,,True,
2020,State Department,"Conservation Corps, California",,Special Corpsmember,False,False,,34319,34319,,26763,3267,0,0,30030,0,0,0,0,0,,https://www.calhr.ca.gov,,07/27/2021,,,True,
2020,State Department,"Conservation Corps, California",,Corpsmember Promo 1,False,False,,31719,31719,,23189,6817,0,0,30006,0,0,0,0,0,,https://www.calhr.ca.gov,,07/27/2021,,,True,
2020,State Department,"Conservation Corps, California",,Corpsmember,False,False,,31199,31199,,22860,7125,0,0,29985,0,0,0,0,0,,https://www.calhr.ca.gov,,07/27/2021,,,True,
2020,State Department,"Conservation Corps, California",,Corpsmember,False,False,,31199,31199,,16725,13245,0,0,29970,0,0,0,0,0,,https://www.calhr.ca.gov,,07/27/2021,,,True,
2020,State Department,"Conservation Corps, California",,Corpsmember,False,False,,31199,31199,,22860,7080,0,0,29940,0,0,0,0,0,,https://www.calhr.ca.gov,,07/27/2021,,,True,
2020,State Department,"Conservation Corps, California",,Corpsmember Promo 1,False,False,,31719,31719,,22860,7065,0,0,29925,0,0,0,0,0,,https://www.calhr.ca.gov,,07/27/2021,,,True,
2020,State Department,"Conservation Corps, California",,Corpsmember,False,False,,31199,31199,,22860,7050,0,0,29910,0,0,0,0,0,,https://www.calhr.ca.gov,,07/27/2021,,,True,
2020,State Department,"Conservation Corps, California",,Corpsmember,False,False,,31199,31199,,22860,7005,0,0,29865,0,0,0,0,0,,https://www.calhr.ca.gov,,07/27/2021,,,True,
2020,State Department,"Conservation Corps, California",,Corpsmember,False,False,,31199,31199,,22860,6975,0,0,29835,0,0,0,0,0,,https://www.calhr.ca.gov,,07/27/2021,,,True,
2020,State Department,"Conservation Corps, California",,Corpsmember,False,False,,31199,31199,,22860,6945,0,0,29805,0,0,0,0,0,,https://www.calhr.ca.gov,,07/27/2021,,,True,
2020,State Department,"Conservation Corps, California",,Corpsmember,False,False,,31199,31199,,20160,9570,75,0,29805,0,0,0,0,0,,https://www.calhr.ca.gov,,07/27/2021,,,True,
2020,State Department,"Conservation Corps, California",,Corpsmember,False,False,,31199,31199,,22875,6900,0,0,29775,0,0,0,0,0,,https://www.calhr.ca.gov,,07/27/2021,,,True,
2020,State Department,"Conservation Corps, California",,Corpsmember,False,False,,31199,31199,,24195,5580,0,0,29775,0,0,0,0,0,,https://www.calhr.ca.gov,,07/27/2021,,,True,
2020,State Department,"Conservation Corps, California",,Corpsmember,False,False,,31199,31199,,22860,6915,0,0,29775,0,0,0,0,0,,https://www.calhr.ca.gov,,07/27/2021,,,True,
2020,State Department,"Conservation Corps, California",,Corpsmember,False,False,,31199,31199,,22860,6885,0,0,29745,0,0,0,0,0,,https://www.calhr.ca.gov,,07/27/2021,,,True,
2020,State Department,"Conservation Corps, California",,Corpsmember,False,False,,31199,31199,,22620,7110,0,0,29730,0,0,0,0,0,,https://www.calhr.ca.gov,,07/27/2021,,,True,
2020,State Department,"Conservation Corps, California",,Corpsmember,False,False,,31199,31199,,22875,6840,0,0,29715,0,0,0,0,0,,https://www.calhr.ca.gov,,07/27/2021,,,True,
2020,State Department,"Conservation Corps, California",,Corpsmember,False,False,,31199,31199,,22800,6750,150,0,29700,0,0,0,0,0,,https://www.calhr.ca.gov,,07/27/2021,,,True,
2020,State Department,"Conservation Corps, California",,Corpsmember,False,False,,31199,31199,,22860,6825,0,0,29685,0,0,0,0,0,,https://www.calhr.ca.gov,,07/27/2021,,,True,
2020,State Department,"Conservation Corps, California",,Corpsmember,False,False,,31199,31199,,22860,6795,0,0,29655,0,0,0,0,0,,https://www.calhr.ca.gov,,07/27/2021,,,True,
2020,State Department,"Conservation Corps, California",,Corpsmember,False,False,,31199,31199,,21960,7605,75,0,29640,0,0,0,0,0,,https://www.calhr.ca.gov,,07/27/2021,,,True,
2020,State Department,"Conservation Corps, California",,Corpsmember,False,False,,31199,31199,,18930,10620,75,0,29625,0,0,0,0,0,,https://www.calhr.ca.gov,,07/27/2021,,,True,
2020,State Department,"Conservation Corps, California",,Corpsmember,False,False,,31199,31199,,22860,6720,0,0,29580,0,0,0,0,0,,https://www.calhr.ca.gov,,07/27/2021,,,True,
2020,State Department,"Conservation Corps, California",,Corpsmember,False,False,,31199,31199,,22860,6720,0,0,29580,0,0,0,0,0,,https://www.calhr.ca.gov,,07/27/2021,,,True,
2020,State Department,"Conservation Corps, California",,"Staff Services Analyst (General), Range C",False,False,,51372,64320,,28376,0,0,1179,29555,8649,0,0,5859,14508,2.00% @ 55,https://www.calhr.ca.gov,,07/27/2021,,,True,
2020,State Department,"Conservation Corps, California",,Corpsmember,False,False,,31199,31199,,22860,6645,0,0,29505,0,0,0,0,0,,https://www.calhr.ca.gov,,07/27/2021,,,True,
2020,State Department,"Conservation Corps, California",,Corpsmember,False,False,,31199,31199,,22860,6630,0,0,29490,0,0,0,0,0,,https://www.calhr.ca.gov,,07/27/2021,,,True,
2020,State Department,"Conservation Corps, California",,Corpsmember Promo 1,False,False,,31719,31719,,21416,7834,76,0,29327,0,0,0,0,0,,https://www.calhr.ca.gov,,07/27/2021,,,True,
2020,State Department,"Conservation Corps, California",,Corpsmember Promo 1,False,False,,31719,31719,,23111,6209,0,0,29321,0,0,0,0,0,,https://www.calhr.ca.gov,,07/27/2021,,,True,
2020,State Department,"Conservation Corps, California",,Corpsmember,False,False,,31199,31199,,22860,6450,0,0,29310,0,0,0,0,0,,https://www.calhr.ca.gov,,07/27/2021,,,True,
2020,State Department,"Conservation Corps, California",,Corpsmember,False,False,,31199,31199,,22875,6435,0,0,29310,0,0,0,0,0,,https://www.calhr.ca.gov,,07/27/2021,,,True,
2020,State Department,"Conservation Corps, California",,Corpsmember,False,False,,31199,31199,,22860,6420,0,0,29280,0,0,0,0,0,,https://www.calhr.ca.gov,,07/27/2021,,,True,
2020,State Department,"Conservation Corps, California",,Corpsmember,False,False,,31199,31199,,22860,6420,0,0,29280,0,0,0,0,0,,https://www.calhr.ca.gov,,07/27/2021,,,True,
2020,State Department,"Conservation Corps, California",,Corpsmember,False,False,,31199,31199,,24270,4995,0,0,29265,0,0,0,0,0,,https://www.calhr.ca.gov,,07/27/2021,,,True,
2020,State Department,"Conservation Corps, California",,Corpsmember,False,False,,31199,31199,,22755,6495,0,0,29250,0,0,0,0,0,,https://www.calhr.ca.gov,,07/27/2021,,,True,
2020,State Department,"Conservation Corps, California",,Corpsmember,False,False,,31199,31199,,22860,6375,0,0,29235,0,0,0,0,0,,https://www.calhr.ca.gov,,07/27/2021,,,True,
2020,State Department,"Conservation Corps, California",,Special Corpsmember,False,False,,34319,34319,,28248,0,974,0,29222,0,0,0,0,0,,https://www.calhr.ca.gov,,07/27/2021,,,True,
2020,State Department,"Conservation Corps, California",,Corpsmember,False,False,,31199,31199,,19605,9465,150,0,29220,0,0,0,0,0,,https://www.calhr.ca.gov,,07/27/2021,,,True,
2020,State Department,"Conservation Corps, California",,Corpsmember,False,False,,31199,31199,,22800,6420,0,0,29220,0,0,0,0,0,,https://www.calhr.ca.gov,,07/27/2021,,,True,
2020,State Department,"Conservation Corps, California",,Corpsmember,False,False,,31199,31199,,22875,6330,0,0,29205,0,0,0,0,0,,https://www.calhr.ca.gov,,07/27/2021,,,True,
2020,State Department,"Conservation Corps, California",,Corpsmember,False,False,,31199,31199,,22875,6315,0,0,29190,0,0,0,0,0,,https://www.calhr.ca.gov,,07/27/2021,,,True,
2020,State Department,"Conservation Corps, California",,Corpsmember,False,False,,31199,31199,,22440,6750,0,0,29190,0,0,0,0,0,,https://www.calhr.ca.gov,,07/27/2021,,,True,
2020,State Department,"Conservation Corps, California",,Corpsmember,False,False,,31199,31199,,22440,6735,0,0,29175,0,0,0,0,0,,https://www.calhr.ca.gov,,07/27/2021,,,True,
2020,State Department,"Conservation Corps, California",,Corpsmember,False,False,,31199,31199,,22860,6270,0,0,29130,0,0,0,0,0,,https://www.calhr.ca.gov,,07/27/2021,,,True,
2020,State Department,"Conservation Corps, California",,Corpsmember,False,False,,31199,31199,,22860,6270,0,0,29130,0,0,0,0,0,,https://www.calhr.ca.gov,,07/27/2021,,,True,
2020,State Department,"Conservation Corps, California",,Corpsmember,False,False,,31199,31199,,20865,8115,150,0,29130,0,0,0,0,0,,https://www.calhr.ca.gov,,07/27/2021,,,True,
2020,State Department,"Conservation Corps, California",,Corpsmember,False,False,,31199,31199,,22860,6255,0,0,29115,0,0,0,0,0,,https://www.calhr.ca.gov,,07/27/2021,,,True,
2020,State Department,"Conservation Corps, California",,Corpsmember,False,False,,31199,31199,,22860,6180,0,0,29040,0,0,0,0,0,,https://www.calhr.ca.gov,,07/27/2021,,,True,
2020,State Department,"Conservation Corps, California",,Corpsmember,False,False,,31199,31199,,22140,6885,0,0,29025,0,0,0,0,0,,https://www.calhr.ca.gov,,07/27/2021,,,True,
2020,State Department,"Conservation Corps, California",,Corpsmember,False,False,,31199,31199,,20205,8805,0,0,29010,0,0,0,0,0,,https://www.calhr.ca.gov,,07/27/2021,,,True,
2020,State Department,"Conservation Corps, California",,Corpsmember,False,False,,31199,31199,,22050,6960,0,0,29010,0,0,0,0,0,,https://www.calhr.ca.gov,,07/27/2021,,,True,
2020,State Department,"Conservation Corps, California",,Corpsmember Promo 1,False,False,,31719,31719,,23056,5941,0,0,28996,0,0,0,0,0,,https://www.calhr.ca.gov,,07/27/2021,,,True,
2020,State Department,"Conservation Corps, California",,Corpsmember,False,False,,31199,31199,,20565,8385,0,0,28950,0,0,0,0,0,,https://www.calhr.ca.gov,,07/27/2021,,,True,
2020,State Department,"Conservation Corps, California",,Corpsmember,False,False,,31199,31199,,22860,6090,0,0,28950,0,0,0,0,0,,https://www.calhr.ca.gov,,07/27/2021,,,True,
2020,State Department,"Conservation Corps, California",,Corpsmember,False,False,,31199,31199,,22860,6090,0,0,28950,0,0,0,0,0,,https://www.calhr.ca.gov,,07/27/2021,,,True,
2020,State Department,"Conservation Corps, California",,Corpsmember,False,False,,31199,31199,,22860,6060,0,0,28920,0,0,0,0,0,,https://www.calhr.ca.gov,,07/27/2021,,,True,
2020,State Department,"Conservation Corps, California",,Corpsmember Promo 1,False,False,,31719,31719,,23273,5627,0,0,28900,0,0,0,0,0,,https://www.calhr.ca.gov,,07/27/2021,,,True,
2020,State Department,"Conservation Corps, California",,Corpsmember,False,False,,31199,31199,,20205,8685,0,0,28890,0,0,0,0,0,,https://www.calhr.ca.gov,,07/27/2021,,,True,
2020,State Department,"Conservation Corps, California",,Corpsmember,False,False,,31199,31199,,22860,6030,0,0,28890,0,0,0,0,0,,https://www.calhr.ca.gov,,07/27/2021,,,True,
2020,State Department,"Conservation Corps, California",,Corpsmember,False,False,,31199,31199,,22860,6015,0,0,28875,0,0,0,0,0,,https://www.calhr.ca.gov,,07/27/2021,,,True,
2020,State Department,"Conservation Corps, California",,Corpsmember,False,False,,31199,31199,,22860,6015,0,0,28875,0,0,0,0,0,,https://www.calhr.ca.gov,,07/27/2021,,,True,
2020,State Department,"Conservation Corps, California",,Special Corpsmember,False,False,,34319,34319,,28809,50,0,0,28859,0,0,0,0,0,,https://www.calhr.ca.gov,,07/27/2021,,,True,
2020,State Department,"Conservation Corps, California",,Corpsmember,False,False,,31199,31199,,22380,6435,0,0,28815,0,0,0,0,0,,https://www.calhr.ca.gov,,07/27/2021,,,True,
2020,State Department,"Conservation Corps, California",,Corpsmember,False,False,,31199,31199,,20565,8175,75,0,28815,0,0,0,0,0,,https://www.calhr.ca.gov,,07/27/2021,,,True,
2020,State Department,"Conservation Corps, California",,Corpsmember,False,False,,31199,31199,,20265,8550,0,0,28815,0,0,0,0,0,,https://www.calhr.ca.gov,,07/27/2021,,,True,
2020,State Department,"Conservation Corps, California",,Corpsmember Promo 2,False,False,,32239,32239,,23363,5429,0,0,28792,0,0,0,0,0,,https://www.calhr.ca.gov,,07/27/2021,,,True,
2020,State Department,"Conservation Corps, California",,Corpsmember,False,False,Maintenance Aide (Seasonal),31199,31199,,23448,5250,75,0,28773,0,0,0,0,0,,https://www.calhr.ca.gov,,07/27/2021,,,True,
2020,State Department,"Conservation Corps, California",,Corpsmember,False,False,,31199,31199,,22860,5910,0,0,28770,0,0,0,0,0,,https://www.calhr.ca.gov,,07/27/2021,,,True,
2020,State Department,"Conservation Corps, California",,Corpsmember,False,False,,31199,31199,,22800,5955,0,0,28755,0,0,0,0,0,,https://www.calhr.ca.gov,,07/27/2021,,,True,
2020,State Department,"Conservation Corps, California",,Corpsmember,False,False,,31199,31199,,20655,8085,0,0,28740,0,0,0,0,0,,https://www.calhr.ca.gov,,07/27/2021,,,True,
2020,State Department,"Conservation Corps, California",,Corpsmember,False,False,,31199,31199,,22860,5880,0,0,28740,0,0,0,0,0,,https://www.calhr.ca.gov,,07/27/2021,,,True,
2020,State Department,"Conservation Corps, California",,Corpsmember,False,False,,31199,31199,,19620,9045,75,0,28740,0,0,0,0,0,,https://www.calhr.ca.gov,,07/27/2021,,,True,
2020,State Department,"Conservation Corps, California",,Corpsmember Promo 1,False,False,,31719,31719,,19520,9120,76,0,28716,0,0,0,0,0,,https://www.calhr.ca.gov,,07/27/2021,,,True,
2020,State Department,"Conservation Corps, California",,"Cook Specialist I, Range A",False,False,,37428,45864,,25714,1524,693,780,28712,2457,0,0,215,2671,2.00% @ 55,https://www.calhr.ca.gov,,07/27/2021,,,True,
2020,State Department,"Conservation Corps, California",,Corpsmember,False,False,,31199,31199,,24765,3720,225,0,28710,0,0,0,0,0,,https://www.calhr.ca.gov,,07/27/2021,,,True,
2020,State Department,"Conservation Corps, California",,Corpsmember,False,False,,31199,31199,,18870,9810,0,0,28680,0,0,0,0,0,,https://www.calhr.ca.gov,,07/27/2021,,,True,
2020,State Department,"Conservation Corps, California",,Corpsmember,False,False,,31199,31199,,21945,6735,0,0,28680,0,0,0,0,0,,https://www.calhr.ca.gov,,07/27/2021,,,True,
2020,State Department,"Conservation Corps, California",,Corpsmember,False,False,,31199,31199,,22860,5760,0,0,28620,0,0,0,0,0,,https://www.calhr.ca.gov,,07/27/2021,,,True,
2020,State Department,"Conservation Corps, California",,Special Corpsmember,False,False,,34319,34319,,28446,173,0,0,28619,0,0,0,0,0,,https://www.calhr.ca.gov,,07/27/2021,,,True,
2020,State Department,"Conservation Corps, California",,Corpsmember,False,False,,31199,31199,,22860,5715,0,0,28575,0,0,0,0,0,,https://www.calhr.ca.gov,,07/27/2021,,,True,
2020,State Department,"Conservation Corps, California",,Corpsmember,False,False,,31199,31199,,22860,5670,0,0,28530,0,0,0,0,0,,https://www.calhr.ca.gov,,07/27/2021,,,True,
2020,State Department,"Conservation Corps, California",,Corpsmember,False,False,,31199,31199,,20640,7890,0,0,28530,0,0,0,0,0,,https://www.calhr.ca.gov,,07/27/2021,,,True,
2020,State Department,"Conservation Corps, California",,Corpsmember Promo 1,False,False,,31719,31719,,22917,5550,0,0,28467,0,0,0,0,0,,https://www.calhr.ca.gov,,07/27/2021,,,True,
2020,State Department,"Conservation Corps, California",,Corpsmember,False,False,,31199,31199,,19830,8625,0,0,28455,0,0,0,0,0,,https://www.calhr.ca.gov,,07/27/2021,,,True,
2020,State Department,"Conservation Corps, California",,Corpsmember Promo 2,False,False,,32239,32239,,25974,2167,310,0,28451,0,0,0,0,0,,https://www.calhr.ca.gov,,07/27/2021,,,True,
2020,State Department,"Conservation Corps, California",,Corpsmember,False,False,,31199,31199,,22860,5580,0,0,28440,0,0,0,0,0,,https://www.calhr.ca.gov,,07/27/2021,,,True,
2020,State Department,"Conservation Corps, California",,Corpsmember,False,False,,31199,31199,,22860,5580,0,0,28440,0,0,0,0,0,,https://www.calhr.ca.gov,,07/27/2021,,,True,
2020,State Department,"Conservation Corps, California",,Special Corpsmember,False,False,,34319,34319,,25476,2314,644,0,28434,0,0,0,0,0,,https://www.calhr.ca.gov,,07/27/2021,,,True,
2020,State Department,"Conservation Corps, California",,Corpsmember Promo 1,False,False,,31719,31719,,23001,5423,0,0,28424,0,0,0,0,0,,https://www.calhr.ca.gov,,07/27/2021,,,True,
2020,State Department,"Conservation Corps, California",,Corpsmember,False,False,,31199,31199,,22860,5535,0,0,28395,0,0,0,0,0,,https://www.calhr.ca.gov,,07/27/2021,,,True,
2020,State Department,"Conservation Corps, California",,Corpsmember,False,False,,31199,31199,,20205,8175,0,0,28380,0,0,0,0,0,,https://www.calhr.ca.gov,,07/27/2021,,,True,
2020,State Department,"Conservation Corps, California",,Corpsmember,False,False,,31199,31199,,18435,9870,0,0,28305,0,0,0,0,0,,https://www.calhr.ca.gov,,07/27/2021,,,True,
2020,State Department,"Conservation Corps, California",,Corpsmember,False,False,,31199,31199,,22860,5445,0,0,28305,0,0,0,0,0,,https://www.calhr.ca.gov,,07/27/2021,,,True,
2020,State Department,"Conservation Corps, California",,Special Corpsmember,False,False,,34319,34319,,27935,355,0,0,28289,0,0,0,0,0,,https://www.calhr.ca.gov,,07/27/2021,,,True,
2020,State Department,"Conservation Corps, California",,"Conservationist I, Range A",False,False,,35880,43644,,9729,18514,0,40,28283,1952,0,0,313,2265,2.50% @ 55,https://www.calhr.ca.gov,,07/27/2021,,,True,
2020,State Department,"Conservation Corps, California",,Corpsmember,False,False,,31199,31199,,24765,3405,75,0,28245,0,0,0,0,0,,https://www.calhr.ca.gov,,07/27/2021,,,True,
2020,State Department,"Conservation Corps, California",,Corpsmember,False,False,,31199,31199,,21855,6165,225,0,28245,0,0,0,0,0,,https://www.calhr.ca.gov,,07/27/2021,,,True,
2020,State Department,"Conservation Corps, California",,Corpsmember,False,False,,31199,31199,,18870,9360,0,0,28230,0,0,0,0,0,,https://www.calhr.ca.gov,,07/27/2021,,,True,
2020,State Department,"Conservation Corps, California",,Special Corpsmember,False,False,,34319,34319,,27222,1007,0,0,28229,0,0,0,0,0,,https://www.calhr.ca.gov,,07/27/2021,,,True,
2020,State Department,"Conservation Corps, California",,Corpsmember,False,False,,31199,31199,,22500,5715,0,0,28215,0,0,0,0,0,,https://www.calhr.ca.gov,,07/27/2021,,,True,
2020,State Department,"Conservation Corps, California",,Corpsmember,False,False,,31199,31199,,20640,7575,0,0,28215,0,0,0,0,0,,https://www.calhr.ca.gov,,07/27/2021,,,True,
2020,State Department,"Conservation Corps, California",,Corpsmember,False,False,,31199,31199,,22860,5340,0,0,28200,0,0,0,0,0,,https://www.calhr.ca.gov,,07/27/2021,,,True,
2020,State Department,"Conservation Corps, California",,Corpsmember,False,False,,31199,31199,,22860,5340,0,0,28200,0,0,0,0,0,,https://www.calhr.ca.gov,,07/27/2021,,,True,
2020,State Department,"Conservation Corps, California",,Corpsmember,False,False,,31199,31199,,16530,11520,150,0,28200,0,0,0,0,0,,https://www.calhr.ca.gov,,07/27/2021,,,True,
2020,State Department,"Conservation Corps, California",,Corpsmember,False,False,,31199,31199,,22890,5295,0,0,28185,0,0,0,0,0,,https://www.calhr.ca.gov,,07/27/2021,,,True,
2020,State Department,"Conservation Corps, California",,Special Corpsmember,False,False,,34319,34319,,26928,413,817,0,28157,0,0,0,0,0,,https://www.calhr.ca.gov,,07/27/2021,,,True,
2020,State Department,"Conservation Corps, California",,Corpsmember,False,False,,31199,31199,,19770,8385,0,0,28155,0,0,0,0,0,,https://www.calhr.ca.gov,,07/27/2021,,,True,
2020,State Department,"Conservation Corps, California",,Corpsmember,False,False,,31199,31199,,22860,5295,0,0,28155,0,0,0,0,0,,https://www.calhr.ca.gov,,07/27/2021,,,True,
2020,State Department,"Conservation Corps, California",,Corpsmember,False,False,,31199,31199,,22800,5340,0,0,28140,0,0,0,0,0,,https://www.calhr.ca.gov,,07/27/2021,,,True,
2020,State Department,"Conservation Corps, California",,Corpsmember,False,False,,31199,31199,,21435,6480,225,0,28140,0,0,0,0,0,,https://www.calhr.ca.gov,,07/27/2021,,,True,
2020,State Department,"Conservation Corps, California",,Corpsmember,False,False,,31199,31199,,20595,7530,0,0,28125,0,0,0,0,0,,https://www.calhr.ca.gov,,07/27/2021,,,True,
2020,State Department,"Conservation Corps, California",,Corpsmember Promo 1,False,False,,31719,31719,,24860,3035,229,0,28123,0,0,0,0,0,,https://www.calhr.ca.gov,,07/27/2021,,,True,
2020,State Department,"Conservation Corps, California",,Special Corpsmember,False,False,,34319,34319,,28083,0,0,0,28083,0,0,0,0,0,,https://www.calhr.ca.gov,,07/27/2021,,,True,
2020,State Department,"Conservation Corps, California",,Corpsmember,False,False,,31199,31199,,20205,7860,0,0,28065,0,0,0,0,0,,https://www.calhr.ca.gov,,07/27/2021,,,True,
2020,State Department,"Conservation Corps, California",,Corpsmember,False,False,,31199,31199,,22410,5460,150,0,28020,0,0,0,0,0,,https://www.calhr.ca.gov,,07/27/2021,,,True,
2020,State Department,"Conservation Corps, California",,Corpsmember,False,False,,31199,31199,,22860,5145,0,0,28005,0,0,0,0,0,,https://www.calhr.ca.gov,,07/27/2021,,,True,
2020,State Department,"Conservation Corps, California",,Corpsmember,False,False,,31199,31199,,20205,7800,0,0,28005,0,0,0,0,0,,https://www.calhr.ca.gov,,07/27/2021,,,True,
2020,State Department,"Conservation Corps, California",,Corpsmember,False,False,,31199,31199,,20205,7800,0,0,28005,0,0,0,0,0,,https://www.calhr.ca.gov,,07/27/2021,,,True,
2020,State Department,"Conservation Corps, California",,Corpsmember,False,False,,31199,31199,,22875,5085,0,0,27960,0,0,0,0,0,,https://www.calhr.ca.gov,,07/27/2021,,,True,
2020,State Department,"Conservation Corps, California",,Corpsmember,False,False,,31199,31199,,21915,5955,75,0,27945,0,0,0,0,0,,https://www.calhr.ca.gov,,07/27/2021,,,True,
2020,State Department,"Conservation Corps, California",,Corpsmember,False,False,,31199,31199,,20205,7740,0,0,27945,0,0,0,0,0,,https://www.calhr.ca.gov,,07/27/2021,,,True,
2020,State Department,"Conservation Corps, California",,Corpsmember,False,False,,31199,31199,,21045,6720,150,0,27915,0,0,0,0,0,,https://www.calhr.ca.gov,,07/27/2021,,,True,
2020,State Department,"Conservation Corps, California",,Corpsmember,False,False,,31199,31199,,22860,5040,0,0,27900,0,0,0,0,0,,https://www.calhr.ca.gov,,07/27/2021,,,True,
2020,State Department,"Conservation Corps, California",,Corpsmember,False,False,,31199,31199,,22860,5040,0,0,27900,0,0,0,0,0,,https://www.calhr.ca.gov,,07/27/2021,,,True,
2020,State Department,"Conservation Corps, California",,Corpsmember Promo 1,False,False,,31719,31719,,21266,6634,0,0,27900,0,0,0,0,0,,https://www.calhr.ca.gov,,07/27/2021,,,True,
2020,State Department,"Conservation Corps, California",,Corpsmember,False,False,,31199,31199,,20955,6750,150,0,27855,0,0,0,0,0,,https://www.calhr.ca.gov,,07/27/2021,,,True,
2020,State Department,"Conservation Corps, California",,Corpsmember,False,False,,31199,31199,,21825,6015,0,0,27840,0,0,0,0,0,,https://www.calhr.ca.gov,,07/27/2021,,,True,
2020,State Department,"Conservation Corps, California",,Corpsmember,False,False,,31199,31199,,16605,11220,0,0,27825,0,0,0,0,0,,https://www.calhr.ca.gov,,07/27/2021,,,True,
2020,State Department,"Conservation Corps, California",,Special Corpsmember,False,False,,34319,34319,,27608,0,206,0,27814,0,0,0,0,0,,https://www.calhr.ca.gov,,07/27/2021,,,True,
2020,State Department,"Conservation Corps, California",,Corpsmember,False,False,,31199,31199,,18870,8940,0,0,27810,0,0,0,0,0,,https://www.calhr.ca.gov,,07/27/2021,,,True,
2020,State Department,"Conservation Corps, California",,Corpsmember,False,False,,31199,31199,,22860,4950,0,0,27810,0,0,0,0,0,,https://www.calhr.ca.gov,,07/27/2021,,,True,
2020,State Department,"Conservation Corps, California",,Corpsmember,False,False,,31199,31199,,20205,7515,75,0,27795,0,0,0,0,0,,https://www.calhr.ca.gov,,07/27/2021,,,True,
2020,State Department,"Conservation Corps, California",,Corpsmember,False,False,,31199,31199,,22860,4890,0,0,27750,0,0,0,0,0,,https://www.calhr.ca.gov,,07/27/2021,,,True,
2020,State Department,"Conservation Corps, California",,Corpsmember,False,False,,31199,31199,,20265,7485,0,0,27750,0,0,0,0,0,,https://www.calhr.ca.gov,,07/27/2021,,,True,
2020,State Department,"Conservation Corps, California",,Corpsmember,False,False,,31199,31199,,20085,7590,75,0,27750,0,0,0,0,0,,https://www.calhr.ca.gov,,07/27/2021,,,True,
2020,State Department,"Conservation Corps, California",,Corpsmember,False,False,,31199,31199,,22680,5070,0,0,27750,0,0,0,0,0,,https://www.calhr.ca.gov,,07/27/2021,,,True,
2020,State Department,"Conservation Corps, California",,Corpsmember,False,False,,31199,31199,,20955,6555,225,0,27735,0,0,0,0,0,,https://www.calhr.ca.gov,,07/27/2021,,,True,
2020,State Department,"Conservation Corps, California",,Corpsmember,False,False,,31199,31199,,20640,7080,0,0,27720,0,0,0,0,0,,https://www.calhr.ca.gov,,07/27/2021,,,True,
2020,State Department,"Conservation Corps, California",,Corpsmember,False,False,,31199,31199,,22860,4860,0,0,27720,0,0,0,0,0,,https://www.calhr.ca.gov,,07/27/2021,,,True,
2020,State Department,"Conservation Corps, California",,Corpsmember,False,False,,31199,31199,,16665,11010,0,0,27675,0,0,0,0,0,,https://www.calhr.ca.gov,,07/27/2021,,,True,
2020,State Department,"Conservation Corps, California",,Corpsmember Promo 1,False,False,,31719,31719,,22753,4911,0,0,27664,0,0,0,0,0,,https://www.calhr.ca.gov,,07/27/2021,,,True,
2020,State Department,"Conservation Corps, California",,Corpsmember,False,False,,31199,31199,,22860,4800,0,0,27660,0,0,0,0,0,,https://www.calhr.ca.gov,,07/27/2021,,,True,
2020,State Department,"Conservation Corps, California",,Corpsmember,False,False,,31199,31199,,22890,4770,0,0,27660,0,0,0,0,0,,https://www.calhr.ca.gov,,07/27/2021,,,True,
2020,State Department,"Conservation Corps, California",,Corpsmember,False,False,,31199,31199,,18810,8835,0,0,27645,0,0,0,0,0,,https://www.calhr.ca.gov,,07/27/2021,,,True,
2020,State Department,"Conservation Corps, California",,Corpsmember,False,False,,31199,31199,,22860,4770,0,0,27630,0,0,0,0,0,,https://www.calhr.ca.gov,,07/27/2021,,,True,
2020,State Department,"Conservation Corps, California",,Corpsmember,False,False,,31199,31199,,22860,4770,0,0,27630,0,0,0,0,0,,https://www.calhr.ca.gov,,07/27/2021,,,True,
2020,State Department,"Conservation Corps, California",,Corpsmember,False,False,,31199,31199,,22860,4770,0,0,27630,0,0,0,0,0,,https://www.calhr.ca.gov,,07/27/2021,,,True,
2020,State Department,"Conservation Corps, California",,Corpsmember,False,False,,31199,31199,,20070,7500,0,0,27570,0,0,0,0,0,,https://www.calhr.ca.gov,,07/27/2021,,,True,
2020,State Department,"Conservation Corps, California",,Corpsmember Promo 2,False,False,,32239,32239,,25601,1736,233,0,27569,0,0,0,0,0,,https://www.calhr.ca.gov,,07/27/2021,,,True,
2020,State Department,"Conservation Corps, California",,"Office Technician (Typing), Range A",False,False,,37728,47220,,26229,0,0,1300,27529,7877,0,0,5327,13203,2.00% @ 55,https://www.calhr.ca.gov,,07/27/2021,,,True,
2020,State Department,"Conservation Corps, California",,Conservationist II,False,False,,56544,70236,,11338,293,15894,0,27525,3111,0,0,4561,7672,2.50% @ 55,https://www.calhr.ca.gov,,07/27/2021,,,True,
2020,State Department,"Conservation Corps, California",,Corpsmember,False,False,,31199,31199,,22860,4665,0,0,27525,0,0,0,0,0,,https://www.calhr.ca.gov,,07/27/2021,,,True,
2020,State Department,"Conservation Corps, California",,Corpsmember,False,False,,31199,31199,,21675,5835,0,0,27510,0,0,0,0,0,,https://www.calhr.ca.gov,,07/27/2021,,,True,
2020,State Department,"Conservation Corps, California",,Corpsmember,False,False,,31199,31199,,22875,4620,0,0,27495,0,0,0,0,0,,https://www.calhr.ca.gov,,07/27/2021,,,True,
2020,State Department,"Conservation Corps, California",,Corpsmember,False,False,,31199,31199,,21795,5700,0,0,27495,0,0,0,0,0,,https://www.calhr.ca.gov,,07/27/2021,,,True,
2020,State Department,"Conservation Corps, California",,Corpsmember Promo 1,False,False,,31719,31719,,22848,4620,0,0,27468,0,0,0,0,0,,https://www.calhr.ca.gov,,07/27/2021,,,True,
2020,State Department,"Conservation Corps, California",,Corpsmember Promo 1,False,False,,31719,31719,,23204,4209,0,0,27413,0,0,0,0,0,,https://www.calhr.ca.gov,,07/27/2021,,,True,
2020,State Department,"Conservation Corps, California",,Corpsmember,False,False,,31199,31199,,19980,7185,225,0,27390,0,0,0,0,0,,https://www.calhr.ca.gov,,07/27/2021,,,True,
2020,State Department,"Conservation Corps, California",,Corpsmember,False,False,,31199,31199,,18870,8505,0,0,27375,0,0,0,0,0,,https://www.calhr.ca.gov,,07/27/2021,,,True,
2020,State Department,"Conservation Corps, California",,Corpsmember,False,False,,31199,31199,,20205,7125,0,0,27330,0,0,0,0,0,,https://www.calhr.ca.gov,,07/27/2021,,,True,
2020,State Department,"Conservation Corps, California",,Corpsmember Promo 1,False,False,,31719,31719,,23210,4118,0,0,27327,0,0,0,0,0,,https://www.calhr.ca.gov,,07/27/2021,,,True,
2020,State Department,"Conservation Corps, California",,Corpsmember,False,False,,31199,31199,,22380,4935,0,0,27315,0,0,0,0,0,,https://www.calhr.ca.gov,,07/27/2021,,,True,
2020,State Department,"Conservation Corps, California",,Corpsmember,False,False,,31199,31199,,22695,4605,0,0,27300,0,0,0,0,0,,https://www.calhr.ca.gov,,07/27/2021,,,True,
2020,State Department,"Conservation Corps, California",,Corpsmember,False,False,,31199,31199,,22860,4425,0,0,27285,0,0,0,0,0,,https://www.calhr.ca.gov,,07/27/2021,,,True,
2020,State Department,"Conservation Corps, California",,Corpsmember,False,False,,31199,31199,,22440,4845,0,0,27285,0,0,0,0,0,,https://www.calhr.ca.gov,,07/27/2021,,,True,
2020,State Department,"Conservation Corps, California",,Corpsmember,False,False,,31199,31199,,22860,4200,225,0,27285,0,0,0,0,0,,https://www.calhr.ca.gov,,07/27/2021,,,True,
2020,State Department,"Conservation Corps, California",,Corpsmember,False,False,,31199,31199,,12705,14235,300,0,27240,0,0,0,0,0,,https://www.calhr.ca.gov,,07/27/2021,,,True,
2020,State Department,"Conservation Corps, California",,Corpsmember,False,False,,31199,31199,,21150,6075,0,0,27225,0,0,0,0,0,,https://www.calhr.ca.gov,,07/27/2021,,,True,
2020,State Department,"Conservation Corps, California",,Corpsmember Promo 1,False,False,,31719,31719,,22608,4590,0,0,27198,0,0,0,0,0,,https://www.calhr.ca.gov,,07/27/2021,,,True,
2020,State Department,"Conservation Corps, California",,Corpsmember,False,False,,31199,31199,,22575,4620,0,0,27195,0,0,0,0,0,,https://www.calhr.ca.gov,,07/27/2021,,,True,
2020,State Department,"Conservation Corps, California",,Corpsmember,False,False,,31199,31199,,22575,4620,0,0,27195,0,0,0,0,0,,https://www.calhr.ca.gov,,07/27/2021,,,True,
2020,State Department,"Conservation Corps, California",,Corpsmember,False,False,,31199,31199,,19530,7575,0,0,27105,0,0,0,0,0,,https://www.calhr.ca.gov,,07/27/2021,,,True,
2020,State Department,"Conservation Corps, California",,Corpsmember Promo 2,False,False,,32239,32239,,23534,3545,0,0,27080,0,0,0,0,0,,https://www.calhr.ca.gov,,07/27/2021,,,True,
2020,State Department,"Conservation Corps, California",,Special Corpsmember,False,False,,34319,34319,,23172,0,0,3905,27077,0,0,0,0,0,,https://www.calhr.ca.gov,,07/27/2021,,,True,
2020,State Department,"Conservation Corps, California",,Corpsmember,False,False,,31199,31199,,19950,7125,0,0,27075,0,0,0,0,0,,https://www.calhr.ca.gov,,07/27/2021,,,True,
2020,State Department,"Conservation Corps, California",,Corpsmember,False,False,,31199,31199,,21615,5460,0,0,27075,0,0,0,0,0,,https://www.calhr.ca.gov,,07/27/2021,,,True,
2020,State Department,"Conservation Corps, California",,Corpsmember,False,False,,31199,31199,,22860,4200,0,0,27060,0,0,0,0,0,,https://www.calhr.ca.gov,,07/27/2021,,,True,
2020,State Department,"Conservation Corps, California",,Corpsmember,False,False,,31199,31199,,19905,7110,0,0,27015,0,0,0,0,0,,https://www.calhr.ca.gov,,07/27/2021,,,True,
2020,State Department,"Conservation Corps, California",,Corpsmember,False,False,,31199,31199,,22875,4140,0,0,27015,0,0,0,0,0,,https://www.calhr.ca.gov,,07/27/2021,,,True,
2020,State Department,"Conservation Corps, California",,Corpsmember,False,False,,31199,31199,,22860,4155,0,0,27015,0,0,0,0,0,,https://www.calhr.ca.gov,,07/27/2021,,,True,
2020,State Department,"Conservation Corps, California",,Corpsmember,False,False,,31199,31199,,19560,7200,225,0,26985,0,0,0,0,0,,https://www.calhr.ca.gov,,07/27/2021,,,True,
2020,State Department,"Conservation Corps, California",,Corpsmember,False,False,,31199,31199,,18870,8085,0,0,26955,0,0,0,0,0,,https://www.calhr.ca.gov,,07/27/2021,,,True,
2020,State Department,"Conservation Corps, California",,Corpsmember,False,False,,31199,31199,,17085,9870,0,0,26955,0,0,0,0,0,,https://www.calhr.ca.gov,,07/27/2021,,,True,
2020,State Department,"Conservation Corps, California",,Corpsmember,False,False,,31199,31199,,16230,10635,75,0,26940,0,0,0,0,0,,https://www.calhr.ca.gov,,07/27/2021,,,True,
2020,State Department,"Conservation Corps, California",,Corpsmember,False,False,,31199,31199,,24600,2040,225,0,26865,0,0,0,0,0,,https://www.calhr.ca.gov,,07/27/2021,,,True,
2020,State Department,"Conservation Corps, California",,Corpsmember,False,False,,31199,31199,,20205,6630,0,0,26835,0,0,0,0,0,,https://www.calhr.ca.gov,,07/27/2021,,,True,
2020,State Department,"Conservation Corps, California",,Corpsmember Promo 1,False,False,,31719,31719,,23048,3779,0,0,26827,0,0,0,0,0,,https://www.calhr.ca.gov,,07/27/2021,,,True,
2020,State Department,"Conservation Corps, California",,Corpsmember,False,False,,31199,31199,,22860,3795,150,0,26805,0,0,0,0,0,,https://www.calhr.ca.gov,,07/27/2021,,,True,
2020,State Department,"Conservation Corps, California",,Corpsmember,False,False,,31199,31199,,22500,4305,0,0,26805,0,0,0,0,0,,https://www.calhr.ca.gov,,07/27/2021,,,True,
2020,State Department,"Conservation Corps, California",,Special Corpsmember,False,False,,34319,34319,,26730,0,0,0,26730,0,0,0,0,0,,https://www.calhr.ca.gov,,07/27/2021,,,True,
2020,State Department,"Conservation Corps, California",,Corpsmember,False,False,,31199,31199,,20775,5940,0,0,26715,0,0,0,0,0,,https://www.calhr.ca.gov,,07/27/2021,,,True,
2020,State Department,"Conservation Corps, California",,Corpsmember,False,False,,31199,31199,,20265,6435,0,0,26700,0,0,0,0,0,,https://www.calhr.ca.gov,,07/27/2021,,,True,
2020,State Department,"Conservation Corps, California",,Corpsmember,False,False,,31199,31199,,18630,8040,0,0,26670,0,0,0,0,0,,https://www.calhr.ca.gov,,07/27/2021,,,True,
2020,State Department,"Conservation Corps, California",,Corpsmember Promo 1,False,False,,31719,31719,,20733,5399,534,0,26665,0,0,0,0,0,,https://www.calhr.ca.gov,,07/27/2021,,,True,
2020,State Department,"Conservation Corps, California",,Corpsmember,False,False,,31199,31199,,20955,5625,75,0,26655,0,0,0,0,0,,https://www.calhr.ca.gov,,07/27/2021,,,True,
2020,State Department,"Conservation Corps, California",,Corpsmember,False,False,,31199,31199,,20640,6015,0,0,26655,0,0,0,0,0,,https://www.calhr.ca.gov,,07/27/2021,,,True,
2020,State Department,"Conservation Corps, California",,Corpsmember,False,False,,31199,31199,,22860,3750,0,0,26610,0,0,0,0,0,,https://www.calhr.ca.gov,,07/27/2021,,,True,
2020,State Department,"Conservation Corps, California",,Corpsmember,False,False,,31199,31199,,22875,3720,0,0,26595,0,0,0,0,0,,https://www.calhr.ca.gov,,07/27/2021,,,True,
2020,State Department,"Conservation Corps, California",,Corpsmember,False,False,,31199,31199,,22875,3720,0,0,26595,0,0,0,0,0,,https://www.calhr.ca.gov,,07/27/2021,,,True,
2020,State Department,"Conservation Corps, California",,Corpsmember,False,False,,31199,31199,,20640,5940,0,0,26580,0,0,0,0,0,,https://www.calhr.ca.gov,,07/27/2021,,,True,
2020,State Department,"Conservation Corps, California",,Corpsmember,False,False,,31199,31199,,20655,5925,0,0,26580,0,0,0,0,0,,https://www.calhr.ca.gov,,07/27/2021,,,True,
2020,State Department,"Conservation Corps, California",,Corpsmember,False,False,,31199,31199,,22860,3720,0,0,26580,0,0,0,0,0,,https://www.calhr.ca.gov,,07/27/2021,,,True,
2020,State Department,"Conservation Corps, California",,Corpsmember,False,False,,31199,31199,,16665,9885,0,0,26550,0,0,0,0,0,,https://www.calhr.ca.gov,,07/27/2021,,,True,
2020,State Department,"Conservation Corps, California",,Corpsmember,False,False,,31199,31199,,22875,3660,0,0,26535,0,0,0,0,0,,https://www.calhr.ca.gov,,07/27/2021,,,True,
2020,State Department,"Conservation Corps, California",,Corpsmember,False,False,,31199,31199,,20910,5550,75,0,26535,0,0,0,0,0,,https://www.calhr.ca.gov,,07/27/2021,,,True,
2020,State Department,"Conservation Corps, California",,Corpsmember,False,False,,31199,31199,,22620,3855,0,0,26475,0,0,0,0,0,,https://www.calhr.ca.gov,,07/27/2021,,,True,
2020,State Department,"Conservation Corps, California",,Corpsmember,False,False,,31199,31199,,18870,7605,0,0,26475,0,0,0,0,0,,https://www.calhr.ca.gov,,07/27/2021,,,True,
2020,State Department,"Conservation Corps, California",,Corpsmember Promo 1,False,False,,31719,31719,,22198,4087,153,0,26438,0,0,0,0,0,,https://www.calhr.ca.gov,,07/27/2021,,,True,
2020,State Department,"Conservation Corps, California",,Corpsmember,False,False,,31199,31199,,18930,7485,0,0,26415,0,0,0,0,0,,https://www.calhr.ca.gov,,07/27/2021,,,True,
2020,State Department,"Conservation Corps, California",,Corpsmember,False,False,,31199,31199,,18570,7845,0,0,26415,0,0,0,0,0,,https://www.calhr.ca.gov,,07/27/2021,,,True,
2020,State Department,"Conservation Corps, California",,Corpsmember,False,False,,31199,31199,,20235,6180,0,0,26415,0,0,0,0,0,,https://www.calhr.ca.gov,,07/27/2021,,,True,
2020,State Department,"Conservation Corps, California",,Corpsmember,False,False,,31199,31199,,20640,5760,0,0,26400,0,0,0,0,0,,https://www.calhr.ca.gov,,07/27/2021,,,True,
2020,State Department,"Conservation Corps, California",,Corpsmember,False,False,Maintenance Aide (Seasonal),31199,31199,,25124,1274,0,0,26398,0,0,0,0,0,,https://www.calhr.ca.gov,,07/27/2021,,,True,
2020,State Department,"Conservation Corps, California",,Corpsmember,False,False,,31199,31199,,18870,7515,0,0,26385,0,0,0,0,0,,https://www.calhr.ca.gov,,07/27/2021,,,True,
2020,State Department,"Conservation Corps, California",,Corpsmember Promo 1,False,False,,31719,31719,,20883,5490,0,0,26373,0,0,0,0,0,,https://www.calhr.ca.gov,,07/27/2021,,,True,
2020,State Department,"Conservation Corps, California",,Corpsmember Promo 1,False,False,,31719,31719,,20883,5490,0,0,26373,0,0,0,0,0,,https://www.calhr.ca.gov,,07/27/2021,,,True,
2020,State Department,"Conservation Corps, California",,Corpsmember,False,False,,31199,31199,,20640,5715,0,0,26355,0,0,0,0,0,,https://www.calhr.ca.gov,,07/27/2021,,,True,
2020,State Department,"Conservation Corps, California",,Special Corpsmember,False,False,,34319,34319,,26345,0,0,0,26345,0,0,0,0,0,,https://www.calhr.ca.gov,,07/27/2021,,,True,
2020,State Department,"Conservation Corps, California",,Corpsmember,False,False,,31199,31199,,22875,3465,0,0,26340,0,0,0,0,0,,https://www.calhr.ca.gov,,07/27/2021,,,True,
2020,State Department,"Conservation Corps, California",,Corpsmember Promo 1,False,False,,31719,31719,,23424,2913,0,0,26337,0,0,0,0,0,,https://www.calhr.ca.gov,,07/27/2021,,,True,
2020,State Department,"Conservation Corps, California",,Corpsmember,False,False,,31199,31199,,22860,3465,0,0,26325,0,0,0,0,0,,https://www.calhr.ca.gov,,07/27/2021,,,True,
2020,State Department,"Conservation Corps, California",,Corpsmember,False,False,,31199,31199,,18300,7875,150,0,26325,0,0,0,0,0,,https://www.calhr.ca.gov,,07/27/2021,,,True,
2020,State Department,"Conservation Corps, California",,Corpsmember Promo 1,False,False,,31719,31719,,19687,6481,153,0,26320,0,0,0,0,0,,https://www.calhr.ca.gov,,07/27/2021,,,True,
2020,State Department,"Conservation Corps, California",,Corpsmember,False,False,,31199,31199,,22860,3405,0,0,26265,0,0,0,0,0,,https://www.calhr.ca.gov,,07/27/2021,,,True,
2020,State Department,"Conservation Corps, California",,Corpsmember,False,False,,31199,31199,,22860,3390,0,0,26250,0,0,0,0,0,,https://www.calhr.ca.gov,,07/27/2021,,,True,
2020,State Department,"Conservation Corps, California",,Corpsmember Promo 1,False,False,,31719,31719,,22105,4134,0,0,26239,0,0,0,0,0,,https://www.calhr.ca.gov,,07/27/2021,,,True,
2020,State Department,"Conservation Corps, California",,Corpsmember,False,False,,31199,31199,,20550,5655,0,0,26205,0,0,0,0,0,,https://www.calhr.ca.gov,,07/27/2021,,,True,
2020,State Department,"Conservation Corps, California",,Special Corpsmember,False,False,,34319,34319,,26201,0,0,0,26201,0,0,0,0,0,,https://www.calhr.ca.gov,,07/27/2021,,,True,
2020,State Department,"Conservation Corps, California",,Corpsmember,False,False,,31199,31199,,20955,4995,225,0,26175,0,0,0,0,0,,https://www.calhr.ca.gov,,07/27/2021,,,True,
2020,State Department,"Conservation Corps, California",,Corpsmember,False,False,,31199,31199,,22890,3240,0,0,26130,0,0,0,0,0,,https://www.calhr.ca.gov,,07/27/2021,,,True,
2020,State Department,"Conservation Corps, California",,Corpsmember,False,False,,31199,31199,,13785,12060,225,0,26070,0,0,0,0,0,,https://www.calhr.ca.gov,,07/27/2021,,,True,
2020,State Department,"Conservation Corps, California",,Corpsmember,False,False,,31199,31199,,19545,6405,75,0,26025,0,0,0,0,0,,https://www.calhr.ca.gov,,07/27/2021,,,True,
2020,State Department,"Conservation Corps, California",,Corpsmember,False,False,,31199,31199,,16665,9345,0,0,26010,0,0,0,0,0,,https://www.calhr.ca.gov,,07/27/2021,,,True,
2020,State Department,"Conservation Corps, California",,Corpsmember Promo 2,False,False,,32239,32239,,23763,2246,0,0,26008,0,0,0,0,0,,https://www.calhr.ca.gov,,07/27/2021,,,True,
2020,State Department,"Conservation Corps, California",,Corpsmember Promo 1,False,False,,31719,31719,,23080,2928,0,0,26008,0,0,0,0,0,,https://www.calhr.ca.gov,,07/27/2021,,,True,
2020,State Department,"Conservation Corps, California",,Corpsmember,False,False,,31199,31199,,20640,5340,0,0,25980,0,0,0,0,0,,https://www.calhr.ca.gov,,07/27/2021,,,True,
2020,State Department,"Conservation Corps, California",,Corpsmember,False,False,,31199,31199,,18105,7710,150,0,25965,0,0,0,0,0,,https://www.calhr.ca.gov,,07/27/2021,,,True,
2020,State Department,"Conservation Corps, California",,Corpsmember,False,False,,31199,31199,,18750,6930,150,0,25830,0,0,0,0,0,,https://www.calhr.ca.gov,,07/27/2021,,,True,
2020,State Department,"Conservation Corps, California",,Corpsmember,False,False,,31199,31199,,20955,4785,75,0,25815,0,0,0,0,0,,https://www.calhr.ca.gov,,07/27/2021,,,True,
2020,State Department,"Conservation Corps, California",,Corpsmember,False,False,,31199,31199,,22890,2910,0,0,25800,0,0,0,0,0,,https://www.calhr.ca.gov,,07/27/2021,,,True,
2020,State Department,"Conservation Corps, California",,"Office Technician (Typing), Range A",False,False,,37728,47220,,24670,0,1090,0,25760,7882,0,0,8064,15946,2.00% @ 55,https://www.calhr.ca.gov,,07/27/2021,,,True,
2020,State Department,"Conservation Corps, California",,Corpsmember,False,False,,31199,31199,,22875,2880,0,0,25755,0,0,0,0,0,,https://www.calhr.ca.gov,,07/27/2021,,,True,
2020,State Department,"Conservation Corps, California",,Corpsmember,False,False,,31199,31199,,18855,6900,0,0,25755,0,0,0,0,0,,https://www.calhr.ca.gov,,07/27/2021,,,True,
2020,State Department,"Conservation Corps, California",,Corpsmember,False,False,,31199,31199,,22875,2880,0,0,25755,0,0,0,0,0,,https://www.calhr.ca.gov,,07/27/2021,,,True,
2020,State Department,"Conservation Corps, California",,Corpsmember,False,False,,31199,31199,,22860,2895,0,0,25755,0,0,0,0,0,,https://www.calhr.ca.gov,,07/27/2021,,,True,
2020,State Department,"Conservation Corps, California",,Corpsmember,False,False,,31199,31199,,22800,2880,75,0,25755,0,0,0,0,0,,https://www.calhr.ca.gov,,07/27/2021,,,True,
2020,State Department,"Conservation Corps, California",,Corpsmember Promo 1,False,False,,31719,31719,,22875,2880,0,0,25755,0,0,0,0,0,,https://www.calhr.ca.gov,,07/27/2021,,,True,
2020,State Department,"Conservation Corps, California",,Corpsmember Promo 1,False,False,,31719,31719,,22875,2880,0,0,25755,0,0,0,0,0,,https://www.calhr.ca.gov,,07/27/2021,,,True,
2020,State Department,"Conservation Corps, California",,Corpsmember,False,False,,31199,31199,,22875,2850,0,0,25725,0,0,0,0,0,,https://www.calhr.ca.gov,,07/27/2021,,,True,
2020,State Department,"Conservation Corps, California",,Special Corpsmember,False,False,,34319,34319,,25718,0,0,0,25718,0,0,0,0,0,,https://www.calhr.ca.gov,,07/27/2021,,,True,
2020,State Department,"Conservation Corps, California",,Corpsmember,False,False,,31199,31199,,18870,6840,0,0,25710,0,0,0,0,0,,https://www.calhr.ca.gov,,07/27/2021,,,True,
2020,State Department,"Conservation Corps, California",,Corpsmember,False,False,,31199,31199,,17415,8280,0,0,25695,0,0,0,0,0,,https://www.calhr.ca.gov,,07/27/2021,,,True,
2020,State Department,"Conservation Corps, California",,Corpsmember,False,False,,31199,31199,,20640,5010,0,0,25650,0,0,0,0,0,,https://www.calhr.ca.gov,,07/27/2021,,,True,
2020,State Department,"Conservation Corps, California",,Corpsmember Promo 1,False,False,,31719,31719,,23392,2257,0,0,25649,0,0,0,0,0,,https://www.calhr.ca.gov,,07/27/2021,,,True,
2020,State Department,"Conservation Corps, California",,Corpsmember Promo 1,False,False,"Environmental Services Intern, Range A",31719,31719,,25524,56,0,0,25580,0,0,0,0,0,,https://www.calhr.ca.gov,,07/27/2021,,,True,
2020,State Department,"Conservation Corps, California",,Corpsmember,False,False,,31199,31199,,20160,5340,75,0,25575,0,0,0,0,0,,https://www.calhr.ca.gov,,07/27/2021,,,True,
2020,State Department,"Conservation Corps, California",,Corpsmember,False,False,,31199,31199,,20160,5340,75,0,25575,0,0,0,0,0,,https://www.calhr.ca.gov,,07/27/2021,,,True,
2020,State Department,"Conservation Corps, California",,Corpsmember Promo 2,False,False,,32239,32239,,23489,2070,0,0,25559,0,0,0,0,0,,https://www.calhr.ca.gov,,07/27/2021,,,True,
2020,State Department,"Conservation Corps, California",,Corpsmember,False,False,,31199,31199,,14790,10755,0,0,25545,0,0,0,0,0,,https://www.calhr.ca.gov,,07/27/2021,,,True,
2020,State Department,"Conservation Corps, California",,"Conservationist I, Range B",False,False,,46068,57000,,12030,13515,0,0,25545,2433,0,0,1673,4106,2.50% @ 55,https://www.calhr.ca.gov,,07/27/2021,,,True,
2020,State Department,"Conservation Corps, California",,"Office Technician (Typing), Range A",False,False,,37728,47220,,24531,0,0,999,25530,8080,0,0,6403,14482,2.00% @ 55,https://www.calhr.ca.gov,,07/27/2021,,,True,
2020,State Department,"Conservation Corps, California",,Corpsmember,False,False,,31199,31199,,20220,5235,75,0,25530,0,0,0,0,0,,https://www.calhr.ca.gov,,07/27/2021,,,True,
2020,State Department,"Conservation Corps, California",,Corpsmember,False,False,,31199,31199,,16665,8865,0,0,25530,0,0,0,0,0,,https://www.calhr.ca.gov,,07/27/2021,,,True,
2020,State Department,"Conservation Corps, California",,Corpsmember,False,False,,31199,31199,,20640,4875,0,0,25515,0,0,0,0,0,,https://www.calhr.ca.gov,,07/27/2021,,,True,
2020,State Department,"Conservation Corps, California",,Corpsmember,False,False,,31199,31199,,20640,4875,0,0,25515,0,0,0,0,0,,https://www.calhr.ca.gov,,07/27/2021,,,True,
2020,State Department,"Conservation Corps, California",,"Conservationist I, Range B",False,False,,46068,57000,,10821,14772,0,-83,25509,2212,0,0,2922,5134,2.50% @ 55,https://www.calhr.ca.gov,,07/27/2021,,,True,
2020,State Department,"Conservation Corps, California",,Corpsmember,False,False,,31199,31199,,22890,2535,0,0,25425,0,0,0,0,0,,https://www.calhr.ca.gov,,07/27/2021,,,True,
2020,State Department,"Conservation Corps, California",,Corpsmember,False,False,,31199,31199,,16665,8730,0,0,25395,0,0,0,0,0,,https://www.calhr.ca.gov,,07/27/2021,,,True,
2020,State Department,"Conservation Corps, California",,Corpsmember,False,False,,31199,31199,,22770,2610,0,0,25380,0,0,0,0,0,,https://www.calhr.ca.gov,,07/27/2021,,,True,
2020,State Department,"Conservation Corps, California",,Corpsmember,False,False,,31199,31199,,12195,12870,300,0,25365,0,0,0,0,0,,https://www.calhr.ca.gov,,07/27/2021,,,True,
2020,State Department,"Conservation Corps, California",,Corpsmember,False,False,,31199,31199,,18855,6495,0,0,25350,0,0,0,0,0,,https://www.calhr.ca.gov,,07/27/2021,,,True,
2020,State Department,"Conservation Corps, California",,Corpsmember Promo 1,False,False,,31719,31719,,17100,8250,0,0,25350,0,0,0,0,0,,https://www.calhr.ca.gov,,07/27/2021,,,True,
2020,State Department,"Conservation Corps, California",,Corpsmember,False,False,Maintenance Aide (Seasonal),31199,31199,,24454,848,0,0,25302,0,0,0,0,0,,https://www.calhr.ca.gov,,07/27/2021,,,True,
2020,State Department,"Conservation Corps, California",,Special Corpsmember,False,False,,34319,34319,,23213,1032,1056,0,25301,0,0,0,0,0,,https://www.calhr.ca.gov,,07/27/2021,,,True,
2020,State Department,"Conservation Corps, California",,Corpsmember,False,False,,31199,31199,,19725,5415,150,0,25290,0,0,0,0,0,,https://www.calhr.ca.gov,,07/27/2021,,,True,
2020,State Department,"Conservation Corps, California",,Corpsmember Promo 1,False,False,,31719,31719,,23341,1922,0,0,25263,0,0,0,0,0,,https://www.calhr.ca.gov,,07/27/2021,,,True,
2020,State Department,"Conservation Corps, California",,Corpsmember Promo 2,False,False,,32239,32239,,22002,3255,0,0,25257,0,0,0,0,0,,https://www.calhr.ca.gov,,07/27/2021,,,True,
2020,State Department,"Conservation Corps, California",,Corpsmember Promo 1,False,False,,31719,31719,,20739,4514,0,0,25253,0,0,0,0,0,,https://www.calhr.ca.gov,,07/27/2021,,,True,
2020,State Department,"Conservation Corps, California",,Corpsmember,False,False,,31199,31199,,11430,13815,0,0,25245,0,0,0,0,0,,https://www.calhr.ca.gov,,07/27/2021,,,True,
2020,State Department,"Conservation Corps, California",,Corpsmember,False,False,,31199,31199,,22860,2355,0,0,25215,0,0,0,0,0,,https://www.calhr.ca.gov,,07/27/2021,,,True,
2020,State Department,"Conservation Corps, California",,Corpsmember,False,False,,31199,31199,,17085,8130,0,0,25215,0,0,0,0,0,,https://www.calhr.ca.gov,,07/27/2021,,,True,
2020,State Department,"Conservation Corps, California",,Corpsmember,False,False,,31199,31199,,18930,6210,0,0,25140,0,0,0,0,0,,https://www.calhr.ca.gov,,07/27/2021,,,True,
2020,State Department,"Conservation Corps, California",,Corpsmember,False,False,,31199,31199,,19980,5145,0,0,25125,0,0,0,0,0,,https://www.calhr.ca.gov,,07/27/2021,,,True,
2020,State Department,"Conservation Corps, California",,Corpsmember,False,False,,31199,31199,,16665,8430,0,0,25095,0,0,0,0,0,,https://www.calhr.ca.gov,,07/27/2021,,,True,
2020,State Department,"Conservation Corps, California",,Corpsmember,False,False,,31199,31199,,16545,8475,75,0,25095,0,0,0,0,0,,https://www.calhr.ca.gov,,07/27/2021,,,True,
2020,State Department,"Conservation Corps, California",,Corpsmember,False,False,,31199,31199,,16665,8430,0,0,25095,0,0,0,0,0,,https://www.calhr.ca.gov,,07/27/2021,,,True,
2020,State Department,"Conservation Corps, California",,Special Corpsmember,False,False,,34319,34319,,24599,0,495,0,25094,0,0,0,0,0,,https://www.calhr.ca.gov,,07/27/2021,,,True,
2020,State Department,"Conservation Corps, California",,Corpsmember,False,False,,31199,31199,,17475,7530,75,0,25080,0,0,0,0,0,,https://www.calhr.ca.gov,,07/27/2021,,,True,
2020,State Department,"Conservation Corps, California",,Corpsmember,False,False,,31199,31199,,15510,9405,150,0,25065,0,0,0,0,0,,https://www.calhr.ca.gov,,07/27/2021,,,True,
2020,State Department,"Conservation Corps, California",,Corpsmember,False,False,,31199,31199,,22860,2190,0,0,25050,0,0,0,0,0,,https://www.calhr.ca.gov,,07/27/2021,,,True,
2020,State Department,"Conservation Corps, California",,Corpsmember,False,False,,31199,31199,,16665,8370,0,0,25035,0,0,0,0,0,,https://www.calhr.ca.gov,,07/27/2021,,,True,
2020,State Department,"Conservation Corps, California",,Corpsmember,False,False,,31199,31199,,17085,7935,0,0,25020,0,0,0,0,0,,https://www.calhr.ca.gov,,07/27/2021,,,True,
2020,State Department,"Conservation Corps, California",,Corpsmember,False,False,,31199,31199,,20115,4785,75,0,24975,0,0,0,0,0,,https://www.calhr.ca.gov,,07/27/2021,,,True,
2020,State Department,"Conservation Corps, California",,Corpsmember,False,False,,31199,31199,,16665,8295,0,0,24960,0,0,0,0,0,,https://www.calhr.ca.gov,,07/27/2021,,,True,
2020,State Department,"Conservation Corps, California",,Corpsmember,False,False,,31199,31199,,18870,6045,0,0,24915,0,0,0,0,0,,https://www.calhr.ca.gov,,07/27/2021,,,True,
2020,State Department,"Conservation Corps, California",,Corpsmember,False,False,,31199,31199,,19065,5850,0,0,24915,0,0,0,0,0,,https://www.calhr.ca.gov,,07/27/2021,,,True,
2020,State Department,"Conservation Corps, California",,Corpsmember,False,False,,31199,31199,,19545,5370,0,0,24915,0,0,0,0,0,,https://www.calhr.ca.gov,,07/27/2021,,,True,
2020,State Department,"Conservation Corps, California",,"Conservationist I, Range B",False,False,,46068,57000,,22313,856,756,950,24875,6387,0,0,11287,17675,2.50% @ 55,https://www.calhr.ca.gov,,07/27/2021,,,True,
2020,State Department,"Conservation Corps, California",,Corpsmember,False,False,,31199,31199,,16725,8145,0,0,24870,0,0,0,0,0,,https://www.calhr.ca.gov,,07/27/2021,,,True,
2020,State Department,"Conservation Corps, California",,Corpsmember,False,False,,31199,31199,,17085,7785,0,0,24870,0,0,0,0,0,,https://www.calhr.ca.gov,,07/27/2021,,,True,
2020,State Department,"Conservation Corps, California",,Corpsmember,False,False,,31199,31199,,20085,4770,0,0,24855,0,0,0,0,0,,https://www.calhr.ca.gov,,07/27/2021,,,True,
2020,State Department,"Conservation Corps, California",,Corpsmember,False,False,,31199,31199,,20280,4575,0,0,24855,0,0,0,0,0,,https://www.calhr.ca.gov,,07/27/2021,,,True,
2020,State Department,"Conservation Corps, California",,Corpsmember,False,False,,31199,31199,,18480,6330,0,0,24810,0,0,0,0,0,,https://www.calhr.ca.gov,,07/27/2021,,,True,
2020,State Department,"Conservation Corps, California",,Corpsmember,False,False,,31199,31199,,20882,0,0,3905,24787,0,0,0,0,0,,https://www.calhr.ca.gov,,07/27/2021,,,True,
2020,State Department,"Conservation Corps, California",,Corpsmember,False,False,,31199,31199,,20882,0,0,3905,24787,0,0,0,0,0,,https://www.calhr.ca.gov,,07/27/2021,,,True,
2020,State Department,"Conservation Corps, California",,Corpsmember,False,False,,31199,31199,,16080,8700,0,0,24780,0,0,0,0,0,,https://www.calhr.ca.gov,,07/27/2021,,,True,
2020,State Department,"Conservation Corps, California",,Corpsmember Promo 1,False,False,,31719,31719,,23213,1556,0,0,24769,0,0,0,0,0,,https://www.calhr.ca.gov,,07/27/2021,,,True,
2020,State Department,"Conservation Corps, California",,Corpsmember,False,False,,31199,31199,,18870,5850,0,0,24720,0,0,0,0,0,,https://www.calhr.ca.gov,,07/27/2021,,,True,
2020,State Department,"Conservation Corps, California",,Corpsmember Promo 1,False,False,,31719,31719,,23001,1686,0,0,24687,0,0,0,0,0,,https://www.calhr.ca.gov,,07/27/2021,,,True,
2020,State Department,"Conservation Corps, California",,Corpsmember,False,False,,31199,31199,,16665,7935,75,0,24675,0,0,0,0,0,,https://www.calhr.ca.gov,,07/27/2021,,,True,
2020,State Department,"Conservation Corps, California",,Corpsmember Promo 1,False,False,,31719,31719,,20153,4438,76,0,24667,0,0,0,0,0,,https://www.calhr.ca.gov,,07/27/2021,,,True,
2020,State Department,"Conservation Corps, California",,Corpsmember,False,False,,31199,31199,,22905,1740,0,0,24645,0,0,0,0,0,,https://www.calhr.ca.gov,,07/27/2021,,,True,
2020,State Department,"Conservation Corps, California",,Corpsmember,False,False,,31199,31199,,17025,7620,0,0,24645,0,0,0,0,0,,https://www.calhr.ca.gov,,07/27/2021,,,True,
2020,State Department,"Conservation Corps, California",,Corpsmember,False,False,,31199,31199,,20160,4395,75,0,24630,0,0,0,0,0,,https://www.calhr.ca.gov,,07/27/2021,,,True,
2020,State Department,"Conservation Corps, California",,Corpsmember,False,False,,31199,31199,,16665,7875,0,0,24540,0,0,0,0,0,,https://www.calhr.ca.gov,,07/27/2021,,,True,
2020,State Department,"Conservation Corps, California",,Corpsmember,False,False,,31199,31199,,16665,7860,0,0,24525,0,0,0,0,0,,https://www.calhr.ca.gov,,07/27/2021,,,True,
2020,State Department,"Conservation Corps, California",,Corpsmember,False,False,,31199,31199,,16980,7440,75,0,24495,0,0,0,0,0,,https://www.calhr.ca.gov,,07/27/2021,,,True,
2020,State Department,"Conservation Corps, California",,Corpsmember,False,False,,31199,31199,,22830,1650,0,0,24480,0,0,0,0,0,,https://www.calhr.ca.gov,,07/27/2021,,,True,
2020,State Department,"Conservation Corps, California",,Corpsmember,False,False,,31199,31199,,17280,7125,75,0,24480,0,0,0,0,0,,https://www.calhr.ca.gov,,07/27/2021,,,True,
2020,State Department,"Conservation Corps, California",,Corpsmember,False,False,,31199,31199,,18360,6090,0,0,24450,0,0,0,0,0,,https://www.calhr.ca.gov,,07/27/2021,,,True,
2020,State Department,"Conservation Corps, California",,Corpsmember,False,False,,31199,31199,,22890,1530,0,0,24420,0,0,0,0,0,,https://www.calhr.ca.gov,,07/27/2021,,,True,
2020,State Department,"Conservation Corps, California",,Corpsmember,False,False,,31199,31199,,22860,1560,0,0,24420,0,0,0,0,0,,https://www.calhr.ca.gov,,07/27/2021,,,True,
2020,State Department,"Conservation Corps, California",,Corpsmember Promo 1,False,False,Maintenance Aide (Seasonal),31719,31719,,21635,2619,153,0,24406,0,0,0,0,0,,https://www.calhr.ca.gov,,07/27/2021,,,True,
2020,State Department,"Conservation Corps, California",,Corpsmember,False,False,,31199,31199,,11430,12960,0,0,24390,0,0,0,0,0,,https://www.calhr.ca.gov,,07/27/2021,,,True,
2020,State Department,"Conservation Corps, California",,Corpsmember Promo 1,False,False,,31719,31719,,19922,4392,76,0,24390,0,0,0,0,0,,https://www.calhr.ca.gov,,07/27/2021,,,True,
2020,State Department,"Conservation Corps, California",,Corpsmember,False,False,,31199,31199,,17910,6450,0,0,24360,0,0,0,0,0,,https://www.calhr.ca.gov,,07/27/2021,,,True,
2020,State Department,"Conservation Corps, California",,Corpsmember,False,False,,31199,31199,,11430,12930,0,0,24360,0,0,0,0,0,,https://www.calhr.ca.gov,,07/27/2021,,,True,
2020,State Department,"Conservation Corps, California",,Corpsmember,False,False,,31199,31199,,21645,2685,0,0,24330,0,0,0,0,0,,https://www.calhr.ca.gov,,07/27/2021,,,True,
2020,State Department,"Conservation Corps, California",,Corpsmember,False,False,,31199,31199,,17910,6405,0,0,24315,0,0,0,0,0,,https://www.calhr.ca.gov,,07/27/2021,,,True,
2020,State Department,"Conservation Corps, California",,Corpsmember,False,False,,31199,31199,,22770,1530,0,0,24300,0,0,0,0,0,,https://www.calhr.ca.gov,,07/27/2021,,,True,
2020,State Department,"Conservation Corps, California",,Corpsmember,False,False,,31199,31199,,18480,5760,0,0,24240,0,0,0,0,0,,https://www.calhr.ca.gov,,07/27/2021,,,True,
2020,State Department,"Conservation Corps, California",,Corpsmember,False,False,,31199,31199,,22860,1380,0,0,24240,0,0,0,0,0,,https://www.calhr.ca.gov,,07/27/2021,,,True,
2020,State Department,"Conservation Corps, California",,Corpsmember,False,False,,31199,31199,,16665,7575,0,0,24240,0,0,0,0,0,,https://www.calhr.ca.gov,,07/27/2021,,,True,
2020,State Department,"Conservation Corps, California",,Corpsmember,False,False,,31199,31199,,19350,4650,225,0,24225,0,0,0,0,0,,https://www.calhr.ca.gov,,07/27/2021,,,True,
2020,State Department,"Conservation Corps, California",,Corpsmember,False,False,,31199,31199,,19065,5070,75,0,24210,0,0,0,0,0,,https://www.calhr.ca.gov,,07/27/2021,,,True,
2020,State Department,"Conservation Corps, California",,Corpsmember,False,False,,31199,31199,,17400,6795,0,0,24195,0,0,0,0,0,,https://www.calhr.ca.gov,,07/27/2021,,,True,
2020,State Department,"Conservation Corps, California",,Corpsmember,False,False,,31199,31199,,17940,6105,150,0,24195,0,0,0,0,0,,https://www.calhr.ca.gov,,07/27/2021,,,True,
2020,State Department,"Conservation Corps, California",,Corpsmember,False,False,,31199,31199,,18675,5430,75,0,24180,0,0,0,0,0,,https://www.calhr.ca.gov,,07/27/2021,,,True,
2020,State Department,"Conservation Corps, California",,Corpsmember,False,False,,31199,31199,,11430,12705,0,0,24135,0,0,0,0,0,,https://www.calhr.ca.gov,,07/27/2021,,,True,
2020,State Department,"Conservation Corps, California",,Corpsmember,False,False,,31199,31199,,20655,3465,0,0,24120,0,0,0,0,0,,https://www.calhr.ca.gov,,07/27/2021,,,True,
2020,State Department,"Conservation Corps, California",,Corpsmember,False,False,,31199,31199,,20340,3750,0,0,24090,0,0,0,0,0,,https://www.calhr.ca.gov,,07/27/2021,,,True,
2020,State Department,"Conservation Corps, California",,Corpsmember,False,False,,31199,31199,,20070,0,0,4007,24077,0,0,0,0,0,,https://www.calhr.ca.gov,,07/27/2021,,,True,
2020,State Department,"Conservation Corps, California",,Corpsmember,False,False,,31199,31199,,16170,7830,75,0,24075,0,0,0,0,0,,https://www.calhr.ca.gov,,07/27/2021,,,True,
2020,State Department,"Conservation Corps, California",,Corpsmember,False,False,,31199,31199,,20655,3405,0,0,24060,0,0,0,0,0,,https://www.calhr.ca.gov,,07/27/2021,,,True,
2020,State Department,"Conservation Corps, California",,Corpsmember,False,False,,31199,31199,,19305,4740,0,0,24045,0,0,0,0,0,,https://www.calhr.ca.gov,,07/27/2021,,,True,
2020,State Department,"Conservation Corps, California",,Special Corpsmember,False,False,,34319,34319,,23942,66,0,0,24008,0,0,0,0,0,,https://www.calhr.ca.gov,,07/27/2021,,,True,
2020,State Department,"Conservation Corps, California",,Special Corpsmember,False,False,,34319,34319,,23209,718,78,0,24004,0,0,0,0,0,,https://www.calhr.ca.gov,,07/27/2021,,,True,
2020,State Department,"Conservation Corps, California",,Corpsmember,False,False,,31199,31199,,18870,5055,75,0,24000,0,0,0,0,0,,https://www.calhr.ca.gov,,07/27/2021,,,True,
2020,State Department,"Conservation Corps, California",,Corpsmember Promo 1,False,False,,31719,31719,,23039,945,0,0,23984,0,0,0,0,0,,https://www.calhr.ca.gov,,07/27/2021,,,True,
2020,State Department,"Conservation Corps, California",,Corpsmember,False,False,,31199,31199,,20070,0,0,3905,23975,0,0,0,0,0,,https://www.calhr.ca.gov,,07/27/2021,,,True,
2020,State Department,"Conservation Corps, California",,Corpsmember,False,False,,31199,31199,,20070,0,0,3905,23975,0,0,0,0,0,,https://www.calhr.ca.gov,,07/27/2021,,,True,
2020,State Department,"Conservation Corps, California",,Corpsmember,False,False,,31199,31199,,20070,0,0,3905,23975,0,0,0,0,0,,https://www.calhr.ca.gov,,07/27/2021,,,True,
2020,State Department,"Conservation Corps, California",,Corpsmember,False,False,,31199,31199,,20070,0,0,3905,23975,0,0,0,0,0,,https://www.calhr.ca.gov,,07/27/2021,,,True,
2020,State Department,"Conservation Corps, California",,Corpsmember,False,False,,31199,31199,,20070,0,0,3905,23975,0,0,0,0,0,,https://www.calhr.ca.gov,,07/27/2021,,,True,
2020,State Department,"Conservation Corps, California",,Corpsmember,False,False,,31199,31199,,20070,0,0,3905,23975,0,0,0,0,0,,https://www.calhr.ca.gov,,07/27/2021,,,True,
2020,State Department,"Conservation Corps, California",,Corpsmember,False,False,,31199,31199,,16470,7440,0,0,23910,0,0,0,0,0,,https://www.calhr.ca.gov,,07/27/2021,,,True,
2020,State Department,"Conservation Corps, California",,Corpsmember,False,False,,31199,31199,,18930,4950,0,0,23880,0,0,0,0,0,,https://www.calhr.ca.gov,,07/27/2021,,,True,
2020,State Department,"Conservation Corps, California",,Corpsmember,False,False,,31199,31199,,18375,5430,75,0,23880,0,0,0,0,0,,https://www.calhr.ca.gov,,07/27/2021,,,True,
2020,State Department,"Conservation Corps, California",,Corpsmember,False,False,,31199,31199,,18930,4950,0,0,23880,0,0,0,0,0,,https://www.calhr.ca.gov,,07/27/2021,,,True,
2020,State Department,"Conservation Corps, California",,Corpsmember,False,False,,31199,31199,,18930,4950,0,0,23880,0,0,0,0,0,,https://www.calhr.ca.gov,,07/27/2021,,,True,
2020,State Department,"Conservation Corps, California",,Special Corpsmember,False,False,,34319,34319,,23463,394,0,0,23857,0,0,0,0,0,,https://www.calhr.ca.gov,,07/27/2021,,,True,
2020,State Department,"Conservation Corps, California",,Corpsmember,False,False,,31199,31199,,11430,12420,0,0,23850,0,0,0,0,0,,https://www.calhr.ca.gov,,07/27/2021,,,True,
2020,State Department,"Conservation Corps, California",,Corpsmember,False,False,,31199,31199,,21000,2820,0,0,23820,0,0,0,0,0,,https://www.calhr.ca.gov,,07/27/2021,,,True,
2020,State Department,"Conservation Corps, California",,Corpsmember,False,False,,31199,31199,,18870,4935,0,0,23805,0,0,0,0,0,,https://www.calhr.ca.gov,,07/27/2021,,,True,
2020,State Department,"Conservation Corps, California",,Corpsmember,False,False,,31199,31199,,16665,7125,0,0,23790,0,0,0,0,0,,https://www.calhr.ca.gov,,07/27/2021,,,True,
2020,State Department,"Conservation Corps, California",,Special Corpsmember,False,False,,34319,34319,,22902,0,887,0,23789,0,0,0,0,0,,https://www.calhr.ca.gov,,07/27/2021,,,True,
2020,State Department,"Conservation Corps, California",,Corpsmember,False,False,,31199,31199,,19500,4200,75,0,23775,0,0,0,0,0,,https://www.calhr.ca.gov,,07/27/2021,,,True,
2020,State Department,"Conservation Corps, California",,Corpsmember Promo 1,False,False,,31719,31719,,23345,427,0,0,23772,0,0,0,0,0,,https://www.calhr.ca.gov,,07/27/2021,,,True,
2020,State Department,"Conservation Corps, California",,Corpsmember,False,False,,31199,31199,,17100,6570,75,0,23745,0,0,0,0,0,,https://www.calhr.ca.gov,,07/27/2021,,,True,
2020,State Department,"Conservation Corps, California",,Corpsmember Promo 2,False,False,,32239,32239,,18901,4815,0,0,23716,0,0,0,0,0,,https://www.calhr.ca.gov,,07/27/2021,,,True,
2020,State Department,"Conservation Corps, California",,Special Corpsmember,False,False,,34319,34319,,23495,210,0,0,23705,0,0,0,0,0,,https://www.calhr.ca.gov,,07/27/2021,,,True,
2020,State Department,"Conservation Corps, California",,Corpsmember Promo 1,False,False,,31719,31719,,23083,595,0,0,23678,0,0,0,0,0,,https://www.calhr.ca.gov,,07/27/2021,,,True,
2020,State Department,"Conservation Corps, California",,Corpsmember,False,False,,31199,31199,,20790,2880,0,0,23670,0,0,0,0,0,,https://www.calhr.ca.gov,,07/27/2021,,,True,
2020,State Department,"Conservation Corps, California",,Special Corpsmember,False,False,,34319,34319,,23651,0,0,0,23651,0,0,0,256,256,,https://www.calhr.ca.gov,,07/27/2021,,,True,
2020,State Department,"Conservation Corps, California",,Corpsmember,False,False,,31199,31199,,22185,1455,0,0,23640,0,0,0,0,0,,https://www.calhr.ca.gov,,07/27/2021,,,True,
2020,State Department,"Conservation Corps, California",,Corpsmember,False,False,,31199,31199,,19005,4560,0,0,23565,0,0,0,0,0,,https://www.calhr.ca.gov,,07/27/2021,,,True,
2020,State Department,"Conservation Corps, California",,Corpsmember,False,False,,31199,31199,,17280,6120,150,0,23550,0,0,0,0,0,,https://www.calhr.ca.gov,,07/27/2021,,,True,
2020,State Department,"Conservation Corps, California",,Corpsmember,False,False,,31199,31199,,22860,645,0,0,23505,0,0,0,0,0,,https://www.calhr.ca.gov,,07/27/2021,,,True,
2020,State Department,"Conservation Corps, California",,Corpsmember,False,False,,31199,31199,,22860,645,0,0,23505,0,0,0,0,0,,https://www.calhr.ca.gov,,07/27/2021,,,True,
2020,State Department,"Conservation Corps, California",,Corpsmember,False,False,,31199,31199,,22890,555,0,0,23445,0,0,0,0,0,,https://www.calhr.ca.gov,,07/27/2021,,,True,
2020,State Department,"Conservation Corps, California",,Corpsmember,False,False,,31199,31199,,22860,585,0,0,23445,0,0,0,0,0,,https://www.calhr.ca.gov,,07/27/2021,,,True,
2020,State Department,"Conservation Corps, California",,Corpsmember,False,False,,31199,31199,,17025,6420,0,0,23445,0,0,0,0,0,,https://www.calhr.ca.gov,,07/27/2021,,,True,
2020,State Department,"Conservation Corps, California",,Corpsmember,False,False,,31199,31199,,11430,12000,0,0,23430,0,0,0,0,0,,https://www.calhr.ca.gov,,07/27/2021,,,True,
2020,State Department,"Conservation Corps, California",,Corpsmember,False,False,,31199,31199,,11430,11985,0,0,23415,0,0,0,0,0,,https://www.calhr.ca.gov,,07/27/2021,,,True,
2020,State Department,"Conservation Corps, California",,Corpsmember,False,False,,31199,31199,,11430,11985,0,0,23415,0,0,0,0,0,,https://www.calhr.ca.gov,,07/27/2021,,,True,
2020,State Department,"Conservation Corps, California",,Corpsmember,False,False,,31199,31199,,16665,6735,0,0,23400,0,0,0,0,0,,https://www.calhr.ca.gov,,07/27/2021,,,True,
2020,State Department,"Conservation Corps, California",,Corpsmember,False,False,,31199,31199,,16665,6735,0,0,23400,0,0,0,0,0,,https://www.calhr.ca.gov,,07/27/2021,,,True,
2020,State Department,"Conservation Corps, California",,Corpsmember,False,False,,31199,31199,,22860,510,0,0,23370,0,0,0,0,0,,https://www.calhr.ca.gov,,07/27/2021,,,True,
2020,State Department,"Conservation Corps, California",,Corpsmember Promo 1,False,False,,31719,31719,,22937,427,0,0,23364,0,0,0,0,0,,https://www.calhr.ca.gov,,07/27/2021,,,True,
2020,State Department,"Conservation Corps, California",,Corpsmember Promo 1,False,False,,31719,31719,,23082,275,0,0,23357,0,0,0,0,0,,https://www.calhr.ca.gov,,07/27/2021,,,True,
2020,State Department,"Conservation Corps, California",,"Conservationist I, Range A",False,False,,35880,43644,,13940,9408,0,0,23348,1707,0,0,255,1962,2.50% @ 55,https://www.calhr.ca.gov,,07/27/2021,,,True,
2020,State Department,"Conservation Corps, California",,Corpsmember,False,False,,31199,31199,,22155,1185,0,0,23340,0,0,0,0,0,,https://www.calhr.ca.gov,,07/27/2021,,,True,
2020,State Department,"Conservation Corps, California",,Corpsmember,False,False,,31199,31199,,22890,420,0,0,23310,0,0,0,0,0,,https://www.calhr.ca.gov,,07/27/2021,,,True,
2020,State Department,"Conservation Corps, California",,Corpsmember,False,False,,31199,31199,,17280,5880,150,0,23310,0,0,0,0,0,,https://www.calhr.ca.gov,,07/27/2021,,,True,
2020,State Department,"Conservation Corps, California",,Corpsmember,False,False,,31199,31199,,16545,6750,0,0,23295,0,0,0,0,0,,https://www.calhr.ca.gov,,07/27/2021,,,True,
2020,State Department,"Conservation Corps, California",,Corpsmember,False,False,Maintenance Aide (Seasonal),31199,31199,,22557,696,0,0,23253,0,0,0,0,0,,https://www.calhr.ca.gov,,07/27/2021,,,True,
2020,State Department,"Conservation Corps, California",,Corpsmember,False,False,,31199,31199,,18480,4770,0,0,23250,0,0,0,0,0,,https://www.calhr.ca.gov,,07/27/2021,,,True,
2020,State Department,"Conservation Corps, California",,Corpsmember,False,False,,31199,31199,,11430,11805,0,0,23235,0,0,0,0,0,,https://www.calhr.ca.gov,,07/27/2021,,,True,
2020,State Department,"Conservation Corps, California",,Corpsmember,False,False,,31199,31199,,20355,2880,0,0,23235,0,0,0,0,0,,https://www.calhr.ca.gov,,07/27/2021,,,True,
2020,State Department,"Conservation Corps, California",,Corpsmember,False,False,,31199,31199,,18210,4905,75,0,23190,0,0,0,0,0,,https://www.calhr.ca.gov,,07/27/2021,,,True,
2020,State Department,"Conservation Corps, California",,Corpsmember Promo 1,False,False,,31719,31719,,23180,0,0,0,23180,0,0,0,0,0,,https://www.calhr.ca.gov,,07/27/2021,,,True,
2020,State Department,"Conservation Corps, California",,Corpsmember,False,False,,31199,31199,,14160,8985,0,0,23145,0,0,0,0,0,,https://www.calhr.ca.gov,,07/27/2021,,,True,
2020,State Department,"Conservation Corps, California",,Corpsmember,False,False,,31199,31199,,22860,270,0,0,23130,0,0,0,0,0,,https://www.calhr.ca.gov,,07/27/2021,,,True,
2020,State Department,"Conservation Corps, California",,Corpsmember,False,False,,31199,31199,,17040,6060,0,0,23100,0,0,0,0,0,,https://www.calhr.ca.gov,,07/27/2021,,,True,
2020,State Department,"Conservation Corps, California",,Corpsmember,False,False,,31199,31199,,22890,195,0,0,23085,0,0,0,0,0,,https://www.calhr.ca.gov,,07/27/2021,,,True,
2020,State Department,"Conservation Corps, California",,Corpsmember,False,False,Fish and Wildlife Scientific Aid,31199,31199,,19110,60,0,3905,23075,0,0,0,0,0,,https://www.calhr.ca.gov,,07/27/2021,,,True,
2020,State Department,"Conservation Corps, California",,Corpsmember,False,False,,31199,31199,,15855,7215,0,0,23070,0,0,0,0,0,,https://www.calhr.ca.gov,,07/27/2021,,,True,
2020,State Department,"Conservation Corps, California",,Corpsmember,False,False,,31199,31199,,22860,195,0,0,23055,0,0,0,0,0,,https://www.calhr.ca.gov,,07/27/2021,,,True,
2020,State Department,"Conservation Corps, California",,Corpsmember,False,False,,31199,31199,,18555,4395,75,0,23025,0,0,0,0,0,,https://www.calhr.ca.gov,,07/27/2021,,,True,
2020,State Department,"Conservation Corps, California",,Corpsmember,False,False,,31199,31199,,16605,6390,0,0,22995,0,0,0,0,0,,https://www.calhr.ca.gov,,07/27/2021,,,True,
2020,State Department,"Conservation Corps, California",,Corpsmember,False,False,,31199,31199,,20040,2880,75,0,22995,0,0,0,0,0,,https://www.calhr.ca.gov,,07/27/2021,,,True,
2020,State Department,"Conservation Corps, California",,Corpsmember Promo 1,False,False,,31719,31719,,22993,0,0,0,22993,0,0,0,0,0,,https://www.calhr.ca.gov,,07/27/2021,,,True,
2020,State Department,"Conservation Corps, California",,Corpsmember,False,False,,31199,31199,,11430,11535,0,0,22965,0,0,0,0,0,,https://www.calhr.ca.gov,,07/27/2021,,,True,
2020,State Department,"Conservation Corps, California",,Corpsmember,False,False,,31199,31199,,17085,5880,0,0,22965,0,0,0,0,0,,https://www.calhr.ca.gov,,07/27/2021,,,True,
2020,State Department,"Conservation Corps, California",,Special Corpsmember,False,False,,34319,34319,,22407,536,0,0,22943,0,0,0,0,0,,https://www.calhr.ca.gov,,07/27/2021,,,True,
2020,State Department,"Conservation Corps, California",,Corpsmember,False,False,,31199,31199,,11430,11505,0,0,22935,0,0,0,0,0,,https://www.calhr.ca.gov,,07/27/2021,,,True,
2020,State Department,"Conservation Corps, California",,Corpsmember,False,False,,31199,31199,,10080,12855,0,0,22935,0,0,0,0,0,,https://www.calhr.ca.gov,,07/27/2021,,,True,
2020,State Department,"Conservation Corps, California",,Corpsmember Promo 1,False,False,,31719,31719,,22923,0,0,0,22923,0,0,0,0,0,,https://www.calhr.ca.gov,,07/27/2021,,,True,
2020,State Department,"Conservation Corps, California",,Corpsmember,False,False,,31199,31199,,17085,5835,0,0,22920,0,0,0,0,0,,https://www.calhr.ca.gov,,07/27/2021,,,True,
2020,State Department,"Conservation Corps, California",,Corpsmember,False,False,,31199,31199,,11010,11895,0,0,22905,0,0,0,0,0,,https://www.calhr.ca.gov,,07/27/2021,,,True,
2020,State Department,"Conservation Corps, California",,Special Corpsmember,False,False,,34319,34319,,22696,198,0,0,22894,0,0,0,0,0,,https://www.calhr.ca.gov,,07/27/2021,,,True,
2020,State Department,"Conservation Corps, California",,Corpsmember,False,False,,31199,31199,,22890,0,0,0,22890,0,0,0,0,0,,https://www.calhr.ca.gov,,07/27/2021,,,True,
2020,State Department,"Conservation Corps, California",,Corpsmember,False,False,,31199,31199,,22890,0,0,0,22890,0,0,0,0,0,,https://www.calhr.ca.gov,,07/27/2021,,,True,
2020,State Department,"Conservation Corps, California",,Corpsmember,False,False,,31199,31199,,22890,0,0,0,22890,0,0,0,0,0,,https://www.calhr.ca.gov,,07/27/2021,,,True,
2020,State Department,"Conservation Corps, California",,Corpsmember,False,False,,31199,31199,,22890,0,0,0,22890,0,0,0,0,0,,https://www.calhr.ca.gov,,07/27/2021,,,True,
2020,State Department,"Conservation Corps, California",,Special Corpsmember,False,False,,34319,34319,,22875,0,0,0,22875,0,0,0,0,0,,https://www.calhr.ca.gov,,07/27/2021,,,True,
2020,State Department,"Conservation Corps, California",,Corpsmember,False,False,,31199,31199,,22860,0,0,0,22860,0,0,0,0,0,,https://www.calhr.ca.gov,,07/27/2021,,,True,
2020,State Department,"Conservation Corps, California",,Corpsmember,False,False,,31199,31199,,22860,0,0,0,22860,0,0,0,0,0,,https://www.calhr.ca.gov,,07/27/2021,,,True,
2020,State Department,"Conservation Corps, California",,Corpsmember,False,False,,31199,31199,,22860,0,0,0,22860,0,0,0,0,0,,https://www.calhr.ca.gov,,07/27/2021,,,True,
2020,State Department,"Conservation Corps, California",,Corpsmember,False,False,,31199,31199,,22830,0,0,0,22830,0,0,0,0,0,,https://www.calhr.ca.gov,,07/27/2021,,,True,
2020,State Department,"Conservation Corps, California",,Corpsmember,False,False,,31199,31199,,19545,3285,0,0,22830,0,0,0,0,0,,https://www.calhr.ca.gov,,07/27/2021,,,True,
2020,State Department,"Conservation Corps, California",,Corpsmember,False,False,,31199,31199,,17280,5385,150,0,22815,0,0,0,0,0,,https://www.calhr.ca.gov,,07/27/2021,,,True,
2020,State Department,"Conservation Corps, California",,Corpsmember,False,False,,31199,31199,,17085,5715,0,0,22800,0,0,0,0,0,,https://www.calhr.ca.gov,,07/27/2021,,,True,
2020,State Department,"Conservation Corps, California",,"Conservationist I, Range A",False,False,,35880,43644,,15557,4031,0,3199,22787,3711,0,0,5893,9604,2.50% @ 55,https://www.calhr.ca.gov,,07/27/2021,,,True,
2020,State Department,"Conservation Corps, California",,Corpsmember,False,False,,31199,31199,,17985,4485,300,0,22770,0,0,0,0,0,,https://www.calhr.ca.gov,,07/27/2021,,,True,
2020,State Department,"Conservation Corps, California",,Corpsmember,False,False,,31199,31199,,22770,0,0,0,22770,0,0,0,0,0,,https://www.calhr.ca.gov,,07/27/2021,,,True,
2020,State Department,"Conservation Corps, California",,Corpsmember Promo 1,False,False,,31719,31719,,18268,4458,0,0,22725,0,0,0,0,0,,https://www.calhr.ca.gov,,07/27/2021,,,True,
2020,State Department,"Conservation Corps, California",,Corpsmember,False,False,,31199,31199,,18870,3855,0,0,22725,0,0,0,0,0,,https://www.calhr.ca.gov,,07/27/2021,,,True,
2020,State Department,"Conservation Corps, California",,Corpsmember,False,False,,31199,31199,,16665,6015,0,0,22680,0,0,0,0,0,,https://www.calhr.ca.gov,,07/27/2021,,,True,
2020,State Department,"Conservation Corps, California",,Corpsmember,False,False,,31199,31199,,16665,6015,0,0,22680,0,0,0,0,0,,https://www.calhr.ca.gov,,07/27/2021,,,True,
2020,State Department,"Conservation Corps, California",,Corpsmember,False,False,,31199,31199,,11430,11250,0,0,22680,0,0,0,0,0,,https://www.calhr.ca.gov,,07/27/2021,,,True,
2020,State Department,"Conservation Corps, California",,Corpsmember,False,False,,31199,31199,,18135,4545,0,0,22680,0,0,0,0,0,,https://www.calhr.ca.gov,,07/27/2021,,,True,
2020,State Department,"Conservation Corps, California",,Special Corpsmember,False,False,,34319,34319,,22415,198,0,0,22613,0,0,0,0,0,,https://www.calhr.ca.gov,,07/27/2021,,,True,
2020,State Department,"Conservation Corps, California",,Corpsmember,False,False,,31199,31199,,18330,4200,0,0,22530,0,0,0,0,0,,https://www.calhr.ca.gov,,07/27/2021,,,True,
2020,State Department,"Conservation Corps, California",,Corpsmember,False,False,,31199,31199,,17025,5400,75,0,22500,0,0,0,0,0,,https://www.calhr.ca.gov,,07/27/2021,,,True,
2020,State Department,"Conservation Corps, California",,Corpsmember,False,False,,31199,31199,,17040,5400,0,0,22440,0,0,0,0,0,,https://www.calhr.ca.gov,,07/27/2021,,,True,
2020,State Department,"Conservation Corps, California",,Corpsmember,False,False,,31199,31199,,19305,2895,225,0,22425,0,0,0,0,0,,https://www.calhr.ca.gov,,07/27/2021,,,True,
2020,State Department,"Conservation Corps, California",,Corpsmember Promo 1,False,False,Maintenance Aide (Seasonal),31719,31719,,21778,542,0,80,22399,0,0,0,0,0,,https://www.calhr.ca.gov,,07/27/2021,,,True,
2020,State Department,"Conservation Corps, California",,Corpsmember,False,False,,31199,31199,,12330,10020,0,0,22350,0,0,0,0,0,,https://www.calhr.ca.gov,,07/27/2021,,,True,
2020,State Department,"Conservation Corps, California",,Corpsmember,False,False,,31199,31199,,19200,3150,0,0,22350,0,0,0,0,0,,https://www.calhr.ca.gov,,07/27/2021,,,True,
2020,State Department,"Conservation Corps, California",,Corpsmember,False,False,,31199,31199,,18300,3945,75,0,22320,0,0,0,0,0,,https://www.calhr.ca.gov,,07/27/2021,,,True,
2020,State Department,"Conservation Corps, California",,Corpsmember,False,False,,31199,31199,,18930,3360,0,0,22290,0,0,0,0,0,,https://www.calhr.ca.gov,,07/27/2021,,,True,
2020,State Department,"Conservation Corps, California",,Special Corpsmember,False,False,,34319,34319,,22193,25,0,0,22217,0,0,0,0,0,,https://www.calhr.ca.gov,,07/27/2021,,,True,
2020,State Department,"Conservation Corps, California",,Corpsmember,False,False,,31199,31199,,18870,3345,0,0,22215,0,0,0,0,0,,https://www.calhr.ca.gov,,07/27/2021,,,True,
2020,State Department,"Conservation Corps, California",,Corpsmember,False,False,,31199,31199,,18450,3735,0,0,22185,0,0,0,0,0,,https://www.calhr.ca.gov,,07/27/2021,,,True,
2020,State Department,"Conservation Corps, California",,Corpsmember,False,False,,31199,31199,,18870,3225,75,0,22170,0,0,0,0,0,,https://www.calhr.ca.gov,,07/27/2021,,,True,
2020,State Department,"Conservation Corps, California",,"Conservationist I, Range B",False,False,,46068,57000,,19695,703,804,950,22152,4795,0,0,4837,9632,2.50% @ 55,https://www.calhr.ca.gov,,07/27/2021,,,True,
2020,State Department,"Conservation Corps, California",,Corpsmember,False,False,,31199,31199,,20640,1500,0,0,22140,0,0,0,0,0,,https://www.calhr.ca.gov,,07/27/2021,,,True,
2020,State Department,"Conservation Corps, California",,Corpsmember,False,False,Maintenance Aide (Seasonal),31199,31199,,20297,1740,75,0,22112,0,0,0,0,0,,https://www.calhr.ca.gov,,07/27/2021,,,True,
2020,State Department,"Conservation Corps, California",,Corpsmember,False,False,,31199,31199,,13170,8805,75,0,22050,0,0,0,0,0,,https://www.calhr.ca.gov,,07/27/2021,,,True,
2020,State Department,"Conservation Corps, California",,Corpsmember,False,False,,31199,31199,,21645,0,375,0,22020,0,0,0,0,0,,https://www.calhr.ca.gov,,07/27/2021,,,True,
2020,State Department,"Conservation Corps, California",,Corpsmember,False,False,,31199,31199,,15135,6795,75,0,22005,0,0,0,0,0,,https://www.calhr.ca.gov,,07/27/2021,,,True,
2020,State Department,"Conservation Corps, California",,Corpsmember,False,False,,31199,31199,,16665,5310,0,0,21975,0,0,0,0,0,,https://www.calhr.ca.gov,,07/27/2021,,,True,
2020,State Department,"Conservation Corps, California",,Corpsmember,False,False,,31199,31199,,16980,4920,75,0,21975,0,0,0,0,0,,https://www.calhr.ca.gov,,07/27/2021,,,True,
2020,State Department,"Conservation Corps, California",,Corpsmember,False,False,,31199,31199,,11940,10020,0,0,21960,0,0,0,0,0,,https://www.calhr.ca.gov,,07/27/2021,,,True,
2020,State Department,"Conservation Corps, California",,Corpsmember,False,False,,31199,31199,,18555,3405,0,0,21960,0,0,0,0,0,,https://www.calhr.ca.gov,,07/27/2021,,,True,
2020,State Department,"Conservation Corps, California",,Corpsmember,False,False,,31199,31199,,18990,2895,75,0,21960,0,0,0,0,0,,https://www.calhr.ca.gov,,07/27/2021,,,True,
2020,State Department,"Conservation Corps, California",,Corpsmember,False,False,,31199,31199,,15015,6525,375,0,21915,0,0,0,0,0,,https://www.calhr.ca.gov,,07/27/2021,,,True,
2020,State Department,"Conservation Corps, California",,Corpsmember,False,False,,31199,31199,,9615,12300,0,0,21915,0,0,0,0,0,,https://www.calhr.ca.gov,,07/27/2021,,,True,
2020,State Department,"Conservation Corps, California",,Corpsmember,False,False,,31199,31199,,15540,6345,0,0,21885,0,0,0,0,0,,https://www.calhr.ca.gov,,07/27/2021,,,True,
2020,State Department,"Conservation Corps, California",,Corpsmember Promo 2,False,False,,32239,32239,,19257,2620,0,0,21877,0,0,0,0,0,,https://www.calhr.ca.gov,,07/27/2021,,,True,
2020,State Department,"Conservation Corps, California",,Special Corpsmember,False,False,,34319,34319,,21390,134,347,0,21870,0,0,0,0,0,,https://www.calhr.ca.gov,,07/27/2021,,,True,
2020,State Department,"Conservation Corps, California",,Corpsmember,False,False,,31199,31199,,18870,2985,0,0,21855,0,0,0,0,0,,https://www.calhr.ca.gov,,07/27/2021,,,True,
2020,State Department,"Conservation Corps, California",,Corpsmember,False,False,,31199,31199,,17025,4800,0,0,21825,0,0,0,0,0,,https://www.calhr.ca.gov,,07/27/2021,,,True,
2020,State Department,"Conservation Corps, California",,Corpsmember,False,False,,31199,31199,,11010,10785,0,0,21795,0,0,0,0,0,,https://www.calhr.ca.gov,,07/27/2021,,,True,
2020,State Department,"Conservation Corps, California",,Corpsmember,False,False,,31199,31199,,15360,6330,75,0,21765,0,0,0,0,0,,https://www.calhr.ca.gov,,07/27/2021,,,True,
2020,State Department,"Conservation Corps, California",,Corpsmember,False,False,,31199,31199,,15435,6255,75,0,21765,0,0,0,0,0,,https://www.calhr.ca.gov,,07/27/2021,,,True,
2020,State Department,"Conservation Corps, California",,"Accountant Trainee, Range A",False,False,,45516,54276,,20523,0,0,1179,21702,6122,0,0,3751,9873,2.00% @ 55,https://www.calhr.ca.gov,,07/27/2021,,,True,
2020,State Department,"Conservation Corps, California",,Corpsmember,False,False,,31199,31199,,11010,10680,0,0,21690,0,0,0,0,0,,https://www.calhr.ca.gov,,07/27/2021,,,True,
2020,State Department,"Conservation Corps, California",,Corpsmember,False,False,,31199,31199,,18750,2745,180,0,21675,0,0,0,0,0,,https://www.calhr.ca.gov,,07/27/2021,,,True,
2020,State Department,"Conservation Corps, California",,Corpsmember,False,False,,31199,31199,,15255,6390,0,0,21645,0,0,0,0,0,,https://www.calhr.ca.gov,,07/27/2021,,,True,
2020,State Department,"Conservation Corps, California",,Special Corpsmember,False,False,,34319,34319,,20944,0,677,0,21621,0,0,0,0,0,,https://www.calhr.ca.gov,,07/27/2021,,,True,
2020,State Department,"Conservation Corps, California",,Corpsmember,False,False,,31199,31199,,12390,9180,0,0,21570,0,0,0,0,0,,https://www.calhr.ca.gov,,07/27/2021,,,True,
2020,State Department,"Conservation Corps, California",,Corpsmember,False,False,,31199,31199,,21540,0,0,0,21540,0,0,0,0,0,,https://www.calhr.ca.gov,,07/27/2021,,,True,
2020,State Department,"Conservation Corps, California",,Corpsmember,False,False,,31199,31199,,16665,4830,0,0,21495,0,0,0,0,0,,https://www.calhr.ca.gov,,07/27/2021,,,True,
2020,State Department,"Conservation Corps, California",,Corpsmember Promo 1,False,False,,31719,31719,,18149,3096,229,0,21473,0,0,0,0,0,,https://www.calhr.ca.gov,,07/27/2021,,,True,
2020,State Department,"Conservation Corps, California",,Corpsmember Promo 1,False,False,,31719,31719,,18149,3096,229,0,21473,0,0,0,0,0,,https://www.calhr.ca.gov,,07/27/2021,,,True,
2020,State Department,"Conservation Corps, California",,Corpsmember,False,False,,31199,31199,,11430,10020,0,0,21450,0,0,0,0,0,,https://www.calhr.ca.gov,,07/27/2021,,,True,
2020,State Department,"Conservation Corps, California",,Corpsmember,False,False,,31199,31199,,11370,10050,0,0,21420,0,0,0,0,0,,https://www.calhr.ca.gov,,07/27/2021,,,True,
2020,State Department,"Conservation Corps, California",,"Backcountry Trails Camp Supervisor, California Conservation Corps",False,False,,61824,76788,,19673,0,1721,0,21394,3825,0,0,2000,5825,2.50% @ 55,https://www.calhr.ca.gov,,07/27/2021,,,True,
2020,State Department,"Conservation Corps, California",,Corpsmember,False,False,,31199,31199,,13155,8220,0,0,21375,0,0,0,0,0,,https://www.calhr.ca.gov,,07/27/2021,,,True,
2020,State Department,"Conservation Corps, California",,Corpsmember Promo 1,False,False,,31719,31719,,17470,3889,0,0,21359,0,0,0,0,0,,https://www.calhr.ca.gov,,07/27/2021,,,True,
2020,State Department,"Conservation Corps, California",,Corpsmember,False,False,,31199,31199,,15555,5790,0,0,21345,0,0,0,0,0,,https://www.calhr.ca.gov,,07/27/2021,,,True,
2020,State Department,"Conservation Corps, California",,Corpsmember,False,False,,31199,31199,,16905,4365,75,0,21345,0,0,0,0,0,,https://www.calhr.ca.gov,,07/27/2021,,,True,
2020,State Department,"Conservation Corps, California",,"Backcountry Trails Camp Supervisor, California Conservation Corps",False,False,,61824,76788,,18735,0,2576,0,21311,3643,0,0,31,3674,2.50% @ 55,https://www.calhr.ca.gov,,07/27/2021,,,True,
2020,State Department,"Conservation Corps, California",,Corpsmember,False,False,,31199,31199,,14715,6585,0,0,21300,0,0,0,0,0,,https://www.calhr.ca.gov,,07/27/2021,,,True,
2020,State Department,"Conservation Corps, California",,Corpsmember,False,False,,31199,31199,,17445,3825,0,0,21270,0,0,0,0,0,,https://www.calhr.ca.gov,,07/27/2021,,,True,
2020,State Department,"Conservation Corps, California",,Corpsmember,False,False,,31199,31199,,19305,1920,0,0,21225,0,0,0,0,0,,https://www.calhr.ca.gov,,07/27/2021,,,True,
2020,State Department,"Conservation Corps, California",,Special Corpsmember,False,False,,34319,34319,,20284,0,941,0,21225,0,0,0,0,0,,https://www.calhr.ca.gov,,07/27/2021,,,True,
2020,State Department,"Conservation Corps, California",,Corpsmember,False,False,,31199,31199,,11700,9390,75,0,21165,0,0,0,0,0,,https://www.calhr.ca.gov,,07/27/2021,,,True,
2020,State Department,"Conservation Corps, California",,Corpsmember Promo 2,False,False,,32239,32239,,17252,0,0,3905,21157,0,0,0,0,0,,https://www.calhr.ca.gov,,07/27/2021,,,True,
2020,State Department,"Conservation Corps, California",,Corpsmember Promo 2,False,False,,32239,32239,,17252,0,0,3905,21157,0,0,0,0,0,,https://www.calhr.ca.gov,,07/27/2021,,,True,
2020,State Department,"Conservation Corps, California",,Corpsmember Promo 2,False,False,,32239,32239,,17252,0,0,3905,21157,0,0,0,0,0,,https://www.calhr.ca.gov,,07/27/2021,,,True,
2020,State Department,"Conservation Corps, California",,Corpsmember,False,False,,31199,31199,,11370,9780,0,0,21150,0,0,0,0,0,,https://www.calhr.ca.gov,,07/27/2021,,,True,
2020,State Department,"Conservation Corps, California",,Corpsmember,False,False,Fish and Wildlife Scientific Aid,31199,31199,,17153,90,0,3905,21148,0,0,0,0,0,,https://www.calhr.ca.gov,,07/27/2021,,,True,
2020,State Department,"Conservation Corps, California",,Corpsmember,False,False,Fish and Wildlife Scientific Aid,31199,31199,,17235,0,0,3905,21140,0,0,0,0,0,,https://www.calhr.ca.gov,,07/27/2021,,,True,
2020,State Department,"Conservation Corps, California",,Corpsmember,False,False,,31199,31199,,19485,1425,225,0,21135,0,0,0,0,0,,https://www.calhr.ca.gov,,07/27/2021,,,True,
2020,State Department,"Conservation Corps, California",,Corpsmember,False,False,,31199,31199,,14025,7050,0,0,21075,0,0,0,0,0,,https://www.calhr.ca.gov,,07/27/2021,,,True,
2020,State Department,"Conservation Corps, California",,Corpsmember,False,False,,31199,31199,,15780,5265,0,0,21045,0,0,0,0,0,,https://www.calhr.ca.gov,,07/27/2021,,,True,
2020,State Department,"Conservation Corps, California",,Corpsmember,False,False,,31199,31199,,17415,3600,0,0,21015,0,0,0,0,0,,https://www.calhr.ca.gov,,07/27/2021,,,True,
2020,State Department,"Conservation Corps, California",,Corpsmember,False,False,,31199,31199,,18555,2430,0,0,20985,0,0,0,0,0,,https://www.calhr.ca.gov,,07/27/2021,,,True,
2020,State Department,"Conservation Corps, California",,Corpsmember,False,False,,31199,31199,,17265,3720,0,0,20985,0,0,0,0,0,,https://www.calhr.ca.gov,,07/27/2021,,,True,
2020,State Department,"Conservation Corps, California",,Special Corpsmember,False,False,,34319,34319,,20823,132,0,0,20955,0,0,0,0,0,,https://www.calhr.ca.gov,,07/27/2021,,,True,
2020,State Department,"Conservation Corps, California",,Special Corpsmember,False,False,,34319,34319,,20755,0,194,0,20948,0,0,0,0,0,,https://www.calhr.ca.gov,,07/27/2021,,,True,
2020,State Department,"Conservation Corps, California",,Corpsmember,False,False,,31199,31199,,16005,4890,0,0,20895,0,0,0,0,0,,https://www.calhr.ca.gov,,07/27/2021,,,True,
2020,State Department,"Conservation Corps, California",,Corpsmember Promo 1,False,False,,31719,31719,,18162,2471,229,0,20861,0,0,0,0,0,,https://www.calhr.ca.gov,,07/27/2021,,,True,
2020,State Department,"Conservation Corps, California",,Corpsmember,False,False,,31199,31199,,18300,2250,300,0,20850,0,0,0,0,0,,https://www.calhr.ca.gov,,07/27/2021,,,True,
2020,State Department,"Conservation Corps, California",,Corpsmember,False,False,,31199,31199,,18615,2160,0,0,20775,0,0,0,0,0,,https://www.calhr.ca.gov,,07/27/2021,,,True,
2020,State Department,"Conservation Corps, California",,Corpsmember,False,False,,31199,31199,,16290,4440,0,0,20730,0,0,0,0,0,,https://www.calhr.ca.gov,,07/27/2021,,,True,
2020,State Department,"Conservation Corps, California",,Corpsmember,False,False,,31199,31199,,18690,1935,75,0,20700,0,0,0,0,0,,https://www.calhr.ca.gov,,07/27/2021,,,True,
2020,State Department,"Conservation Corps, California",,Corpsmember,False,False,,31199,31199,,11430,9255,0,0,20685,0,0,0,0,0,,https://www.calhr.ca.gov,,07/27/2021,,,True,
2020,State Department,"Conservation Corps, California",,Corpsmember,False,False,,31199,31199,,20490,180,0,0,20670,0,0,0,0,0,,https://www.calhr.ca.gov,,07/27/2021,,,True,
2020,State Department,"Conservation Corps, California",,Corpsmember,False,False,,31199,31199,,18555,2070,0,0,20625,0,0,0,0,0,,https://www.calhr.ca.gov,,07/27/2021,,,True,
2020,State Department,"Conservation Corps, California",,Corpsmember,False,False,,31199,31199,,16845,3645,0,0,20490,0,0,0,0,0,,https://www.calhr.ca.gov,,07/27/2021,,,True,
2020,State Department,"Conservation Corps, California",,Corpsmember,False,False,Fish and Wildlife Scientific Aid,31199,31199,,16560,0,0,3905,20465,0,0,0,0,0,,https://www.calhr.ca.gov,,07/27/2021,,,True,
2020,State Department,"Conservation Corps, California",,Corpsmember,False,False,,31199,31199,,18555,1890,0,0,20445,0,0,0,0,0,,https://www.calhr.ca.gov,,07/27/2021,,,True,
2020,State Department,"Conservation Corps, California",,Corpsmember,False,False,,31199,31199,,10485,9960,0,0,20445,0,0,0,0,0,,https://www.calhr.ca.gov,,07/27/2021,,,True,
2020,State Department,"Conservation Corps, California",,Corpsmember,False,False,,31199,31199,,16650,3780,0,0,20430,0,0,0,0,0,,https://www.calhr.ca.gov,,07/27/2021,,,True,
2020,State Department,"Conservation Corps, California",,Corpsmember,False,False,,31199,31199,,11430,8985,0,0,20415,0,0,0,0,0,,https://www.calhr.ca.gov,,07/27/2021,,,True,
2020,State Department,"Conservation Corps, California",,Corpsmember,False,False,Fish and Wildlife Scientific Aid,31199,31199,,16500,0,0,3905,20405,0,0,0,0,0,,https://www.calhr.ca.gov,,07/27/2021,,,True,
2020,State Department,"Conservation Corps, California",,Corpsmember,False,False,,31199,31199,,10995,9390,0,0,20385,0,0,0,0,0,,https://www.calhr.ca.gov,,07/27/2021,,,True,
2020,State Department,"Conservation Corps, California",,Corpsmember,False,False,,31199,31199,,18555,1830,0,0,20385,0,0,0,0,0,,https://www.calhr.ca.gov,,07/27/2021,,,True,
2020,State Department,"Conservation Corps, California",,Corpsmember,False,False,,31199,31199,,15525,4785,75,0,20385,0,0,0,0,0,,https://www.calhr.ca.gov,,07/27/2021,,,True,
2020,State Department,"Conservation Corps, California",,Corpsmember,False,False,,31199,31199,,10140,10080,150,0,20370,0,0,0,0,0,,https://www.calhr.ca.gov,,07/27/2021,,,True,
2020,State Department,"Conservation Corps, California",,Corpsmember,False,False,,31199,31199,,15660,4620,75,0,20355,0,0,0,0,0,,https://www.calhr.ca.gov,,07/27/2021,,,True,
2020,State Department,"Conservation Corps, California",,Corpsmember,False,False,,31199,31199,,16440,0,0,3905,20345,0,0,0,0,0,,https://www.calhr.ca.gov,,07/27/2021,,,True,
2020,State Department,"Conservation Corps, California",,Corpsmember,False,False,,31199,31199,,16440,0,0,3905,20345,0,0,0,0,0,,https://www.calhr.ca.gov,,07/27/2021,,,True,
2020,State Department,"Conservation Corps, California",,Corpsmember,False,False,,31199,31199,,16440,0,0,3905,20345,0,0,0,0,0,,https://www.calhr.ca.gov,,07/27/2021,,,True,
2020,State Department,"Conservation Corps, California",,Corpsmember,False,False,,31199,31199,,16440,0,0,3905,20345,0,0,0,0,0,,https://www.calhr.ca.gov,,07/27/2021,,,True,
2020,State Department,"Conservation Corps, California",,Corpsmember,False,False,,31199,31199,,16440,0,0,3905,20345,0,0,0,0,0,,https://www.calhr.ca.gov,,07/27/2021,,,True,
2020,State Department,"Conservation Corps, California",,Corpsmember,False,False,,31199,31199,,16440,0,0,3905,20345,0,0,0,0,0,,https://www.calhr.ca.gov,,07/27/2021,,,True,
2020,State Department,"Conservation Corps, California",,Corpsmember,False,False,,31199,31199,,16440,0,0,3905,20345,0,0,0,0,0,,https://www.calhr.ca.gov,,07/27/2021,,,True,
2020,State Department,"Conservation Corps, California",,Corpsmember,False,False,,31199,31199,,16440,0,0,3905,20345,0,0,0,0,0,,https://www.calhr.ca.gov,,07/27/2021,,,True,
2020,State Department,"Conservation Corps, California",,Corpsmember,False,False,,31199,31199,,16440,0,0,3905,20345,0,0,0,0,0,,https://www.calhr.ca.gov,,07/27/2021,,,True,
2020,State Department,"Conservation Corps, California",,Corpsmember,False,False,,31199,31199,,16440,0,0,3905,20345,0,0,0,0,0,,https://www.calhr.ca.gov,,07/27/2021,,,True,
2020,State Department,"Conservation Corps, California",,Corpsmember,False,False,,31199,31199,,16440,0,0,3905,20345,0,0,0,0,0,,https://www.calhr.ca.gov,,07/27/2021,,,True,
2020,State Department,"Conservation Corps, California",,Corpsmember,False,False,,31199,31199,,16440,0,0,3905,20345,0,0,0,0,0,,https://www.calhr.ca.gov,,07/27/2021,,,True,
2020,State Department,"Conservation Corps, California",,Corpsmember,False,False,,31199,31199,,16440,0,0,3905,20345,0,0,0,0,0,,https://www.calhr.ca.gov,,07/27/2021,,,True,
2020,State Department,"Conservation Corps, California",,Corpsmember,False,False,,31199,31199,,16440,0,0,3905,20345,0,0,0,0,0,,https://www.calhr.ca.gov,,07/27/2021,,,True,
2020,State Department,"Conservation Corps, California",,Corpsmember,False,False,,31199,31199,,16440,0,0,3905,20345,0,0,0,0,0,,https://www.calhr.ca.gov,,07/27/2021,,,True,
2020,State Department,"Conservation Corps, California",,Corpsmember,False,False,,31199,31199,,16440,0,0,3905,20345,0,0,0,0,0,,https://www.calhr.ca.gov,,07/27/2021,,,True,
2020,State Department,"Conservation Corps, California",,Corpsmember,False,False,,31199,31199,,16440,0,0,3905,20345,0,0,0,0,0,,https://www.calhr.ca.gov,,07/27/2021,,,True,
2020,State Department,"Conservation Corps, California",,Corpsmember,False,False,,31199,31199,,16440,0,0,3905,20345,0,0,0,0,0,,https://www.calhr.ca.gov,,07/27/2021,,,True,
2020,State Department,"Conservation Corps, California",,Corpsmember,False,False,,31199,31199,,16440,0,0,3905,20345,0,0,0,0,0,,https://www.calhr.ca.gov,,07/27/2021,,,True,
2020,State Department,"Conservation Corps, California",,Corpsmember,False,False,,31199,31199,,16440,0,0,3905,20345,0,0,0,0,0,,https://www.calhr.ca.gov,,07/27/2021,,,True,
2020,State Department,"Conservation Corps, California",,Corpsmember,False,False,,31199,31199,,16440,0,0,3905,20345,0,0,0,0,0,,https://www.calhr.ca.gov,,07/27/2021,,,True,
2020,State Department,"Conservation Corps, California",,Corpsmember,False,False,,31199,31199,,16440,0,0,3905,20345,0,0,0,0,0,,https://www.calhr.ca.gov,,07/27/2021,,,True,
2020,State Department,"Conservation Corps, California",,Corpsmember,False,False,,31199,31199,,16440,0,0,3905,20345,0,0,0,0,0,,https://www.calhr.ca.gov,,07/27/2021,,,True,
2020,State Department,"Conservation Corps, California",,Corpsmember,False,False,,31199,31199,,16440,0,0,3905,20345,0,0,0,0,0,,https://www.calhr.ca.gov,,07/27/2021,,,True,
2020,State Department,"Conservation Corps, California",,Corpsmember,False,False,,31199,31199,,16440,0,0,3905,20345,0,0,0,0,0,,https://www.calhr.ca.gov,,07/27/2021,,,True,
2020,State Department,"Conservation Corps, California",,Corpsmember,False,False,,31199,31199,,16440,0,0,3905,20345,0,0,0,0,0,,https://www.calhr.ca.gov,,07/27/2021,,,True,
2020,State Department,"Conservation Corps, California",,Corpsmember,False,False,,31199,31199,,18330,2010,0,0,20340,0,0,0,0,0,,https://www.calhr.ca.gov,,07/27/2021,,,True,
2020,State Department,"Conservation Corps, California",,Corpsmember,False,False,,31199,31199,,15540,4770,0,0,20310,0,0,0,0,0,,https://www.calhr.ca.gov,,07/27/2021,,,True,
2020,State Department,"Conservation Corps, California",,Corpsmember Promo 2,False,False,,32239,32239,,17840,2442,0,0,20282,0,0,0,0,0,,https://www.calhr.ca.gov,,07/27/2021,,,True,
2020,State Department,"Conservation Corps, California",,Corpsmember,False,False,,31199,31199,,11010,9075,150,0,20235,0,0,0,0,0,,https://www.calhr.ca.gov,,07/27/2021,,,True,
2020,State Department,"Conservation Corps, California",,Corpsmember Promo 1,False,False,,31719,31719,,17414,2654,153,0,20220,0,0,0,0,0,,https://www.calhr.ca.gov,,07/27/2021,,,True,
2020,State Department,"Conservation Corps, California",,Corpsmember,False,False,,31199,31199,,10995,9225,0,0,20220,0,0,0,0,0,,https://www.calhr.ca.gov,,07/27/2021,,,True,
2020,State Department,"Conservation Corps, California",,Corpsmember,False,False,,31199,31199,,17985,2235,0,0,20220,0,0,0,0,0,,https://www.calhr.ca.gov,,07/27/2021,,,True,
2020,State Department,"Conservation Corps, California",,"Staff Services Analyst (General), Range C",False,False,,51372,64320,,18899,0,0,1300,20199,5451,0,0,555,6006,2.00% @ 55,https://www.calhr.ca.gov,,07/27/2021,,,True,
2020,State Department,"Conservation Corps, California",,Corpsmember,False,False,,31199,31199,,15300,4890,0,0,20190,0,0,0,0,0,,https://www.calhr.ca.gov,,07/27/2021,,,True,
2020,State Department,"Conservation Corps, California",,Corpsmember,False,False,,31199,31199,,16140,4035,0,0,20175,0,0,0,0,0,,https://www.calhr.ca.gov,,07/27/2021,,,True,
2020,State Department,"Conservation Corps, California",,Corpsmember,False,False,,31199,31199,,15660,4410,75,0,20145,0,0,0,0,0,,https://www.calhr.ca.gov,,07/27/2021,,,True,
2020,State Department,"Conservation Corps, California",,Corpsmember,False,False,,31199,31199,,17730,2400,0,0,20130,0,0,0,0,0,,https://www.calhr.ca.gov,,07/27/2021,,,True,
2020,State Department,"Conservation Corps, California",,Corpsmember,False,False,,31199,31199,,19500,615,0,0,20115,0,0,0,0,0,,https://www.calhr.ca.gov,,07/27/2021,,,True,
2020,State Department,"Conservation Corps, California",,Corpsmember,False,False,,31199,31199,,18555,1545,0,0,20100,0,0,0,0,0,,https://www.calhr.ca.gov,,07/27/2021,,,True,
2020,State Department,"Conservation Corps, California",,Corpsmember,False,False,,31199,31199,,12075,7860,150,0,20085,0,0,0,0,0,,https://www.calhr.ca.gov,,07/27/2021,,,True,
2020,State Department,"Conservation Corps, California",,Corpsmember,False,False,,31199,31199,,16920,3150,0,0,20070,0,0,0,0,0,,https://www.calhr.ca.gov,,07/27/2021,,,True,
2020,State Department,"Conservation Corps, California",,Corpsmember,False,False,,31199,31199,,9225,10770,0,0,19995,0,0,0,0,0,,https://www.calhr.ca.gov,,07/27/2021,,,True,
2020,State Department,"Conservation Corps, California",,Corpsmember,False,False,,31199,31199,,12915,7080,0,0,19995,0,0,0,0,0,,https://www.calhr.ca.gov,,07/27/2021,,,True,
2020,State Department,"Conservation Corps, California",,Corpsmember,False,False,,31199,31199,,10545,9435,0,0,19980,0,0,0,0,0,,https://www.calhr.ca.gov,,07/27/2021,,,True,
2020,State Department,"Conservation Corps, California",,Corpsmember,False,False,,31199,31199,,15180,4620,150,0,19950,0,0,0,0,0,,https://www.calhr.ca.gov,,07/27/2021,,,True,
2020,State Department,"Conservation Corps, California",,Corpsmember,False,False,,31199,31199,,11445,8355,150,0,19950,0,0,0,0,0,,https://www.calhr.ca.gov,,07/27/2021,,,True,
2020,State Department,"Conservation Corps, California",,Corpsmember,False,False,,31199,31199,,13755,6165,0,0,19920,0,0,0,0,0,,https://www.calhr.ca.gov,,07/27/2021,,,True,
2020,State Department,"Conservation Corps, California",,Corpsmember,False,False,,31199,31199,,11310,8565,0,0,19875,0,0,0,0,0,,https://www.calhr.ca.gov,,07/27/2021,,,True,
2020,State Department,"Conservation Corps, California",,Corpsmember,False,False,,31199,31199,,17790,2010,75,0,19875,0,0,0,0,0,,https://www.calhr.ca.gov,,07/27/2021,,,True,
2020,State Department,"Conservation Corps, California",,Corpsmember,False,False,,31199,31199,,17145,2715,0,0,19860,0,0,0,0,0,,https://www.calhr.ca.gov,,07/27/2021,,,True,
2020,State Department,"Conservation Corps, California",,Corpsmember,False,False,,31199,31199,,15690,4080,75,0,19845,0,0,0,0,0,,https://www.calhr.ca.gov,,07/27/2021,,,True,
2020,State Department,"Conservation Corps, California",,Corpsmember,False,False,,31199,31199,,11310,8505,0,0,19815,0,0,0,0,0,,https://www.calhr.ca.gov,,07/27/2021,,,True,
2020,State Department,"Conservation Corps, California",,Corpsmember,False,False,,31199,31199,,12390,7200,225,0,19815,0,0,0,0,0,,https://www.calhr.ca.gov,,07/27/2021,,,True,
2020,State Department,"Conservation Corps, California",,Corpsmember,False,False,,31199,31199,,9225,10560,0,0,19785,0,0,0,0,0,,https://www.calhr.ca.gov,,07/27/2021,,,True,
2020,State Department,"Conservation Corps, California",,Corpsmember,False,False,,31199,31199,,9210,10560,0,0,19770,0,0,0,0,0,,https://www.calhr.ca.gov,,07/27/2021,,,True,
2020,State Department,"Conservation Corps, California",,Corpsmember,False,False,,31199,31199,,16800,2955,0,0,19755,0,0,0,0,0,,https://www.calhr.ca.gov,,07/27/2021,,,True,
2020,State Department,"Conservation Corps, California",,Corpsmember,False,False,,31199,31199,,17790,1950,0,0,19740,0,0,0,0,0,,https://www.calhr.ca.gov,,07/27/2021,,,True,
2020,State Department,"Conservation Corps, California",,Corpsmember,False,False,,31199,31199,,15750,3960,0,0,19710,0,0,0,0,0,,https://www.calhr.ca.gov,,07/27/2021,,,True,
2020,State Department,"Conservation Corps, California",,Corpsmember,False,False,,31199,31199,,16335,3360,0,0,19695,0,0,0,0,0,,https://www.calhr.ca.gov,,07/27/2021,,,True,
2020,State Department,"Conservation Corps, California",,Corpsmember,False,False,,31199,31199,,18300,1395,0,0,19695,0,0,0,0,0,,https://www.calhr.ca.gov,,07/27/2021,,,True,
2020,State Department,"Conservation Corps, California",,Corpsmember,False,False,,31199,31199,,17085,2580,0,0,19665,0,0,0,0,0,,https://www.calhr.ca.gov,,07/27/2021,,,True,
2020,State Department,"Conservation Corps, California",,Corpsmember,False,False,,31199,31199,,10995,8670,0,0,19665,0,0,0,0,0,,https://www.calhr.ca.gov,,07/27/2021,,,True,
2020,State Department,"Conservation Corps, California",,Corpsmember,False,False,,31199,31199,,14535,4980,150,0,19665,0,0,0,0,0,,https://www.calhr.ca.gov,,07/27/2021,,,True,
2020,State Department,"Conservation Corps, California",,Corpsmember,False,False,,31199,31199,,14970,4590,75,0,19635,0,0,0,0,0,,https://www.calhr.ca.gov,,07/27/2021,,,True,
2020,State Department,"Conservation Corps, California",,Corpsmember,False,False,,31199,31199,,10110,9510,0,0,19620,0,0,0,0,0,,https://www.calhr.ca.gov,,07/27/2021,,,True,
2020,State Department,"Conservation Corps, California",,Corpsmember,False,False,,31199,31199,,14220,5295,75,0,19590,0,0,0,0,0,,https://www.calhr.ca.gov,,07/27/2021,,,True,
2020,State Department,"Conservation Corps, California",,Corpsmember,False,False,,31199,31199,,16710,2790,75,0,19575,0,0,0,0,0,,https://www.calhr.ca.gov,,07/27/2021,,,True,
2020,State Department,"Conservation Corps, California",,Corpsmember,False,False,,31199,31199,,17280,2280,0,0,19560,0,0,0,0,0,,https://www.calhr.ca.gov,,07/27/2021,,,True,
2020,State Department,"Conservation Corps, California",,Corpsmember,False,False,,31199,31199,,17475,1980,75,0,19530,0,0,0,0,0,,https://www.calhr.ca.gov,,07/27/2021,,,True,
2020,State Department,"Conservation Corps, California",,Corpsmember,False,False,,31199,31199,,11430,8070,0,0,19500,0,0,0,0,0,,https://www.calhr.ca.gov,,07/27/2021,,,True,
2020,State Department,"Conservation Corps, California",,Corpsmember,False,False,,31199,31199,,16650,2850,0,0,19500,0,0,0,0,0,,https://www.calhr.ca.gov,,07/27/2021,,,True,
2020,State Department,"Conservation Corps, California",,Corpsmember,False,False,,31199,31199,,18870,585,0,0,19455,0,0,0,0,0,,https://www.calhr.ca.gov,,07/27/2021,,,True,
2020,State Department,"Conservation Corps, California",,Corpsmember,False,False,,31199,31199,,18870,585,0,0,19455,0,0,0,0,0,,https://www.calhr.ca.gov,,07/27/2021,,,True,
2020,State Department,"Conservation Corps, California",,Corpsmember,False,False,,31199,31199,,16920,2430,75,0,19425,0,0,0,0,0,,https://www.calhr.ca.gov,,07/27/2021,,,True,
2020,State Department,"Conservation Corps, California",,Corpsmember,False,False,,31199,31199,,16260,3165,0,0,19425,0,0,0,0,0,,https://www.calhr.ca.gov,,07/27/2021,,,True,
2020,State Department,"Conservation Corps, California",,Corpsmember,False,False,,31199,31199,,16680,2745,0,0,19425,0,0,0,0,0,,https://www.calhr.ca.gov,,07/27/2021,,,True,
2020,State Department,"Conservation Corps, California",,Corpsmember,False,False,,31199,31199,,17430,1845,150,0,19425,0,0,0,0,0,,https://www.calhr.ca.gov,,07/27/2021,,,True,
2020,State Department,"Conservation Corps, California",,Special Corpsmember,False,False,,34319,34319,,19418,0,0,0,19418,0,0,0,0,0,,https://www.calhr.ca.gov,,07/27/2021,,,True,
2020,State Department,"Conservation Corps, California",,Corpsmember Promo 1,False,False,,31719,31719,,17685,1693,0,0,19378,0,0,0,0,0,,https://www.calhr.ca.gov,,07/27/2021,,,True,
2020,State Department,"Conservation Corps, California",,Corpsmember,False,False,,31199,31199,,11325,7815,225,0,19365,0,0,0,0,0,,https://www.calhr.ca.gov,,07/27/2021,,,True,
2020,State Department,"Conservation Corps, California",,Corpsmember,False,False,,31199,31199,,14670,4680,0,0,19350,0,0,0,0,0,,https://www.calhr.ca.gov,,07/27/2021,,,True,
2020,State Department,"Conservation Corps, California",,Corpsmember,False,False,,31199,31199,,10995,8355,0,0,19350,0,0,0,0,0,,https://www.calhr.ca.gov,,07/27/2021,,,True,
2020,State Department,"Conservation Corps, California",,Corpsmember,False,False,,31199,31199,,10995,8325,0,0,19320,0,0,0,0,0,,https://www.calhr.ca.gov,,07/27/2021,,,True,
2020,State Department,"Conservation Corps, California",,Corpsmember,False,False,,31199,31199,,15945,3360,0,0,19305,0,0,0,0,0,,https://www.calhr.ca.gov,,07/27/2021,,,True,
2020,State Department,"Conservation Corps, California",,Corpsmember,False,False,,31199,31199,,10935,8355,0,0,19290,0,0,0,0,0,,https://www.calhr.ca.gov,,07/27/2021,,,True,
2020,State Department,"Conservation Corps, California",,Corpsmember,False,False,,31199,31199,,10935,8355,0,0,19290,0,0,0,0,0,,https://www.calhr.ca.gov,,07/27/2021,,,True,
2020,State Department,"Conservation Corps, California",,Corpsmember,False,False,,31199,31199,,11430,7860,0,0,19290,0,0,0,0,0,,https://www.calhr.ca.gov,,07/27/2021,,,True,
2020,State Department,"Conservation Corps, California",,Corpsmember,False,False,,31199,31199,,15435,3855,0,0,19290,0,0,0,0,0,,https://www.calhr.ca.gov,,07/27/2021,,,True,
2020,State Department,"Conservation Corps, California",,Corpsmember,False,False,,31199,31199,,10935,8355,0,0,19290,0,0,0,0,0,,https://www.calhr.ca.gov,,07/27/2021,,,True,
2020,State Department,"Conservation Corps, California",,Corpsmember,False,False,,31199,31199,,15315,3900,75,0,19290,0,0,0,0,0,,https://www.calhr.ca.gov,,07/27/2021,,,True,
2020,State Department,"Conservation Corps, California",,Corpsmember,False,False,,31199,31199,,17670,1605,0,0,19275,0,0,0,0,0,,https://www.calhr.ca.gov,,07/27/2021,,,True,
2020,State Department,"Conservation Corps, California",,Corpsmember,False,False,,31199,31199,,10875,8355,0,0,19230,0,0,0,0,0,,https://www.calhr.ca.gov,,07/27/2021,,,True,
2020,State Department,"Conservation Corps, California",,Special Corpsmember,False,False,,34319,34319,,19219,0,0,0,19219,0,0,0,0,0,,https://www.calhr.ca.gov,,07/27/2021,,,True,
2020,State Department,"Conservation Corps, California",,Corpsmember,False,False,,31199,31199,,18990,0,225,0,19215,0,0,0,0,0,,https://www.calhr.ca.gov,,07/27/2021,,,True,
2020,State Department,"Conservation Corps, California",,Corpsmember,False,False,,31199,31199,,10110,9090,0,0,19200,0,0,0,0,0,,https://www.calhr.ca.gov,,07/27/2021,,,True,
2020,State Department,"Conservation Corps, California",,Corpsmember,False,False,,31199,31199,,11430,7770,0,0,19200,0,0,0,0,0,,https://www.calhr.ca.gov,,07/27/2021,,,True,
2020,State Department,"Conservation Corps, California",,Corpsmember,False,False,,31199,31199,,11430,7770,0,0,19200,0,0,0,0,0,,https://www.calhr.ca.gov,,07/27/2021,,,True,
2020,State Department,"Conservation Corps, California",,Corpsmember Promo 1,False,False,,31719,31719,,18569,305,320,0,19195,0,0,0,0,0,,https://www.calhr.ca.gov,,07/27/2021,,,True,
2020,State Department,"Conservation Corps, California",,Corpsmember,False,False,,31199,31199,,10545,8625,0,0,19170,0,0,0,0,0,,https://www.calhr.ca.gov,,07/27/2021,,,True,
2020,State Department,"Conservation Corps, California",,Corpsmember,False,False,,31199,31199,,10545,8625,0,0,19170,0,0,0,0,0,,https://www.calhr.ca.gov,,07/27/2021,,,True,
2020,State Department,"Conservation Corps, California",,Corpsmember,False,False,,31199,31199,,12090,6930,150,0,19170,0,0,0,0,0,,https://www.calhr.ca.gov,,07/27/2021,,,True,
2020,State Department,"Conservation Corps, California",,Corpsmember,False,False,,31199,31199,,18300,825,0,0,19125,0,0,0,0,0,,https://www.calhr.ca.gov,,07/27/2021,,,True,
2020,State Department,"Conservation Corps, California",,Corpsmember,False,False,,31199,31199,,16800,2220,75,0,19095,0,0,0,0,0,,https://www.calhr.ca.gov,,07/27/2021,,,True,
2020,State Department,"Conservation Corps, California",,Corpsmember,False,False,,31199,31199,,13350,5655,75,0,19080,0,0,0,0,0,,https://www.calhr.ca.gov,,07/27/2021,,,True,
2020,State Department,"Conservation Corps, California",,Corpsmember,False,False,,31199,31199,,9210,9840,0,0,19050,0,0,0,0,0,,https://www.calhr.ca.gov,,07/27/2021,,,True,
2020,State Department,"Conservation Corps, California",,Corpsmember,False,False,,31199,31199,,10545,8505,0,0,19050,0,0,0,0,0,,https://www.calhr.ca.gov,,07/27/2021,,,True,
2020,State Department,"Conservation Corps, California",,Corpsmember,False,False,,31199,31199,,12045,6975,0,0,19020,0,0,0,0,0,,https://www.calhr.ca.gov,,07/27/2021,,,True,
2020,State Department,"Conservation Corps, California",,Corpsmember Promo 1,False,False,,31719,31719,,16723,2268,0,0,18991,0,0,0,0,0,,https://www.calhr.ca.gov,,07/27/2021,,,True,
2020,State Department,"Conservation Corps, California",,Corpsmember,False,False,,31199,31199,,16575,2115,300,0,18990,0,0,0,0,0,,https://www.calhr.ca.gov,,07/27/2021,,,True,
2020,State Department,"Conservation Corps, California",,Corpsmember,False,False,,31199,31199,,17415,1575,0,0,18990,0,0,0,0,0,,https://www.calhr.ca.gov,,07/27/2021,,,True,
2020,State Department,"Conservation Corps, California",,Corpsmember,False,False,,31199,31199,,9225,9735,0,0,18960,0,0,0,0,0,,https://www.calhr.ca.gov,,07/27/2021,,,True,
2020,State Department,"Conservation Corps, California",,Corpsmember,False,False,,31199,31199,,11055,7905,0,0,18960,0,0,0,0,0,,https://www.calhr.ca.gov,,07/27/2021,,,True,
2020,State Department,"Conservation Corps, California",,Corpsmember,False,False,,31199,31199,,11055,7905,0,0,18960,0,0,0,0,0,,https://www.calhr.ca.gov,,07/27/2021,,,True,
2020,State Department,"Conservation Corps, California",,Corpsmember,False,False,,31199,31199,,11055,7905,0,0,18960,0,0,0,0,0,,https://www.calhr.ca.gov,,07/27/2021,,,True,
2020,State Department,"Conservation Corps, California",,Corpsmember,False,False,,31199,31199,,11055,7905,0,0,18960,0,0,0,0,0,,https://www.calhr.ca.gov,,07/27/2021,,,True,
2020,State Department,"Conservation Corps, California",,Corpsmember,False,False,,31199,31199,,9210,9735,0,0,18945,0,0,0,0,0,,https://www.calhr.ca.gov,,07/27/2021,,,True,
2020,State Department,"Conservation Corps, California",,"Cook Specialist II, Range A",False,False,,41376,50796,,18938,0,0,0,18938,6624,0,0,7954,14578,2.00% @ 55,https://www.calhr.ca.gov,,07/27/2021,,,True,
2020,State Department,"Conservation Corps, California",,Corpsmember,False,False,,31199,31199,,11370,7530,0,0,18900,0,0,0,0,0,,https://www.calhr.ca.gov,,07/27/2021,,,True,
2020,State Department,"Conservation Corps, California",,Corpsmember,False,False,,31199,31199,,11430,7470,0,0,18900,0,0,0,0,0,,https://www.calhr.ca.gov,,07/27/2021,,,True,
2020,State Department,"Conservation Corps, California",,Corpsmember,False,False,,31199,31199,,17340,1470,75,0,18885,0,0,0,0,0,,https://www.calhr.ca.gov,,07/27/2021,,,True,
2020,State Department,"Conservation Corps, California",,Corpsmember,False,False,,31199,31199,,17340,1530,0,0,18870,0,0,0,0,0,,https://www.calhr.ca.gov,,07/27/2021,,,True,
2020,State Department,"Conservation Corps, California",,Corpsmember,False,False,,31199,31199,,14805,3915,150,0,18870,0,0,0,0,0,,https://www.calhr.ca.gov,,07/27/2021,,,True,
2020,State Department,"Conservation Corps, California",,Corpsmember,False,False,,31199,31199,,9210,9645,0,0,18855,0,0,0,0,0,,https://www.calhr.ca.gov,,07/27/2021,,,True,
2020,State Department,"Conservation Corps, California",,Corpsmember,False,False,,31199,31199,,9210,9630,0,0,18840,0,0,0,0,0,,https://www.calhr.ca.gov,,07/27/2021,,,True,
2020,State Department,"Conservation Corps, California",,Corpsmember,False,False,,31199,31199,,11370,7440,0,0,18810,0,0,0,0,0,,https://www.calhr.ca.gov,,07/27/2021,,,True,
2020,State Department,"Conservation Corps, California",,Corpsmember,False,False,,31199,31199,,11430,7365,0,0,18795,0,0,0,0,0,,https://www.calhr.ca.gov,,07/27/2021,,,True,
2020,State Department,"Conservation Corps, California",,Corpsmember,False,False,,31199,31199,,17010,1785,0,0,18795,0,0,0,0,0,,https://www.calhr.ca.gov,,07/27/2021,,,True,
2020,State Department,"Conservation Corps, California",,Corpsmember,False,False,,31199,31199,,10860,7935,0,0,18795,0,0,0,0,0,,https://www.calhr.ca.gov,,07/27/2021,,,True,
2020,State Department,"Conservation Corps, California",,Corpsmember,False,False,,31199,31199,,9150,9645,0,0,18795,0,0,0,0,0,,https://www.calhr.ca.gov,,07/27/2021,,,True,
2020,State Department,"Conservation Corps, California",,Corpsmember,False,False,,31199,31199,,18750,0,0,0,18750,0,0,0,0,0,,https://www.calhr.ca.gov,,07/27/2021,,,True,
2020,State Department,"Conservation Corps, California",,Corpsmember,False,False,,31199,31199,,15660,3075,0,0,18735,0,0,0,0,0,,https://www.calhr.ca.gov,,07/27/2021,,,True,
2020,State Department,"Conservation Corps, California",,Corpsmember,False,False,,31199,31199,,12300,6420,0,0,18720,0,0,0,0,0,,https://www.calhr.ca.gov,,07/27/2021,,,True,
2020,State Department,"Conservation Corps, California",,Corpsmember,False,False,,31199,31199,,10995,7695,0,0,18690,0,0,0,0,0,,https://www.calhr.ca.gov,,07/27/2021,,,True,
2020,State Department,"Conservation Corps, California",,Corpsmember,False,False,,31199,31199,,9225,9450,0,0,18675,0,0,0,0,0,,https://www.calhr.ca.gov,,07/27/2021,,,True,
2020,State Department,"Conservation Corps, California",,Corpsmember,False,False,,31199,31199,,9210,9450,0,0,18660,0,0,0,0,0,,https://www.calhr.ca.gov,,07/27/2021,,,True,
2020,State Department,"Conservation Corps, California",,Corpsmember,False,False,,31199,31199,,11430,7200,0,0,18630,0,0,0,0,0,,https://www.calhr.ca.gov,,07/27/2021,,,True,
2020,State Department,"Conservation Corps, California",,Corpsmember,False,False,,31199,31199,,14580,3930,75,0,18585,0,0,0,0,0,,https://www.calhr.ca.gov,,07/27/2021,,,True,
2020,State Department,"Conservation Corps, California",,Corpsmember,False,False,,31199,31199,,15930,2520,75,0,18525,0,0,0,0,0,,https://www.calhr.ca.gov,,07/27/2021,,,True,
2020,State Department,"Conservation Corps, California",,Corpsmember,False,False,,31199,31199,,15480,2895,150,0,18525,0,0,0,0,0,,https://www.calhr.ca.gov,,07/27/2021,,,True,
2020,State Department,"Conservation Corps, California",,Corpsmember,False,False,,31199,31199,,10935,7575,0,0,18510,0,0,0,0,0,,https://www.calhr.ca.gov,,07/27/2021,,,True,
2020,State Department,"Conservation Corps, California",,Corpsmember,False,False,,31199,31199,,11085,7275,150,0,18510,0,0,0,0,0,,https://www.calhr.ca.gov,,07/27/2021,,,True,
2020,State Department,"Conservation Corps, California",,Corpsmember,False,False,,31199,31199,,13830,4590,75,0,18495,0,0,0,0,0,,https://www.calhr.ca.gov,,07/27/2021,,,True,
2020,State Department,"Conservation Corps, California",,Corpsmember,False,False,,31199,31199,,10485,7995,0,0,18480,0,0,0,0,0,,https://www.calhr.ca.gov,,07/27/2021,,,True,
2020,State Department,"Conservation Corps, California",,Corpsmember,False,False,,31199,31199,,16380,2085,0,0,18465,0,0,0,0,0,,https://www.calhr.ca.gov,,07/27/2021,,,True,
2020,State Department,"Conservation Corps, California",,Corpsmember,False,False,,31199,31199,,11370,7080,0,0,18450,0,0,0,0,0,,https://www.calhr.ca.gov,,07/27/2021,,,True,
2020,State Department,"Conservation Corps, California",,Corpsmember,False,False,,31199,31199,,14940,3435,75,0,18450,0,0,0,0,0,,https://www.calhr.ca.gov,,07/27/2021,,,True,
2020,State Department,"Conservation Corps, California",,Corpsmember,False,False,,31199,31199,,11430,7005,0,0,18435,0,0,0,0,0,,https://www.calhr.ca.gov,,07/27/2021,,,True,
2020,State Department,"Conservation Corps, California",,Corpsmember,False,False,,31199,31199,,18191,0,210,0,18401,0,0,0,0,0,,https://www.calhr.ca.gov,,07/27/2021,,,True,
2020,State Department,"Conservation Corps, California",,Corpsmember,False,False,,31199,31199,,16860,1530,0,0,18390,0,0,0,0,0,,https://www.calhr.ca.gov,,07/27/2021,,,True,
2020,State Department,"Conservation Corps, California",,Corpsmember,False,False,,31199,31199,,10620,7770,0,0,18390,0,0,0,0,0,,https://www.calhr.ca.gov,,07/27/2021,,,True,
2020,State Department,"Conservation Corps, California",,Corpsmember,False,False,,31199,31199,,10545,7800,0,0,18345,0,0,0,0,0,,https://www.calhr.ca.gov,,07/27/2021,,,True,
2020,State Department,"Conservation Corps, California",,Corpsmember,False,False,,31199,31199,,10545,7800,0,0,18345,0,0,0,0,0,,https://www.calhr.ca.gov,,07/27/2021,,,True,
2020,State Department,"Conservation Corps, California",,Corpsmember,False,False,,31199,31199,,15885,2460,0,0,18345,0,0,0,0,0,,https://www.calhr.ca.gov,,07/27/2021,,,True,
2020,State Department,"Conservation Corps, California",,Corpsmember,False,False,,31199,31199,,11880,6450,0,0,18330,0,0,0,0,0,,https://www.calhr.ca.gov,,07/27/2021,,,True,
2020,State Department,"Conservation Corps, California",,Corpsmember,False,False,,31199,31199,,10995,7320,0,0,18315,0,0,0,0,0,,https://www.calhr.ca.gov,,07/27/2021,,,True,
2020,State Department,"Conservation Corps, California",,Corpsmember,False,False,,31199,31199,,18225,30,0,0,18255,0,0,0,0,0,,https://www.calhr.ca.gov,,07/27/2021,,,True,
2020,State Department,"Conservation Corps, California",,Corpsmember,False,False,,31199,31199,,8775,9435,0,0,18210,0,0,0,0,0,,https://www.calhr.ca.gov,,07/27/2021,,,True,
2020,State Department,"Conservation Corps, California",,Corpsmember,False,False,,31199,31199,,11430,6780,0,0,18210,0,0,0,0,0,,https://www.calhr.ca.gov,,07/27/2021,,,True,
2020,State Department,"Conservation Corps, California",,Corpsmember,False,False,,31199,31199,,14490,3690,0,0,18180,0,0,0,0,0,,https://www.calhr.ca.gov,,07/27/2021,,,True,
2020,State Department,"Conservation Corps, California",,Corpsmember,False,False,,31199,31199,,15300,2880,0,0,18180,0,0,0,0,0,,https://www.calhr.ca.gov,,07/27/2021,,,True,
2020,State Department,"Conservation Corps, California",,Corpsmember,False,False,,31199,31199,,11415,6765,0,0,18180,0,0,0,0,0,,https://www.calhr.ca.gov,,07/27/2021,,,True,
2020,State Department,"Conservation Corps, California",,Corpsmember,False,False,,31199,31199,,11430,6735,0,0,18165,0,0,0,0,0,,https://www.calhr.ca.gov,,07/27/2021,,,True,
2020,State Department,"Conservation Corps, California",,Corpsmember,False,False,,31199,31199,,11475,6675,0,0,18150,0,0,0,0,0,,https://www.calhr.ca.gov,,07/27/2021,,,True,
2020,State Department,"Conservation Corps, California",,Corpsmember,False,False,,31199,31199,,10935,7200,0,0,18135,0,0,0,0,0,,https://www.calhr.ca.gov,,07/27/2021,,,True,
2020,State Department,"Conservation Corps, California",,Corpsmember,False,False,,31199,31199,,11430,6705,0,0,18135,0,0,0,0,0,,https://www.calhr.ca.gov,,07/27/2021,,,True,
2020,State Department,"Conservation Corps, California",,Corpsmember,False,False,,31199,31199,,10935,7200,0,0,18135,0,0,0,0,0,,https://www.calhr.ca.gov,,07/27/2021,,,True,
2020,State Department,"Conservation Corps, California",,Corpsmember,False,False,,31199,31199,,10545,7575,0,0,18120,0,0,0,0,0,,https://www.calhr.ca.gov,,07/27/2021,,,True,
2020,State Department,"Conservation Corps, California",,Corpsmember,False,False,,31199,31199,,10545,7575,0,0,18120,0,0,0,0,0,,https://www.calhr.ca.gov,,07/27/2021,,,True,
2020,State Department,"Conservation Corps, California",,"Office Technician (Typing), Range A",False,False,,37728,47220,,17050,0,0,1058,18108,5074,0,0,3559,8633,2.00% @ 55,https://www.calhr.ca.gov,,07/27/2021,,,True,
2020,State Department,"Conservation Corps, California",,Corpsmember,False,False,,31199,31199,,17340,615,150,0,18105,0,0,0,0,0,,https://www.calhr.ca.gov,,07/27/2021,,,True,
2020,State Department,"Conservation Corps, California",,Corpsmember,False,False,,31199,31199,,15990,2100,0,0,18090,0,0,0,0,0,,https://www.calhr.ca.gov,,07/27/2021,,,True,
2020,State Department,"Conservation Corps, California",,Corpsmember,False,False,,31199,31199,,17430,660,0,0,18090,0,0,0,0,0,,https://www.calhr.ca.gov,,07/27/2021,,,True,
2020,State Department,"Conservation Corps, California",,Corpsmember,False,False,,31199,31199,,9210,8835,0,0,18045,0,0,0,0,0,,https://www.calhr.ca.gov,,07/27/2021,,,True,
2020,State Department,"Conservation Corps, California",,Corpsmember,False,False,,31199,31199,,13080,4800,150,0,18030,0,0,0,0,0,,https://www.calhr.ca.gov,,07/27/2021,,,True,
2020,State Department,"Conservation Corps, California",,"Staff Services Analyst (General), Range C",False,False,,51372,64320,,17767,0,0,260,18027,1141,0,0,0,1141,2.00% @ 55,https://www.calhr.ca.gov,,07/27/2021,,,True,
2020,State Department,"Conservation Corps, California",,Corpsmember,False,False,,31199,31199,,10935,7080,0,0,18015,0,0,0,0,0,,https://www.calhr.ca.gov,,07/27/2021,,,True,
2020,State Department,"Conservation Corps, California",,Corpsmember,False,False,,31199,31199,,10935,7080,0,0,18015,0,0,0,0,0,,https://www.calhr.ca.gov,,07/27/2021,,,True,
2020,State Department,"Conservation Corps, California",,Corpsmember,False,False,,31199,31199,,10935,7080,0,0,18015,0,0,0,0,0,,https://www.calhr.ca.gov,,07/27/2021,,,True,
2020,State Department,"Conservation Corps, California",,Special Corpsmember,False,False,,34319,34319,,16053,1952,0,0,18005,0,0,0,0,0,,https://www.calhr.ca.gov,,07/27/2021,,,True,
2020,State Department,"Conservation Corps, California",,Corpsmember,False,False,,31199,31199,,16575,1410,0,0,17985,0,0,0,0,0,,https://www.calhr.ca.gov,,07/27/2021,,,True,
2020,State Department,"Conservation Corps, California",,Corpsmember,False,False,,31199,31199,,16140,1620,225,0,17985,0,0,0,0,0,,https://www.calhr.ca.gov,,07/27/2021,,,True,
2020,State Department,"Conservation Corps, California",,Corpsmember,False,False,,31199,31199,,16440,1470,75,0,17985,0,0,0,0,0,,https://www.calhr.ca.gov,,07/27/2021,,,True,
2020,State Department,"Conservation Corps, California",,Corpsmember,False,False,,31199,31199,,13695,4290,0,0,17985,0,0,0,0,0,,https://www.calhr.ca.gov,,07/27/2021,,,True,
2020,State Department,"Conservation Corps, California",,Corpsmember,False,False,,31199,31199,,9210,8760,0,0,17970,0,0,0,0,0,,https://www.calhr.ca.gov,,07/27/2021,,,True,
2020,State Department,"Conservation Corps, California",,Corpsmember,False,False,,31199,31199,,9210,8760,0,0,17970,0,0,0,0,0,,https://www.calhr.ca.gov,,07/27/2021,,,True,
2020,State Department,"Conservation Corps, California",,Corpsmember,False,False,,31199,31199,,14415,3450,75,0,17940,0,0,0,0,0,,https://www.calhr.ca.gov,,07/27/2021,,,True,
2020,State Department,"Conservation Corps, California",,Corpsmember,False,False,,31199,31199,,16275,1665,0,0,17940,0,0,0,0,0,,https://www.calhr.ca.gov,,07/27/2021,,,True,
2020,State Department,"Conservation Corps, California",,Corpsmember,False,False,,31199,31199,,17175,750,0,0,17925,0,0,0,0,0,,https://www.calhr.ca.gov,,07/27/2021,,,True,
2020,State Department,"Conservation Corps, California",,Corpsmember,False,False,,31199,31199,,15960,1950,0,0,17910,0,0,0,0,0,,https://www.calhr.ca.gov,,07/27/2021,,,True,
2020,State Department,"Conservation Corps, California",,Corpsmember,False,False,,31199,31199,,11370,6540,0,0,17910,0,0,0,0,0,,https://www.calhr.ca.gov,,07/27/2021,,,True,
2020,State Department,"Conservation Corps, California",,Corpsmember,False,False,,31199,31199,,11430,6450,0,0,17880,0,0,0,0,0,,https://www.calhr.ca.gov,,07/27/2021,,,True,
2020,State Department,"Conservation Corps, California",,Corpsmember,False,False,,31199,31199,,14055,3780,0,0,17835,0,0,0,0,0,,https://www.calhr.ca.gov,,07/27/2021,,,True,
2020,State Department,"Conservation Corps, California",,Corpsmember Promo 1,False,False,,31719,31719,,15845,1983,0,0,17827,0,0,0,0,0,,https://www.calhr.ca.gov,,07/27/2021,,,True,
2020,State Department,"Conservation Corps, California",,Corpsmember,False,False,,31199,31199,,11430,6390,0,0,17820,0,0,0,0,0,,https://www.calhr.ca.gov,,07/27/2021,,,True,
2020,State Department,"Conservation Corps, California",,Corpsmember,False,False,,31199,31199,,11430,6390,0,0,17820,0,0,0,0,0,,https://www.calhr.ca.gov,,07/27/2021,,,True,
2020,State Department,"Conservation Corps, California",,Corpsmember,False,False,,31199,31199,,16080,1140,600,0,17820,0,0,0,0,0,,https://www.calhr.ca.gov,,07/27/2021,,,True,
2020,State Department,"Conservation Corps, California",,Special Corpsmember,False,False,,34319,34319,,15898,1918,0,0,17816,0,0,0,0,0,,https://www.calhr.ca.gov,,07/27/2021,,,True,
2020,State Department,"Conservation Corps, California",,Corpsmember,False,False,,31199,31199,,13800,4005,0,0,17805,0,0,0,0,0,,https://www.calhr.ca.gov,,07/27/2021,,,True,
2020,State Department,"Conservation Corps, California",,Corpsmember,False,False,,31199,31199,,12600,5040,150,0,17790,0,0,0,0,0,,https://www.calhr.ca.gov,,07/27/2021,,,True,
2020,State Department,"Conservation Corps, California",,Corpsmember,False,False,,31199,31199,,10575,7200,0,0,17775,0,0,0,0,0,,https://www.calhr.ca.gov,,07/27/2021,,,True,
2020,State Department,"Conservation Corps, California",,Corpsmember,False,False,,31199,31199,,10995,6765,0,0,17760,0,0,0,0,0,,https://www.calhr.ca.gov,,07/27/2021,,,True,
2020,State Department,"Conservation Corps, California",,Corpsmember Promo 1,False,False,,31719,31719,,15794,1952,0,0,17746,0,0,0,0,0,,https://www.calhr.ca.gov,,07/27/2021,,,True,
2020,State Department,"Conservation Corps, California",,Corpsmember,False,False,,31199,31199,,9210,8535,0,0,17745,0,0,0,0,0,,https://www.calhr.ca.gov,,07/27/2021,,,True,
2020,State Department,"Conservation Corps, California",,Corpsmember,False,False,,31199,31199,,9210,8535,0,0,17745,0,0,0,0,0,,https://www.calhr.ca.gov,,07/27/2021,,,True,
2020,State Department,"Conservation Corps, California",,Corpsmember,False,False,,31199,31199,,13290,4425,0,0,17715,0,0,0,0,0,,https://www.calhr.ca.gov,,07/27/2021,,,True,
2020,State Department,"Conservation Corps, California",,Corpsmember,False,False,,31199,31199,,9150,8550,0,0,17700,0,0,0,0,0,,https://www.calhr.ca.gov,,07/27/2021,,,True,
2020,State Department,"Conservation Corps, California",,Corpsmember,False,False,,31199,31199,,16155,1455,75,0,17685,0,0,0,0,0,,https://www.calhr.ca.gov,,07/27/2021,,,True,
2020,State Department,"Conservation Corps, California",,Special Corpsmember,False,False,,34319,34319,,17672,0,0,0,17672,0,0,0,0,0,,https://www.calhr.ca.gov,,07/27/2021,,,True,
2020,State Department,"Conservation Corps, California",,Corpsmember,False,False,,31199,31199,,10935,6735,0,0,17670,0,0,0,0,0,,https://www.calhr.ca.gov,,07/27/2021,,,True,
2020,State Department,"Conservation Corps, California",,Corpsmember,False,False,,31199,31199,,9900,7770,0,0,17670,0,0,0,0,0,,https://www.calhr.ca.gov,,07/27/2021,,,True,
2020,State Department,"Conservation Corps, California",,Corpsmember,False,False,,31199,31199,,16320,1350,0,0,17670,0,0,0,0,0,,https://www.calhr.ca.gov,,07/27/2021,,,True,
2020,State Department,"Conservation Corps, California",,Corpsmember,False,False,,31199,31199,,9210,8445,0,0,17655,0,0,0,0,0,,https://www.calhr.ca.gov,,07/27/2021,,,True,
2020,State Department,"Conservation Corps, California",,Corpsmember,False,False,,31199,31199,,11430,6225,0,0,17655,0,0,0,0,0,,https://www.calhr.ca.gov,,07/27/2021,,,True,
2020,State Department,"Conservation Corps, California",,Corpsmember,False,False,,31199,31199,,10110,7515,0,0,17625,0,0,0,0,0,,https://www.calhr.ca.gov,,07/27/2021,,,True,
2020,State Department,"Conservation Corps, California",,Corpsmember,False,False,,31199,31199,,17295,330,0,0,17625,0,0,0,0,0,,https://www.calhr.ca.gov,,07/27/2021,,,True,
2020,State Department,"Conservation Corps, California",,Corpsmember,False,False,,31199,31199,,10545,7050,0,0,17595,0,0,0,0,0,,https://www.calhr.ca.gov,,07/27/2021,,,True,
2020,State Department,"Conservation Corps, California",,Corpsmember,False,False,,31199,31199,,9150,8415,0,0,17565,0,0,0,0,0,,https://www.calhr.ca.gov,,07/27/2021,,,True,
2020,State Department,"Conservation Corps, California",,Corpsmember,False,False,,31199,31199,,11370,6165,0,0,17535,0,0,0,0,0,,https://www.calhr.ca.gov,,07/27/2021,,,True,
2020,State Department,"Conservation Corps, California",,Corpsmember,False,False,,31199,31199,,10635,6900,0,0,17535,0,0,0,0,0,,https://www.calhr.ca.gov,,07/27/2021,,,True,
2020,State Department,"Conservation Corps, California",,Corpsmember,False,False,,31199,31199,,16860,675,0,0,17535,0,0,0,0,0,,https://www.calhr.ca.gov,,07/27/2021,,,True,
2020,State Department,"Conservation Corps, California",,Corpsmember,False,False,,31199,31199,,11430,6075,0,0,17505,0,0,0,0,0,,https://www.calhr.ca.gov,,07/27/2021,,,True,
2020,State Department,"Conservation Corps, California",,Corpsmember,False,False,,31199,31199,,15300,2130,75,0,17505,0,0,0,0,0,,https://www.calhr.ca.gov,,07/27/2021,,,True,
2020,State Department,"Conservation Corps, California",,Corpsmember,False,False,,31199,31199,,15240,2025,225,0,17490,0,0,0,0,0,,https://www.calhr.ca.gov,,07/27/2021,,,True,
2020,State Department,"Conservation Corps, California",,Corpsmember,False,False,,31199,31199,,14175,3225,75,0,17475,0,0,0,0,0,,https://www.calhr.ca.gov,,07/27/2021,,,True,
2020,State Department,"Conservation Corps, California",,Corpsmember,False,False,,31199,31199,,8775,8685,0,0,17460,0,0,0,0,0,,https://www.calhr.ca.gov,,07/27/2021,,,True,
2020,State Department,"Conservation Corps, California",,Corpsmember,False,False,,31199,31199,,15960,1485,0,0,17445,0,0,0,0,0,,https://www.calhr.ca.gov,,07/27/2021,,,True,
2020,State Department,"Conservation Corps, California",,Corpsmember,False,False,,31199,31199,,15255,2115,0,0,17370,0,0,0,0,0,,https://www.calhr.ca.gov,,07/27/2021,,,True,
2020,State Department,"Conservation Corps, California",,Corpsmember,False,False,,31199,31199,,15600,1770,0,0,17370,0,0,0,0,0,,https://www.calhr.ca.gov,,07/27/2021,,,True,
2020,State Department,"Conservation Corps, California",,Corpsmember,False,False,,31199,31199,,17145,0,225,0,17370,0,0,0,0,0,,https://www.calhr.ca.gov,,07/27/2021,,,True,
2020,State Department,"Conservation Corps, California",,Corpsmember,False,False,,31199,31199,,10245,7035,75,0,17355,0,0,0,0,0,,https://www.calhr.ca.gov,,07/27/2021,,,True,
2020,State Department,"Conservation Corps, California",,Corpsmember,False,False,,31199,31199,,16440,450,450,0,17340,0,0,0,0,0,,https://www.calhr.ca.gov,,07/27/2021,,,True,
2020,State Department,"Conservation Corps, California",,Corpsmember,False,False,,31199,31199,,15705,1635,0,0,17340,0,0,0,0,0,,https://www.calhr.ca.gov,,07/27/2021,,,True,
2020,State Department,"Conservation Corps, California",,Corpsmember,False,False,,31199,31199,,13995,3330,0,0,17325,0,0,0,0,0,,https://www.calhr.ca.gov,,07/27/2021,,,True,
2020,State Department,"Conservation Corps, California",,Corpsmember,False,False,,31199,31199,,9210,8115,0,0,17325,0,0,0,0,0,,https://www.calhr.ca.gov,,07/27/2021,,,True,
2020,State Department,"Conservation Corps, California",,Corpsmember,False,False,,31199,31199,,13470,3855,0,0,17325,0,0,0,0,0,,https://www.calhr.ca.gov,,07/27/2021,,,True,
2020,State Department,"Conservation Corps, California",,Corpsmember,False,False,,31199,31199,,10995,6315,0,0,17310,0,0,0,0,0,,https://www.calhr.ca.gov,,07/27/2021,,,True,
2020,State Department,"Conservation Corps, California",,Corpsmember,False,False,,31199,31199,,10995,6315,0,0,17310,0,0,0,0,0,,https://www.calhr.ca.gov,,07/27/2021,,,True,
2020,State Department,"Conservation Corps, California",,Corpsmember,False,False,,31199,31199,,12585,4635,75,0,17295,0,0,0,0,0,,https://www.calhr.ca.gov,,07/27/2021,,,True,
2020,State Department,"Conservation Corps, California",,Special Corpsmember,False,False,,34319,34319,,15425,1262,578,0,17264,0,0,0,0,0,,https://www.calhr.ca.gov,,07/27/2021,,,True,
2020,State Department,"Conservation Corps, California",,Corpsmember,False,False,,31199,31199,,16500,675,75,0,17250,0,0,0,0,0,,https://www.calhr.ca.gov,,07/27/2021,,,True,
2020,State Department,"Conservation Corps, California",,Corpsmember,False,False,,31199,31199,,15015,2235,0,0,17250,0,0,0,0,0,,https://www.calhr.ca.gov,,07/27/2021,,,True,
2020,State Department,"Conservation Corps, California",,Corpsmember Promo 1,False,False,,31719,31719,,17080,0,153,0,17233,0,0,0,0,0,,https://www.calhr.ca.gov,,07/27/2021,,,True,
2020,State Department,"Conservation Corps, California",,"Accountant I (Specialist), Range A",False,False,,40308,50460,,17230,0,0,0,17230,0,0,0,0,0,,https://www.calhr.ca.gov,,07/27/2021,,,True,
2020,State Department,"Conservation Corps, California",,Corpsmember Promo 1,False,False,,31719,31719,,17202,0,0,0,17202,0,0,0,0,0,,https://www.calhr.ca.gov,,07/27/2021,,,True,
2020,State Department,"Conservation Corps, California",,Corpsmember,False,False,,31199,31199,,9990,7200,0,0,17190,0,0,0,0,0,,https://www.calhr.ca.gov,,07/27/2021,,,True,
2020,State Department,"Conservation Corps, California",,Corpsmember,False,False,,31199,31199,,13605,3585,0,0,17190,0,0,0,0,0,,https://www.calhr.ca.gov,,07/27/2021,,,True,
2020,State Department,"Conservation Corps, California",,Corpsmember,False,False,,31199,31199,,15240,1860,75,0,17175,0,0,0,0,0,,https://www.calhr.ca.gov,,07/27/2021,,,True,
2020,State Department,"Conservation Corps, California",,Corpsmember,False,False,,31199,31199,,14565,2520,75,0,17160,0,0,0,0,0,,https://www.calhr.ca.gov,,07/27/2021,,,True,
2020,State Department,"Conservation Corps, California",,Corpsmember,False,False,,31199,31199,,17145,0,0,0,17145,0,0,0,0,0,,https://www.calhr.ca.gov,,07/27/2021,,,True,
2020,State Department,"Conservation Corps, California",,Corpsmember,False,False,,31199,31199,,11475,5670,0,0,17145,0,0,0,0,0,,https://www.calhr.ca.gov,,07/27/2021,,,True,
2020,State Department,"Conservation Corps, California",,Corpsmember,False,False,,31199,31199,,9150,7980,0,0,17130,0,0,0,0,0,,https://www.calhr.ca.gov,,07/27/2021,,,True,
2020,State Department,"Conservation Corps, California",,Special Corpsmember,False,False,,34319,34319,,16324,50,747,0,17120,0,0,0,0,0,,https://www.calhr.ca.gov,,07/27/2021,,,True,
2020,State Department,"Conservation Corps, California",,Corpsmember,False,False,,31199,31199,,10545,6495,75,0,17115,0,0,0,0,0,,https://www.calhr.ca.gov,,07/27/2021,,,True,
2020,State Department,"Conservation Corps, California",,Corpsmember,False,False,,31199,31199,,10545,6495,75,0,17115,0,0,0,0,0,,https://www.calhr.ca.gov,,07/27/2021,,,True,
2020,State Department,"Conservation Corps, California",,Corpsmember,False,False,,31199,31199,,9150,7890,0,0,17040,0,0,0,0,0,,https://www.calhr.ca.gov,,07/27/2021,,,True,
2020,State Department,"Conservation Corps, California",,Corpsmember,False,False,,31199,31199,,15330,1710,0,0,17040,0,0,0,0,0,,https://www.calhr.ca.gov,,07/27/2021,,,True,
2020,State Department,"Conservation Corps, California",,Corpsmember,False,False,,31199,31199,,8775,8250,0,0,17025,0,0,0,0,0,,https://www.calhr.ca.gov,,07/27/2021,,,True,
2020,State Department,"Conservation Corps, California",,Corpsmember,False,False,,31199,31199,,8775,8250,0,0,17025,0,0,0,0,0,,https://www.calhr.ca.gov,,07/27/2021,,,True,
2020,State Department,"Conservation Corps, California",,Corpsmember,False,False,,31199,31199,,8775,8235,0,0,17010,0,0,0,0,0,,https://www.calhr.ca.gov,,07/27/2021,,,True,
2020,State Department,"Conservation Corps, California",,Corpsmember,False,False,,31199,31199,,15540,1455,0,0,16995,0,0,0,0,0,,https://www.calhr.ca.gov,,07/27/2021,,,True,
2020,State Department,"Conservation Corps, California",,Corpsmember,False,False,,31199,31199,,13830,3075,75,0,16980,0,0,0,0,0,,https://www.calhr.ca.gov,,07/27/2021,,,True,
2020,State Department,"Conservation Corps, California",,Corpsmember,False,False,,31199,31199,,16965,0,0,0,16965,0,0,0,0,0,,https://www.calhr.ca.gov,,07/27/2021,,,True,
2020,State Department,"Conservation Corps, California",,Corpsmember,False,False,,31199,31199,,10665,6255,0,0,16920,0,0,0,0,0,,https://www.calhr.ca.gov,,07/27/2021,,,True,
2020,State Department,"Conservation Corps, California",,Corpsmember,False,False,,31199,31199,,9330,7515,75,0,16920,0,0,0,0,0,,https://www.calhr.ca.gov,,07/27/2021,,,True,
2020,State Department,"Conservation Corps, California",,Corpsmember,False,False,,31199,31199,,10485,6420,0,0,16905,0,0,0,0,0,,https://www.calhr.ca.gov,,07/27/2021,,,True,
2020,State Department,"Conservation Corps, California",,Corpsmember,False,False,,31199,31199,,15765,1140,0,0,16905,0,0,0,0,0,,https://www.calhr.ca.gov,,07/27/2021,,,True,
2020,State Department,"Conservation Corps, California",,Corpsmember,False,False,,31199,31199,,16710,180,0,0,16890,0,0,0,0,0,,https://www.calhr.ca.gov,,07/27/2021,,,True,
2020,State Department,"Conservation Corps, California",,Corpsmember,False,False,,31199,31199,,16440,450,0,0,16890,0,0,0,0,0,,https://www.calhr.ca.gov,,07/27/2021,,,True,
2020,State Department,"Conservation Corps, California",,Corpsmember,False,False,,31199,31199,,10545,6315,0,0,16860,0,0,0,0,0,,https://www.calhr.ca.gov,,07/27/2021,,,True,
2020,State Department,"Conservation Corps, California",,Corpsmember,False,False,,31199,31199,,15180,1665,0,0,16845,0,0,0,0,0,,https://www.calhr.ca.gov,,07/27/2021,,,True,
2020,State Department,"Conservation Corps, California",,Corpsmember Promo 1,False,False,,31719,31719,,16165,61,610,0,16836,0,0,0,0,0,,https://www.calhr.ca.gov,,07/27/2021,,,True,
2020,State Department,"Conservation Corps, California",,Corpsmember,False,False,,31199,31199,,12360,4395,75,0,16830,0,0,0,0,0,,https://www.calhr.ca.gov,,07/27/2021,,,True,
2020,State Department,"Conservation Corps, California",,Corpsmember,False,False,,31199,31199,,16680,150,0,0,16830,0,0,0,0,0,,https://www.calhr.ca.gov,,07/27/2021,,,True,
2020,State Department,"Conservation Corps, California",,Corpsmember,False,False,,31199,31199,,10935,5850,0,0,16785,0,0,0,0,0,,https://www.calhr.ca.gov,,07/27/2021,,,True,
2020,State Department,"Conservation Corps, California",,Corpsmember,False,False,,31199,31199,,15900,885,0,0,16785,0,0,0,0,0,,https://www.calhr.ca.gov,,07/27/2021,,,True,
2020,State Department,"Conservation Corps, California",,Corpsmember,False,False,,31199,31199,,9150,7485,150,0,16785,0,0,0,0,0,,https://www.calhr.ca.gov,,07/27/2021,,,True,
2020,State Department,"Conservation Corps, California",,Special Corpsmember,False,False,,34319,34319,,16781,0,0,0,16781,0,0,0,0,0,,https://www.calhr.ca.gov,,07/27/2021,,,True,
2020,State Department,"Conservation Corps, California",,Corpsmember,False,False,,31199,31199,,8775,7950,0,0,16725,0,0,0,0,0,,https://www.calhr.ca.gov,,07/27/2021,,,True,
2020,State Department,"Conservation Corps, California",,Corpsmember,False,False,,31199,31199,,9150,7575,0,0,16725,0,0,0,0,0,,https://www.calhr.ca.gov,,07/27/2021,,,True,
2020,State Department,"Conservation Corps, California",,Corpsmember,False,False,,31199,31199,,11370,5355,0,0,16725,0,0,0,0,0,,https://www.calhr.ca.gov,,07/27/2021,,,True,
2020,State Department,"Conservation Corps, California",,Corpsmember Promo 1,False,False,,31719,31719,,16174,0,534,0,16708,0,0,0,0,0,,https://www.calhr.ca.gov,,07/27/2021,,,True,
2020,State Department,"Conservation Corps, California",,Corpsmember,False,False,,31199,31199,,15240,1305,150,0,16695,0,0,0,0,0,,https://www.calhr.ca.gov,,07/27/2021,,,True,
2020,State Department,"Conservation Corps, California",,Corpsmember,False,False,,31199,31199,,14295,2400,0,0,16695,0,0,0,0,0,,https://www.calhr.ca.gov,,07/27/2021,,,True,
2020,State Department,"Conservation Corps, California",,Corpsmember,False,False,,31199,31199,,16680,0,0,0,16680,0,0,0,0,0,,https://www.calhr.ca.gov,,07/27/2021,,,True,
2020,State Department,"Conservation Corps, California",,Corpsmember,False,False,,31199,31199,,16275,405,0,0,16680,0,0,0,0,0,,https://www.calhr.ca.gov,,07/27/2021,,,True,
2020,State Department,"Conservation Corps, California",,Corpsmember,False,False,,31199,31199,,14205,2475,0,0,16680,0,0,0,0,0,,https://www.calhr.ca.gov,,07/27/2021,,,True,
2020,State Department,"Conservation Corps, California",,Corpsmember,False,False,,31199,31199,,16665,0,0,0,16665,0,0,0,0,0,,https://www.calhr.ca.gov,,07/27/2021,,,True,
2020,State Department,"Conservation Corps, California",,Corpsmember,False,False,,31199,31199,,16440,0,225,0,16665,0,0,0,0,0,,https://www.calhr.ca.gov,,07/27/2021,,,True,
2020,State Department,"Conservation Corps, California",,Corpsmember,False,False,,31199,31199,,9150,7515,0,0,16665,0,0,0,0,0,,https://www.calhr.ca.gov,,07/27/2021,,,True,
2020,State Department,"Conservation Corps, California",,Corpsmember Promo 1,False,False,,31719,31719,,16665,0,0,0,16665,0,0,0,0,0,,https://www.calhr.ca.gov,,07/27/2021,,,True,
2020,State Department,"Conservation Corps, California",,Corpsmember,False,False,,31199,31199,,15240,1410,0,0,16650,0,0,0,0,0,,https://www.calhr.ca.gov,,07/27/2021,,,True,
2020,State Department,"Conservation Corps, California",,Corpsmember,False,False,,31199,31199,,16530,120,0,0,16650,0,0,0,0,0,,https://www.calhr.ca.gov,,07/27/2021,,,True,
2020,State Department,"Conservation Corps, California",,Corpsmember,False,False,,31199,31199,,13185,3465,0,0,16650,0,0,0,0,0,,https://www.calhr.ca.gov,,07/27/2021,,,True,
2020,State Department,"Conservation Corps, California",,Corpsmember,False,False,,31199,31199,,14235,2415,0,0,16650,0,0,0,0,0,,https://www.calhr.ca.gov,,07/27/2021,,,True,
2020,State Department,"Conservation Corps, California",,Corpsmember,False,False,,31199,31199,,9465,7170,0,0,16635,0,0,0,0,0,,https://www.calhr.ca.gov,,07/27/2021,,,True,
2020,State Department,"Conservation Corps, California",,Corpsmember Promo 2,False,False,,32239,32239,,16157,0,465,0,16622,0,0,0,0,0,,https://www.calhr.ca.gov,,07/27/2021,,,True,
2020,State Department,"Conservation Corps, California",,Corpsmember,False,False,,31199,31199,,9210,7410,0,0,16620,0,0,0,0,0,,https://www.calhr.ca.gov,,07/27/2021,,,True,
2020,State Department,"Conservation Corps, California",,Corpsmember,False,False,,31199,31199,,13350,3270,0,0,16620,0,0,0,0,0,,https://www.calhr.ca.gov,,07/27/2021,,,True,
2020,State Department,"Conservation Corps, California",,Corpsmember Promo 1,False,False,,31719,31719,,15592,485,534,0,16611,0,0,0,0,0,,https://www.calhr.ca.gov,,07/27/2021,,,True,
2020,State Department,"Conservation Corps, California",,Corpsmember,False,False,,31199,31199,,9525,7080,0,0,16605,0,0,0,0,0,,https://www.calhr.ca.gov,,07/27/2021,,,True,
2020,State Department,"Conservation Corps, California",,Corpsmember,False,False,,31199,31199,,15840,735,0,0,16575,0,0,0,0,0,,https://www.calhr.ca.gov,,07/27/2021,,,True,
2020,State Department,"Conservation Corps, California",,Corpsmember,False,False,,31199,31199,,16560,0,0,0,16560,0,0,0,0,0,,https://www.calhr.ca.gov,,07/27/2021,,,True,
2020,State Department,"Conservation Corps, California",,Corpsmember,False,False,,31199,31199,,16380,180,0,0,16560,0,0,0,0,0,,https://www.calhr.ca.gov,,07/27/2021,,,True,
2020,State Department,"Conservation Corps, California",,Special Corpsmember,False,False,,34319,34319,,15865,693,0,0,16558,0,0,0,0,0,,https://www.calhr.ca.gov,,07/27/2021,,,True,
2020,State Department,"Conservation Corps, California",,Corpsmember,False,False,,31199,31199,,15360,1185,0,0,16545,0,0,0,0,0,,https://www.calhr.ca.gov,,07/27/2021,,,True,
2020,State Department,"Conservation Corps, California",,Corpsmember,False,False,,31199,31199,,9030,7500,0,0,16530,0,0,0,0,0,,https://www.calhr.ca.gov,,07/27/2021,,,True,
2020,State Department,"Conservation Corps, California",,Corpsmember,False,False,,31199,31199,,8775,7695,0,0,16470,0,0,0,0,0,,https://www.calhr.ca.gov,,07/27/2021,,,True,
2020,State Department,"Conservation Corps, California",,Corpsmember,False,False,,31199,31199,,16440,0,0,0,16440,0,0,0,0,0,,https://www.calhr.ca.gov,,07/27/2021,,,True,
2020,State Department,"Conservation Corps, California",,Corpsmember,False,False,,31199,31199,,15060,1380,0,0,16440,0,0,0,0,0,,https://www.calhr.ca.gov,,07/27/2021,,,True,
2020,State Department,"Conservation Corps, California",,Corpsmember,False,False,,31199,31199,,16440,0,0,0,16440,0,0,0,0,0,,https://www.calhr.ca.gov,,07/27/2021,,,True,
2020,State Department,"Conservation Corps, California",,Corpsmember,False,False,,31199,31199,,14745,1680,0,0,16425,0,0,0,0,0,,https://www.calhr.ca.gov,,07/27/2021,,,True,
2020,State Department,"Conservation Corps, California",,Corpsmember,False,False,,31199,31199,,9720,6555,150,0,16425,0,0,0,0,0,,https://www.calhr.ca.gov,,07/27/2021,,,True,
2020,State Department,"Conservation Corps, California",,Corpsmember,False,False,,31199,31199,,8775,7650,0,0,16425,0,0,0,0,0,,https://www.calhr.ca.gov,,07/27/2021,,,True,
2020,State Department,"Conservation Corps, California",,Corpsmember,False,False,,31199,31199,,14745,1665,0,0,16410,0,0,0,0,0,,https://www.calhr.ca.gov,,07/27/2021,,,True,
2020,State Department,"Conservation Corps, California",,Corpsmember,False,False,,31199,31199,,16020,390,0,0,16410,0,0,0,0,0,,https://www.calhr.ca.gov,,07/27/2021,,,True,
2020,State Department,"Conservation Corps, California",,Corpsmember,False,False,,31199,31199,,14040,2220,150,0,16410,0,0,0,0,0,,https://www.calhr.ca.gov,,07/27/2021,,,True,
2020,State Department,"Conservation Corps, California",,Corpsmember,False,False,,31199,31199,,10995,5400,0,0,16395,0,0,0,0,0,,https://www.calhr.ca.gov,,07/27/2021,,,True,
2020,State Department,"Conservation Corps, California",,Corpsmember,False,False,,31199,31199,,10995,5400,0,0,16395,0,0,0,0,0,,https://www.calhr.ca.gov,,07/27/2021,,,True,
2020,State Department,"Conservation Corps, California",,Corpsmember,False,False,,31199,31199,,16020,285,75,0,16380,0,0,0,0,0,,https://www.calhr.ca.gov,,07/27/2021,,,True,
2020,State Department,"Conservation Corps, California",,Corpsmember,False,False,,31199,31199,,12990,3360,0,0,16350,0,0,0,0,0,,https://www.calhr.ca.gov,,07/27/2021,,,True,
2020,State Department,"Conservation Corps, California",,Corpsmember Promo 1,False,False,,31719,31719,,16036,0,305,0,16341,0,0,0,0,0,,https://www.calhr.ca.gov,,07/27/2021,,,True,
2020,State Department,"Conservation Corps, California",,Corpsmember,False,False,,31199,31199,,9480,6855,0,0,16335,0,0,0,0,0,,https://www.calhr.ca.gov,,07/27/2021,,,True,
2020,State Department,"Conservation Corps, California",,Corpsmember,False,False,,31199,31199,,9210,7125,0,0,16335,0,0,0,0,0,,https://www.calhr.ca.gov,,07/27/2021,,,True,
2020,State Department,"Conservation Corps, California",,Corpsmember,False,False,,31199,31199,,16320,0,0,0,16320,0,0,0,0,0,,https://www.calhr.ca.gov,,07/27/2021,,,True,
2020,State Department,"Conservation Corps, California",,Corpsmember,False,False,,31199,31199,,16140,0,75,0,16215,0,0,0,0,0,,https://www.calhr.ca.gov,,07/27/2021,,,True,
2020,State Department,"Conservation Corps, California",,Corpsmember,False,False,,31199,31199,,12960,3180,75,0,16215,0,0,0,0,0,,https://www.calhr.ca.gov,,07/27/2021,,,True,
2020,State Department,"Conservation Corps, California",,Corpsmember,False,False,,31199,31199,,11250,4950,0,0,16200,0,0,0,0,0,,https://www.calhr.ca.gov,,07/27/2021,,,True,
2020,State Department,"Conservation Corps, California",,Corpsmember,False,False,,31199,31199,,15615,495,75,0,16185,0,0,0,0,0,,https://www.calhr.ca.gov,,07/27/2021,,,True,
2020,State Department,"Conservation Corps, California",,Corpsmember,False,False,,31199,31199,,12780,3240,150,0,16170,0,0,0,0,0,,https://www.calhr.ca.gov,,07/27/2021,,,True,
2020,State Department,"Conservation Corps, California",,Corpsmember,False,False,,31199,31199,,15240,930,0,0,16170,0,0,0,0,0,,https://www.calhr.ca.gov,,07/27/2021,,,True,
2020,State Department,"Conservation Corps, California",,Corpsmember,False,False,,31199,31199,,13575,2595,0,0,16170,0,0,0,0,0,,https://www.calhr.ca.gov,,07/27/2021,,,True,
2020,State Department,"Conservation Corps, California",,Corpsmember,False,False,,31199,31199,,16140,0,0,0,16140,0,0,0,0,0,,https://www.calhr.ca.gov,,07/27/2021,,,True,
2020,State Department,"Conservation Corps, California",,Corpsmember,False,False,,31199,31199,,11370,4770,0,0,16140,0,0,0,0,0,,https://www.calhr.ca.gov,,07/27/2021,,,True,
2020,State Department,"Conservation Corps, California",,Corpsmember,False,False,,31199,31199,,9150,6960,0,0,16110,0,0,0,0,0,,https://www.calhr.ca.gov,,07/27/2021,,,True,
2020,State Department,"Conservation Corps, California",,Corpsmember,False,False,,31199,31199,,8775,7320,0,0,16095,0,0,0,0,0,,https://www.calhr.ca.gov,,07/27/2021,,,True,
2020,State Department,"Conservation Corps, California",,Corpsmember,False,False,,31199,31199,,13800,2280,0,0,16080,0,0,0,0,0,,https://www.calhr.ca.gov,,07/27/2021,,,True,
2020,State Department,"Conservation Corps, California",,Corpsmember,False,False,,31199,31199,,14115,1875,75,0,16065,0,0,0,0,0,,https://www.calhr.ca.gov,,07/27/2021,,,True,
2020,State Department,"Conservation Corps, California",,Special Corpsmember,False,False,,34319,34319,,15428,627,0,0,16055,0,0,0,0,0,,https://www.calhr.ca.gov,,07/27/2021,,,True,
2020,State Department,"Conservation Corps, California",,Corpsmember,False,False,,31199,31199,,8775,7275,0,0,16050,0,0,0,0,0,,https://www.calhr.ca.gov,,07/27/2021,,,True,
2020,State Department,"Conservation Corps, California",,Corpsmember,False,False,,31199,31199,,16035,0,0,0,16035,0,0,0,0,0,,https://www.calhr.ca.gov,,07/27/2021,,,True,
2020,State Department,"Conservation Corps, California",,Corpsmember,False,False,,31199,31199,,16035,0,0,0,16035,0,0,0,0,0,,https://www.calhr.ca.gov,,07/27/2021,,,True,
2020,State Department,"Conservation Corps, California",,Corpsmember,False,False,,31199,31199,,16020,0,0,0,16020,0,0,0,0,0,,https://www.calhr.ca.gov,,07/27/2021,,,True,
2020,State Department,"Conservation Corps, California",,Corpsmember,False,False,,31199,31199,,15480,540,0,0,16020,0,0,0,0,0,,https://www.calhr.ca.gov,,07/27/2021,,,True,
2020,State Department,"Conservation Corps, California",,Corpsmember,False,False,,31199,31199,,15780,0,225,0,16005,0,0,0,0,0,,https://www.calhr.ca.gov,,07/27/2021,,,True,
2020,State Department,"Conservation Corps, California",,Corpsmember,False,False,,31199,31199,,15960,30,0,0,15990,0,0,0,0,0,,https://www.calhr.ca.gov,,07/27/2021,,,True,
2020,State Department,"Conservation Corps, California",,Corpsmember,False,False,,31199,31199,,11310,4635,0,0,15945,0,0,0,0,0,,https://www.calhr.ca.gov,,07/27/2021,,,True,
2020,State Department,"Conservation Corps, California",,Corpsmember,False,False,,31199,31199,,10995,4935,0,0,15930,0,0,0,0,0,,https://www.calhr.ca.gov,,07/27/2021,,,True,
2020,State Department,"Conservation Corps, California",,Corpsmember,False,False,,31199,31199,,13290,2565,75,0,15930,0,0,0,0,0,,https://www.calhr.ca.gov,,07/27/2021,,,True,
2020,State Department,"Conservation Corps, California",,Corpsmember,False,False,,31199,31199,,15900,0,0,0,15900,0,0,0,0,0,,https://www.calhr.ca.gov,,07/27/2021,,,True,
2020,State Department,"Conservation Corps, California",,Corpsmember,False,False,,31199,31199,,9405,6390,75,0,15870,0,0,0,0,0,,https://www.calhr.ca.gov,,07/27/2021,,,True,
2020,State Department,"Conservation Corps, California",,Corpsmember,False,False,,31199,31199,,14670,1185,0,0,15855,0,0,0,0,0,,https://www.calhr.ca.gov,,07/27/2021,,,True,
2020,State Department,"Conservation Corps, California",,Special Corpsmember,False,False,,34319,34319,,15230,0,578,0,15807,0,0,0,0,0,,https://www.calhr.ca.gov,,07/27/2021,,,True,
2020,State Department,"Conservation Corps, California",,Corpsmember,False,False,,31199,31199,,12525,3270,0,0,15795,0,0,0,0,0,,https://www.calhr.ca.gov,,07/27/2021,,,True,
2020,State Department,"Conservation Corps, California",,Corpsmember,False,False,,31199,31199,,9150,6645,0,0,15795,0,0,0,0,0,,https://www.calhr.ca.gov,,07/27/2021,,,True,
2020,State Department,"Conservation Corps, California",,Corpsmember,False,False,,31199,31199,,15761,0,0,0,15761,0,0,0,0,0,,https://www.calhr.ca.gov,,07/27/2021,,,True,
2020,State Department,"Conservation Corps, California",,Corpsmember,False,False,,31199,31199,,15720,0,0,0,15720,0,0,0,0,0,,https://www.calhr.ca.gov,,07/27/2021,,,True,
2020,State Department,"Conservation Corps, California",,Corpsmember,False,False,,31199,31199,,15600,120,0,0,15720,0,0,0,0,0,,https://www.calhr.ca.gov,,07/27/2021,,,True,
2020,State Department,"Conservation Corps, California",,Corpsmember Promo 2,False,False,,32239,32239,,15713,0,0,0,15713,0,0,0,0,0,,https://www.calhr.ca.gov,,07/27/2021,,,True,
2020,State Department,"Conservation Corps, California",,Corpsmember Promo 1,False,False,,31719,31719,,15631,0,76,0,15708,0,0,0,0,0,,https://www.calhr.ca.gov,,07/27/2021,,,True,
2020,State Department,"Conservation Corps, California",,Corpsmember,False,False,,31199,31199,,9525,6165,0,0,15690,0,0,0,0,0,,https://www.calhr.ca.gov,,07/27/2021,,,True,
2020,State Department,"Conservation Corps, California",,Corpsmember,False,False,,31199,31199,,15240,0,450,0,15690,0,0,0,0,0,,https://www.calhr.ca.gov,,07/27/2021,,,True,
2020,State Department,"Conservation Corps, California",,Corpsmember,False,False,,31199,31199,,15240,360,75,0,15675,0,0,0,0,0,,https://www.calhr.ca.gov,,07/27/2021,,,True,
2020,State Department,"Conservation Corps, California",,Corpsmember,False,False,,31199,31199,,13305,2280,75,0,15660,0,0,0,0,0,,https://www.calhr.ca.gov,,07/27/2021,,,True,
2020,State Department,"Conservation Corps, California",,Corpsmember,False,False,,31199,31199,,13425,2160,75,0,15660,0,0,0,0,0,,https://www.calhr.ca.gov,,07/27/2021,,,True,
2020,State Department,"Conservation Corps, California",,Corpsmember,False,False,,31199,31199,,15645,0,0,0,15645,0,0,0,0,0,,https://www.calhr.ca.gov,,07/27/2021,,,True,
2020,State Department,"Conservation Corps, California",,Corpsmember,False,False,,31199,31199,,9210,6435,0,0,15645,0,0,0,0,0,,https://www.calhr.ca.gov,,07/27/2021,,,True,
2020,State Department,"Conservation Corps, California",,Special Corpsmember,False,False,,34319,34319,,15634,0,0,0,15634,0,0,0,0,0,,https://www.calhr.ca.gov,,07/27/2021,,,True,
2020,State Department,"Conservation Corps, California",,Corpsmember,False,False,,31199,31199,,10995,4635,0,0,15630,0,0,0,0,0,,https://www.calhr.ca.gov,,07/27/2021,,,True,
2020,State Department,"Conservation Corps, California",,Corpsmember,False,False,,31199,31199,,9210,6390,0,0,15600,0,0,0,0,0,,https://www.calhr.ca.gov,,07/27/2021,,,True,
2020,State Department,"Conservation Corps, California",,Corpsmember,False,False,,31199,31199,,8790,6810,0,0,15600,0,0,0,0,0,,https://www.calhr.ca.gov,,07/27/2021,,,True,
2020,State Department,"Conservation Corps, California",,Corpsmember,False,False,,31199,31199,,9210,6390,0,0,15600,0,0,0,0,0,,https://www.calhr.ca.gov,,07/27/2021,,,True,
2020,State Department,"Conservation Corps, California",,Corpsmember Promo 1,False,False,,31719,31719,,9210,6390,0,0,15600,0,0,0,0,0,,https://www.calhr.ca.gov,,07/27/2021,,,True,
2020,State Department,"Conservation Corps, California",,Corpsmember,False,False,,31199,31199,,9210,6360,0,0,15570,0,0,0,0,0,,https://www.calhr.ca.gov,,07/27/2021,,,True,
2020,State Department,"Conservation Corps, California",,Corpsmember,False,False,,31199,31199,,15345,210,0,0,15555,0,0,0,0,0,,https://www.calhr.ca.gov,,07/27/2021,,,True,
2020,State Department,"Conservation Corps, California",,Corpsmember,False,False,,31199,31199,,15240,0,300,0,15540,0,0,0,0,0,,https://www.calhr.ca.gov,,07/27/2021,,,True,
2020,State Department,"Conservation Corps, California",,Corpsmember,False,False,,31199,31199,,15060,480,0,0,15540,0,0,0,0,0,,https://www.calhr.ca.gov,,07/27/2021,,,True,
2020,State Department,"Conservation Corps, California",,Corpsmember,False,False,,31199,31199,,9030,6510,0,0,15540,0,0,0,0,0,,https://www.calhr.ca.gov,,07/27/2021,,,True,
2020,State Department,"Conservation Corps, California",,Corpsmember,False,False,,31199,31199,,15240,0,300,0,15540,0,0,0,0,0,,https://www.calhr.ca.gov,,07/27/2021,,,True,
2020,State Department,"Conservation Corps, California",,Corpsmember,False,False,,31199,31199,,12510,3015,0,0,15525,0,0,0,0,0,,https://www.calhr.ca.gov,,07/27/2021,,,True,
2020,State Department,"Conservation Corps, California",,Corpsmember,False,False,,31199,31199,,7455,8055,0,0,15510,0,0,0,0,0,,https://www.calhr.ca.gov,,07/27/2021,,,True,
2020,State Department,"Conservation Corps, California",,Corpsmember,False,False,,31199,31199,,9210,6300,0,0,15510,0,0,0,0,0,,https://www.calhr.ca.gov,,07/27/2021,,,True,
2020,State Department,"Conservation Corps, California",,Corpsmember,False,False,,31199,31199,,7455,8040,0,0,15495,0,0,0,0,0,,https://www.calhr.ca.gov,,07/27/2021,,,True,
2020,State Department,"Conservation Corps, California",,Corpsmember,False,False,,31199,31199,,7455,8040,0,0,15495,0,0,0,0,0,,https://www.calhr.ca.gov,,07/27/2021,,,True,
2020,State Department,"Conservation Corps, California",,Corpsmember,False,False,,31199,31199,,10950,4530,0,0,15480,0,0,0,0,0,,https://www.calhr.ca.gov,,07/27/2021,,,True,
2020,State Department,"Conservation Corps, California",,Special Corpsmember,False,False,,34319,34319,,15469,0,0,0,15469,0,0,0,0,0,,https://www.calhr.ca.gov,,07/27/2021,,,True,
2020,State Department,"Conservation Corps, California",,Special Corpsmember,False,False,,34319,34319,,15469,0,0,0,15469,0,0,0,0,0,,https://www.calhr.ca.gov,,07/27/2021,,,True,
2020,State Department,"Conservation Corps, California",,Special Corpsmember,False,False,,34319,34319,,15469,0,0,0,15469,0,0,0,0,0,,https://www.calhr.ca.gov,,07/27/2021,,,True,
2020,State Department,"Conservation Corps, California",,Corpsmember,False,False,,31199,31199,,15465,0,0,0,15465,0,0,0,0,0,,https://www.calhr.ca.gov,,07/27/2021,,,True,
2020,State Department,"Conservation Corps, California",,Corpsmember,False,False,,31199,31199,,8775,6675,0,0,15450,0,0,0,0,0,,https://www.calhr.ca.gov,,07/27/2021,,,True,
2020,State Department,"Conservation Corps, California",,Corpsmember,False,False,,31199,31199,,8775,6675,0,0,15450,0,0,0,0,0,,https://www.calhr.ca.gov,,07/27/2021,,,True,
2020,State Department,"Conservation Corps, California",,Corpsmember,False,False,,31199,31199,,11445,3975,0,0,15420,0,0,0,0,0,,https://www.calhr.ca.gov,,07/27/2021,,,True,
2020,State Department,"Conservation Corps, California",,Corpsmember,False,False,,31199,31199,,14235,1185,0,0,15420,0,0,0,0,0,,https://www.calhr.ca.gov,,07/27/2021,,,True,
2020,State Department,"Conservation Corps, California",,Special Corpsmember,False,False,,34319,34319,,14817,0,578,0,15395,0,0,0,0,0,,https://www.calhr.ca.gov,,07/27/2021,,,True,
2020,State Department,"Conservation Corps, California",,Corpsmember,False,False,,31199,31199,,7455,7935,0,0,15390,0,0,0,0,0,,https://www.calhr.ca.gov,,07/27/2021,,,True,
2020,State Department,"Conservation Corps, California",,Corpsmember,False,False,,31199,31199,,15360,0,0,0,15360,0,0,0,0,0,,https://www.calhr.ca.gov,,07/27/2021,,,True,
2020,State Department,"Conservation Corps, California",,Corpsmember,False,False,,31199,31199,,14925,210,225,0,15360,0,0,0,0,0,,https://www.calhr.ca.gov,,07/27/2021,,,True,
2020,State Department,"Conservation Corps, California",,Corpsmember,False,False,,31199,31199,,9150,6195,0,0,15345,0,0,0,0,0,,https://www.calhr.ca.gov,,07/27/2021,,,True,
2020,State Department,"Conservation Corps, California",,Corpsmember,False,False,,31199,31199,,8655,6675,0,0,15330,0,0,0,0,0,,https://www.calhr.ca.gov,,07/27/2021,,,True,
2020,State Department,"Conservation Corps, California",,Corpsmember Promo 1,False,False,,31719,31719,,14991,183,153,0,15326,0,0,0,0,0,,https://www.calhr.ca.gov,,07/27/2021,,,True,
2020,State Department,"Conservation Corps, California",,Corpsmember,False,False,,31199,31199,,8775,6540,0,0,15315,0,0,0,0,0,,https://www.calhr.ca.gov,,07/27/2021,,,True,
2020,State Department,"Conservation Corps, California",,Corpsmember,False,False,,31199,31199,,7455,7860,0,0,15315,0,0,0,0,0,,https://www.calhr.ca.gov,,07/27/2021,,,True,
2020,State Department,"Conservation Corps, California",,Corpsmember,False,False,,31199,31199,,15240,0,75,0,15315,0,0,0,0,0,,https://www.calhr.ca.gov,,07/27/2021,,,True,
2020,State Department,"Conservation Corps, California",,Corpsmember,False,False,,31199,31199,,8775,6540,0,0,15315,0,0,0,0,0,,https://www.calhr.ca.gov,,07/27/2021,,,True,
2020,State Department,"Conservation Corps, California",,Corpsmember,False,False,,31199,31199,,7455,7860,0,0,15315,0,0,0,0,0,,https://www.calhr.ca.gov,,07/27/2021,,,True,
2020,State Department,"Conservation Corps, California",,Corpsmember,False,False,,31199,31199,,8925,6375,0,0,15300,0,0,0,0,0,,https://www.calhr.ca.gov,,07/27/2021,,,True,
2020,State Department,"Conservation Corps, California",,Corpsmember Promo 1,False,False,,31719,31719,,13679,1617,0,0,15296,0,0,0,0,0,,https://www.calhr.ca.gov,,07/27/2021,,,True,
2020,State Department,"Conservation Corps, California",,Corpsmember,False,False,,31199,31199,,14745,540,0,0,15285,0,0,0,0,0,,https://www.calhr.ca.gov,,07/27/2021,,,True,
2020,State Department,"Conservation Corps, California",,Corpsmember,False,False,,31199,31199,,7455,7830,0,0,15285,0,0,0,0,0,,https://www.calhr.ca.gov,,07/27/2021,,,True,
2020,State Department,"Conservation Corps, California",,Corpsmember,False,False,,31199,31199,,8835,6450,0,0,15285,0,0,0,0,0,,https://www.calhr.ca.gov,,07/27/2021,,,True,
2020,State Department,"Conservation Corps, California",,Corpsmember,False,False,,31199,31199,,7455,4530,0,3297,15282,0,0,0,0,0,,https://www.calhr.ca.gov,,07/27/2021,,,True,
2020,State Department,"Conservation Corps, California",,Corpsmember,False,False,,31199,31199,,9210,6060,0,0,15270,0,0,0,0,0,,https://www.calhr.ca.gov,,07/27/2021,,,True,
2020,State Department,"Conservation Corps, California",,Corpsmember,False,False,,31199,31199,,8805,6390,75,0,15270,0,0,0,0,0,,https://www.calhr.ca.gov,,07/27/2021,,,True,
2020,State Department,"Conservation Corps, California",,Corpsmember,False,False,,31199,31199,,15240,30,0,0,15270,0,0,0,0,0,,https://www.calhr.ca.gov,,07/27/2021,,,True,
2020,State Department,"Conservation Corps, California",,Corpsmember,False,False,,31199,31199,,11520,3735,0,0,15255,0,0,0,0,0,,https://www.calhr.ca.gov,,07/27/2021,,,True,
2020,State Department,"Conservation Corps, California",,Corpsmember,False,False,,31199,31199,,15240,0,0,0,15240,0,0,0,0,0,,https://www.calhr.ca.gov,,07/27/2021,,,True,
2020,State Department,"Conservation Corps, California",,Corpsmember,False,False,,31199,31199,,15240,0,0,0,15240,0,0,0,0,0,,https://www.calhr.ca.gov,,07/27/2021,,,True,
2020,State Department,"Conservation Corps, California",,Corpsmember,False,False,,31199,31199,,15240,0,0,0,15240,0,0,0,0,0,,https://www.calhr.ca.gov,,07/27/2021,,,True,
2020,State Department,"Conservation Corps, California",,Corpsmember,False,False,,31199,31199,,15240,0,0,0,15240,0,0,0,0,0,,https://www.calhr.ca.gov,,07/27/2021,,,True,
2020,State Department,"Conservation Corps, California",,Corpsmember,False,False,,31199,31199,,9630,5535,75,0,15240,0,0,0,0,0,,https://www.calhr.ca.gov,,07/27/2021,,,True,
2020,State Department,"Conservation Corps, California",,Corpsmember,False,False,,31199,31199,,15240,0,0,0,15240,0,0,0,0,0,,https://www.calhr.ca.gov,,07/27/2021,,,True,
2020,State Department,"Conservation Corps, California",,Corpsmember,False,False,,31199,31199,,15240,0,0,0,15240,0,0,0,0,0,,https://www.calhr.ca.gov,,07/27/2021,,,True,
2020,State Department,"Conservation Corps, California",,Corpsmember,False,False,,31199,31199,,9150,6090,0,0,15240,0,0,0,0,0,,https://www.calhr.ca.gov,,07/27/2021,,,True,
2020,State Department,"Conservation Corps, California",,Corpsmember,False,False,,31199,31199,,8775,6435,0,0,15210,0,0,0,0,0,,https://www.calhr.ca.gov,,07/27/2021,,,True,
2020,State Department,"Conservation Corps, California",,Corpsmember,False,False,,31199,31199,,10755,4425,0,0,15180,0,0,0,0,0,,https://www.calhr.ca.gov,,07/27/2021,,,True,
2020,State Department,"Conservation Corps, California",,Corpsmember,False,False,,31199,31199,,13335,1755,75,0,15165,0,0,0,0,0,,https://www.calhr.ca.gov,,07/27/2021,,,True,
2020,State Department,"Conservation Corps, California",,Corpsmember Promo 1,False,False,,31719,31719,,13890,1159,76,0,15125,0,0,0,0,0,,https://www.calhr.ca.gov,,07/27/2021,,,True,
2020,State Department,"Conservation Corps, California",,Corpsmember,False,False,,31199,31199,,9735,5385,0,0,15120,0,0,0,0,0,,https://www.calhr.ca.gov,,07/27/2021,,,True,
2020,State Department,"Conservation Corps, California",,Corpsmember,False,False,,31199,31199,,8775,6315,0,0,15090,0,0,0,0,0,,https://www.calhr.ca.gov,,07/27/2021,,,True,
2020,State Department,"Conservation Corps, California",,Corpsmember,False,False,,31199,31199,,8775,6315,0,0,15090,0,0,0,0,0,,https://www.calhr.ca.gov,,07/27/2021,,,True,
2020,State Department,"Conservation Corps, California",,Corpsmember,False,False,,31199,31199,,7035,8040,0,0,15075,0,0,0,0,0,,https://www.calhr.ca.gov,,07/27/2021,,,True,
2020,State Department,"Conservation Corps, California",,Corpsmember,False,False,,31199,31199,,14175,900,0,0,15075,0,0,0,0,0,,https://www.calhr.ca.gov,,07/27/2021,,,True,
2020,State Department,"Conservation Corps, California",,Corpsmember,False,False,,31199,31199,,15060,0,0,0,15060,0,0,0,0,0,,https://www.calhr.ca.gov,,07/27/2021,,,True,
2020,State Department,"Conservation Corps, California",,Corpsmember,False,False,,31199,31199,,15060,0,0,0,15060,0,0,0,0,0,,https://www.calhr.ca.gov,,07/27/2021,,,True,
2020,State Department,"Conservation Corps, California",,Corpsmember Promo 1,False,False,,31719,31719,,15052,0,0,0,15052,0,0,0,0,0,,https://www.calhr.ca.gov,,07/27/2021,,,True,
2020,State Department,"Conservation Corps, California",,Corpsmember,False,False,,31199,31199,,10995,4050,0,0,15045,0,0,0,0,0,,https://www.calhr.ca.gov,,07/27/2021,,,True,
2020,State Department,"Conservation Corps, California",,Corpsmember,False,False,,31199,31199,,8715,6315,0,0,15030,0,0,0,0,0,,https://www.calhr.ca.gov,,07/27/2021,,,True,
2020,State Department,"Conservation Corps, California",,Corpsmember,False,False,,31199,31199,,10350,4665,0,0,15015,0,0,0,0,0,,https://www.calhr.ca.gov,,07/27/2021,,,True,
2020,State Department,"Conservation Corps, California",,Corpsmember,False,False,,31199,31199,,9150,5850,0,0,15000,0,0,0,0,0,,https://www.calhr.ca.gov,,07/27/2021,,,True,
2020,State Department,"Conservation Corps, California",,Corpsmember,False,False,,31199,31199,,11130,3870,0,0,15000,0,0,0,0,0,,https://www.calhr.ca.gov,,07/27/2021,,,True,
2020,State Department,"Conservation Corps, California",,Corpsmember,False,False,,31199,31199,,14295,705,0,0,15000,0,0,0,0,0,,https://www.calhr.ca.gov,,07/27/2021,,,True,
2020,State Department,"Conservation Corps, California",,Corpsmember,False,False,,31199,31199,,8055,6840,75,0,14970,0,0,0,0,0,,https://www.calhr.ca.gov,,07/27/2021,,,True,
2020,State Department,"Conservation Corps, California",,Corpsmember,False,False,,31199,31199,,10995,3960,0,0,14955,0,0,0,0,0,,https://www.calhr.ca.gov,,07/27/2021,,,True,
2020,State Department,"Conservation Corps, California",,Corpsmember,False,False,,31199,31199,,11490,3420,0,0,14910,0,0,0,0,0,,https://www.calhr.ca.gov,,07/27/2021,,,True,
2020,State Department,"Conservation Corps, California",,"Office Technician (Typing), Range A",False,False,,37728,47220,,13587,0,0,1300,14887,3934,0,0,5333,9268,2.00% @ 55,https://www.calhr.ca.gov,,07/27/2021,,,True,
2020,State Department,"Conservation Corps, California",,Corpsmember,False,False,,31199,31199,,7455,7425,0,0,14880,0,0,0,0,0,,https://www.calhr.ca.gov,,07/27/2021,,,True,
2020,State Department,"Conservation Corps, California",,Corpsmember,False,False,,31199,31199,,14805,0,75,0,14880,0,0,0,0,0,,https://www.calhr.ca.gov,,07/27/2021,,,True,
2020,State Department,"Conservation Corps, California",,Corpsmember,False,False,,31199,31199,,7455,7425,0,0,14880,0,0,0,0,0,,https://www.calhr.ca.gov,,07/27/2021,,,True,
2020,State Department,"Conservation Corps, California",,Corpsmember,False,False,,31199,31199,,14490,150,225,0,14865,0,0,0,0,0,,https://www.calhr.ca.gov,,07/27/2021,,,True,
2020,State Department,"Conservation Corps, California",,Corpsmember,False,False,,31199,31199,,10995,3855,0,0,14850,0,0,0,0,0,,https://www.calhr.ca.gov,,07/27/2021,,,True,
2020,State Department,"Conservation Corps, California",,Corpsmember,False,False,,31199,31199,,9210,5625,0,0,14835,0,0,0,0,0,,https://www.calhr.ca.gov,,07/27/2021,,,True,
2020,State Department,"Conservation Corps, California",,Corpsmember,False,False,,31199,31199,,9660,5025,150,0,14835,0,0,0,0,0,,https://www.calhr.ca.gov,,07/27/2021,,,True,
2020,State Department,"Conservation Corps, California",,Corpsmember,False,False,,31199,31199,,13440,1305,75,0,14820,0,0,0,0,0,,https://www.calhr.ca.gov,,07/27/2021,,,True,
2020,State Department,"Conservation Corps, California",,Corpsmember,False,False,,31199,31199,,12015,2790,0,0,14805,0,0,0,0,0,,https://www.calhr.ca.gov,,07/27/2021,,,True,
2020,State Department,"Conservation Corps, California",,Corpsmember,False,False,,31199,31199,,7035,7770,0,0,14805,0,0,0,0,0,,https://www.calhr.ca.gov,,07/27/2021,,,True,
2020,State Department,"Conservation Corps, California",,Corpsmember,False,False,,31199,31199,,14760,45,0,0,14805,0,0,0,0,0,,https://www.calhr.ca.gov,,07/27/2021,,,True,
2020,State Department,"Conservation Corps, California",,Corpsmember,False,False,,31199,31199,,7455,7350,0,0,14805,0,0,0,0,0,,https://www.calhr.ca.gov,,07/27/2021,,,True,
2020,State Department,"Conservation Corps, California",,Corpsmember,False,False,,31199,31199,,9660,5145,0,0,14805,0,0,0,0,0,,https://www.calhr.ca.gov,,07/27/2021,,,True,
2020,State Department,"Conservation Corps, California",,Corpsmember,False,False,,31199,31199,,7455,7305,0,0,14760,0,0,0,0,0,,https://www.calhr.ca.gov,,07/27/2021,,,True,
2020,State Department,"Conservation Corps, California",,Corpsmember,False,False,,31199,31199,,8580,6180,0,0,14760,0,0,0,0,0,,https://www.calhr.ca.gov,,07/27/2021,,,True,
2020,State Department,"Conservation Corps, California",,Corpsmember,False,False,,31199,31199,,14670,0,75,0,14745,0,0,0,0,0,,https://www.calhr.ca.gov,,07/27/2021,,,True,
2020,State Department,"Conservation Corps, California",,Corpsmember,False,False,,31199,31199,,7455,7275,0,0,14730,0,0,0,0,0,,https://www.calhr.ca.gov,,07/27/2021,,,True,
2020,State Department,"Conservation Corps, California",,Corpsmember,False,False,,31199,31199,,10620,4020,75,0,14715,0,0,0,0,0,,https://www.calhr.ca.gov,,07/27/2021,,,True,
2020,State Department,"Conservation Corps, California",,Corpsmember,False,False,,31199,31199,,9210,5505,0,0,14715,0,0,0,0,0,,https://www.calhr.ca.gov,,07/27/2021,,,True,
2020,State Department,"Conservation Corps, California",,Corpsmember,False,False,,31199,31199,,12960,1680,75,0,14715,0,0,0,0,0,,https://www.calhr.ca.gov,,07/27/2021,,,True,
2020,State Department,"Conservation Corps, California",,Corpsmember,False,False,,31199,31199,,7455,7260,0,0,14715,0,0,0,0,0,,https://www.calhr.ca.gov,,07/27/2021,,,True,
2020,State Department,"Conservation Corps, California",,Corpsmember Promo 1,False,False,,31719,31719,,14625,0,76,0,14701,0,0,0,0,0,,https://www.calhr.ca.gov,,07/27/2021,,,True,
2020,State Department,"Conservation Corps, California",,Corpsmember,False,False,,31199,31199,,7395,7260,0,0,14655,0,0,0,0,0,,https://www.calhr.ca.gov,,07/27/2021,,,True,
2020,State Department,"Conservation Corps, California",,Corpsmember,False,False,,31199,31199,,10005,4650,0,0,14655,0,0,0,0,0,,https://www.calhr.ca.gov,,07/27/2021,,,True,
2020,State Department,"Conservation Corps, California",,Corpsmember,False,False,,31199,31199,,7455,7185,0,0,14640,0,0,0,0,0,,https://www.calhr.ca.gov,,07/27/2021,,,True,
2020,State Department,"Conservation Corps, California",,Corpsmember,False,False,,31199,31199,,7455,7170,0,0,14625,0,0,0,0,0,,https://www.calhr.ca.gov,,07/27/2021,,,True,
2020,State Department,"Conservation Corps, California",,Corpsmember,False,False,,31199,31199,,14610,0,0,0,14610,0,0,0,0,0,,https://www.calhr.ca.gov,,07/27/2021,,,True,
2020,State Department,"Conservation Corps, California",,Corpsmember,False,False,,31199,31199,,13920,585,75,0,14580,0,0,0,0,0,,https://www.calhr.ca.gov,,07/27/2021,,,True,
2020,State Department,"Conservation Corps, California",,Corpsmember,False,False,,31199,31199,,13335,1230,0,0,14565,0,0,0,0,0,,https://www.calhr.ca.gov,,07/27/2021,,,True,
2020,State Department,"Conservation Corps, California",,Corpsmember,False,False,,31199,31199,,7095,7455,0,0,14550,0,0,0,0,0,,https://www.calhr.ca.gov,,07/27/2021,,,True,
2020,State Department,"Conservation Corps, California",,Corpsmember,False,False,,31199,31199,,13740,795,0,0,14535,0,0,0,0,0,,https://www.calhr.ca.gov,,07/27/2021,,,True,
2020,State Department,"Conservation Corps, California",,Corpsmember,False,False,,31199,31199,,14055,480,0,0,14535,0,0,0,0,0,,https://www.calhr.ca.gov,,07/27/2021,,,True,
2020,State Department,"Conservation Corps, California",,Corpsmember,False,False,,31199,31199,,9105,5190,225,0,14520,0,0,0,0,0,,https://www.calhr.ca.gov,,07/27/2021,,,True,
2020,State Department,"Conservation Corps, California",,Corpsmember,False,False,,31199,31199,,11430,3090,0,0,14520,0,0,0,0,0,,https://www.calhr.ca.gov,,07/27/2021,,,True,
2020,State Department,"Conservation Corps, California",,Corpsmember,False,False,,31199,31199,,12840,1680,0,0,14520,0,0,0,0,0,,https://www.calhr.ca.gov,,07/27/2021,,,True,
2020,State Department,"Conservation Corps, California",,Corpsmember,False,False,,31199,31199,,8775,5715,0,0,14490,0,0,0,0,0,,https://www.calhr.ca.gov,,07/27/2021,,,True,
2020,State Department,"Conservation Corps, California",,Corpsmember,False,False,,31199,31199,,7455,7020,0,0,14475,0,0,0,0,0,,https://www.calhr.ca.gov,,07/27/2021,,,True,
2020,State Department,"Conservation Corps, California",,Corpsmember,False,False,,31199,31199,,7335,7125,0,0,14460,0,0,0,0,0,,https://www.calhr.ca.gov,,07/27/2021,,,True,
2020,State Department,"Conservation Corps, California",,Corpsmember,False,False,,31199,31199,,7455,7005,0,0,14460,0,0,0,0,0,,https://www.calhr.ca.gov,,07/27/2021,,,True,
2020,State Department,"Conservation Corps, California",,Corpsmember,False,False,,31199,31199,,13140,1305,0,0,14445,0,0,0,0,0,,https://www.calhr.ca.gov,,07/27/2021,,,True,
2020,State Department,"Conservation Corps, California",,Corpsmember,False,False,,31199,31199,,12585,1860,0,0,14445,0,0,0,0,0,,https://www.calhr.ca.gov,,07/27/2021,,,True,
2020,State Department,"Conservation Corps, California",,Corpsmember,False,False,,31199,31199,,14430,0,0,0,14430,0,0,0,0,0,,https://www.calhr.ca.gov,,07/27/2021,,,True,
2020,State Department,"Conservation Corps, California",,Corpsmember,False,False,,31199,31199,,14415,0,0,0,14415,0,0,0,0,0,,https://www.calhr.ca.gov,,07/27/2021,,,True,
2020,State Department,"Conservation Corps, California",,Corpsmember,False,False,,31199,31199,,14415,0,0,0,14415,0,0,0,0,0,,https://www.calhr.ca.gov,,07/27/2021,,,True,
2020,State Department,"Conservation Corps, California",,Special Corpsmember,False,False,,34319,34319,,14272,124,0,0,14395,0,0,0,0,0,,https://www.calhr.ca.gov,,07/27/2021,,,True,
2020,State Department,"Conservation Corps, California",,Corpsmember,False,False,,31199,31199,,12075,2235,75,0,14385,0,0,0,0,0,,https://www.calhr.ca.gov,,07/27/2021,,,True,
2020,State Department,"Conservation Corps, California",,Corpsmember,False,False,,31199,31199,,14355,0,0,0,14355,0,0,0,0,0,,https://www.calhr.ca.gov,,07/27/2021,,,True,
2020,State Department,"Conservation Corps, California",,Corpsmember,False,False,,31199,31199,,14355,0,0,0,14355,0,0,0,0,0,,https://www.calhr.ca.gov,,07/27/2021,,,True,
2020,State Department,"Conservation Corps, California",,Corpsmember,False,False,,31199,31199,,13200,1140,0,0,14340,0,0,0,0,0,,https://www.calhr.ca.gov,,07/27/2021,,,True,
2020,State Department,"Conservation Corps, California",,Corpsmember,False,False,,31199,31199,,12645,1605,75,0,14325,0,0,0,0,0,,https://www.calhr.ca.gov,,07/27/2021,,,True,
2020,State Department,"Conservation Corps, California",,Corpsmember,False,False,,31199,31199,,13995,180,150,0,14325,0,0,0,0,0,,https://www.calhr.ca.gov,,07/27/2021,,,True,
2020,State Department,"Conservation Corps, California",,Corpsmember,False,False,,31199,31199,,12195,1890,225,0,14310,0,0,0,0,0,,https://www.calhr.ca.gov,,07/27/2021,,,True,
2020,State Department,"Conservation Corps, California",,Special Corpsmember,False,False,,34319,34319,,13145,0,1155,0,14300,0,0,0,0,0,,https://www.calhr.ca.gov,,07/27/2021,,,True,
2020,State Department,"Conservation Corps, California",,Corpsmember,False,False,,31199,31199,,9150,5145,0,0,14295,0,0,0,0,0,,https://www.calhr.ca.gov,,07/27/2021,,,True,
2020,State Department,"Conservation Corps, California",,Corpsmember,False,False,,31199,31199,,7455,6840,0,0,14295,0,0,0,0,0,,https://www.calhr.ca.gov,,07/27/2021,,,True,
2020,State Department,"Conservation Corps, California",,"Conservationist I, Range B",False,False,,46068,57000,,5004,321,8964,0,14289,1132,0,0,686,1818,2.50% @ 55,https://www.calhr.ca.gov,,07/27/2021,,,True,
2020,State Department,"Conservation Corps, California",,Corpsmember,False,False,,31199,31199,,7200,6915,150,0,14265,0,0,0,0,0,,https://www.calhr.ca.gov,,07/27/2021,,,True,
2020,State Department,"Conservation Corps, California",,Corpsmember,False,False,,31199,31199,,9405,4785,75,0,14265,0,0,0,0,0,,https://www.calhr.ca.gov,,07/27/2021,,,True,
2020,State Department,"Conservation Corps, California",,Corpsmember,False,False,,31199,31199,,14235,0,0,0,14235,0,0,0,0,0,,https://www.calhr.ca.gov,,07/27/2021,,,True,
2020,State Department,"Conservation Corps, California",,Corpsmember,False,False,,31199,31199,,13245,990,0,0,14235,0,0,0,0,0,,https://www.calhr.ca.gov,,07/27/2021,,,True,
2020,State Department,"Conservation Corps, California",,Corpsmember,False,False,,31199,31199,,14235,0,0,0,14235,0,0,0,0,0,,https://www.calhr.ca.gov,,07/27/2021,,,True,
2020,State Department,"Conservation Corps, California",,Corpsmember,False,False,,31199,31199,,7455,6765,0,0,14220,0,0,0,0,0,,https://www.calhr.ca.gov,,07/27/2021,,,True,
2020,State Department,"Conservation Corps, California",,Corpsmember,False,False,,31199,31199,,13800,420,0,0,14220,0,0,0,0,0,,https://www.calhr.ca.gov,,07/27/2021,,,True,
2020,State Department,"Conservation Corps, California",,Corpsmember,False,False,,31199,31199,,9885,4320,0,0,14205,0,0,0,0,0,,https://www.calhr.ca.gov,,07/27/2021,,,True,
2020,State Department,"Conservation Corps, California",,Corpsmember,False,False,,31199,31199,,7395,6810,0,0,14205,0,0,0,0,0,,https://www.calhr.ca.gov,,07/27/2021,,,True,
2020,State Department,"Conservation Corps, California",,Corpsmember,False,False,,31199,31199,,7035,7155,0,0,14190,0,0,0,0,0,,https://www.calhr.ca.gov,,07/27/2021,,,True,
2020,State Department,"Conservation Corps, California",,Corpsmember,False,False,,31199,31199,,14175,0,0,0,14175,0,0,0,0,0,,https://www.calhr.ca.gov,,07/27/2021,,,True,
2020,State Department,"Conservation Corps, California",,Corpsmember,False,False,,31199,31199,,7455,6720,0,0,14175,0,0,0,0,0,,https://www.calhr.ca.gov,,07/27/2021,,,True,
2020,State Department,"Conservation Corps, California",,Corpsmember,False,False,,31199,31199,,14175,0,0,0,14175,0,0,0,0,0,,https://www.calhr.ca.gov,,07/27/2021,,,True,
2020,State Department,"Conservation Corps, California",,Corpsmember,False,False,,31199,31199,,7455,6690,0,0,14145,0,0,0,0,0,,https://www.calhr.ca.gov,,07/27/2021,,,True,
2020,State Department,"Conservation Corps, California",,Corpsmember,False,False,,31199,31199,,7455,6690,0,0,14145,0,0,0,0,0,,https://www.calhr.ca.gov,,07/27/2021,,,True,
2020,State Department,"Conservation Corps, California",,Corpsmember,False,False,,31199,31199,,14145,0,0,0,14145,0,0,0,0,0,,https://www.calhr.ca.gov,,07/27/2021,,,True,
2020,State Department,"Conservation Corps, California",,Corpsmember,False,False,,31199,31199,,13335,795,0,0,14130,0,0,0,0,0,,https://www.calhr.ca.gov,,07/27/2021,,,True,
2020,State Department,"Conservation Corps, California",,Corpsmember,False,False,,31199,31199,,12825,1305,0,0,14130,0,0,0,0,0,,https://www.calhr.ca.gov,,07/27/2021,,,True,
2020,State Department,"Conservation Corps, California",,Corpsmember,False,False,,31199,31199,,9405,4725,0,0,14130,0,0,0,0,0,,https://www.calhr.ca.gov,,07/27/2021,,,True,
2020,State Department,"Conservation Corps, California",,Corpsmember,False,False,,31199,31199,,14115,0,0,0,14115,0,0,0,0,0,,https://www.calhr.ca.gov,,07/27/2021,,,True,
2020,State Department,"Conservation Corps, California",,Corpsmember,False,False,,31199,31199,,13470,480,150,0,14100,0,0,0,0,0,,https://www.calhr.ca.gov,,07/27/2021,,,True,
2020,State Department,"Conservation Corps, California",,Corpsmember,False,False,,31199,31199,,12585,1425,75,0,14085,0,0,0,0,0,,https://www.calhr.ca.gov,,07/27/2021,,,True,
2020,State Department,"Conservation Corps, California",,Corpsmember,False,False,,31199,31199,,8550,5535,0,0,14085,0,0,0,0,0,,https://www.calhr.ca.gov,,07/27/2021,,,True,
2020,State Department,"Conservation Corps, California",,Corpsmember,False,False,,31199,31199,,12450,1605,0,0,14055,0,0,0,0,0,,https://www.calhr.ca.gov,,07/27/2021,,,True,
2020,State Department,"Conservation Corps, California",,Corpsmember,False,False,,31199,31199,,11760,2190,75,0,14025,0,0,0,0,0,,https://www.calhr.ca.gov,,07/27/2021,,,True,
2020,State Department,"Conservation Corps, California",,Corpsmember,False,False,,31199,31199,,10995,3030,0,0,14025,0,0,0,0,0,,https://www.calhr.ca.gov,,07/27/2021,,,True,
2020,State Department,"Conservation Corps, California",,Corpsmember,False,False,,31199,31199,,7455,6555,0,0,14010,0,0,0,0,0,,https://www.calhr.ca.gov,,07/27/2021,,,True,
2020,State Department,"Conservation Corps, California",,Corpsmember,False,False,,31199,31199,,7455,6555,0,0,14010,0,0,0,0,0,,https://www.calhr.ca.gov,,07/27/2021,,,True,
2020,State Department,"Conservation Corps, California",,Corpsmember,False,False,,31199,31199,,7935,6060,0,0,13995,0,0,0,0,0,,https://www.calhr.ca.gov,,07/27/2021,,,True,
2020,State Department,"Conservation Corps, California",,Special Corpsmember,False,False,,34319,34319,,13992,0,0,0,13992,0,0,0,0,0,,https://www.calhr.ca.gov,,07/27/2021,,,True,
2020,State Department,"Conservation Corps, California",,Corpsmember,False,False,,31199,31199,,9840,4065,75,0,13980,0,0,0,0,0,,https://www.calhr.ca.gov,,07/27/2021,,,True,
2020,State Department,"Conservation Corps, California",,Corpsmember,False,False,,31199,31199,,13980,0,0,0,13980,0,0,0,0,0,,https://www.calhr.ca.gov,,07/27/2021,,,True,
2020,State Department,"Conservation Corps, California",,Corpsmember,False,False,,31199,31199,,7395,6570,0,0,13965,0,0,0,0,0,,https://www.calhr.ca.gov,,07/27/2021,,,True,
2020,State Department,"Conservation Corps, California",,Corpsmember,False,False,,31199,31199,,9180,4785,0,0,13965,0,0,0,0,0,,https://www.calhr.ca.gov,,07/27/2021,,,True,
2020,State Department,"Conservation Corps, California",,Corpsmember,False,False,,31199,31199,,8985,4965,0,0,13950,0,0,0,0,0,,https://www.calhr.ca.gov,,07/27/2021,,,True,
2020,State Department,"Conservation Corps, California",,Corpsmember,False,False,,31199,31199,,7470,6465,0,0,13935,0,0,0,0,0,,https://www.calhr.ca.gov,,07/27/2021,,,True,
2020,State Department,"Conservation Corps, California",,Corpsmember,False,False,,31199,31199,,6735,7200,0,0,13935,0,0,0,0,0,,https://www.calhr.ca.gov,,07/27/2021,,,True,
2020,State Department,"Conservation Corps, California",,Corpsmember,False,False,,31199,31199,,13920,0,0,0,13920,0,0,0,0,0,,https://www.calhr.ca.gov,,07/27/2021,,,True,
2020,State Department,"Conservation Corps, California",,Corpsmember,False,False,,31199,31199,,9150,4770,0,0,13920,0,0,0,0,0,,https://www.calhr.ca.gov,,07/27/2021,,,True,
2020,State Department,"Conservation Corps, California",,Corpsmember,False,False,,31199,31199,,7455,6450,0,0,13905,0,0,0,0,0,,https://www.calhr.ca.gov,,07/27/2021,,,True,
2020,State Department,"Conservation Corps, California",,Corpsmember,False,False,,31199,31199,,7455,6450,0,0,13905,0,0,0,0,0,,https://www.calhr.ca.gov,,07/27/2021,,,True,
2020,State Department,"Conservation Corps, California",,Corpsmember,False,False,,31199,31199,,13725,0,150,0,13875,0,0,0,0,0,,https://www.calhr.ca.gov,,07/27/2021,,,True,
2020,State Department,"Conservation Corps, California",,Corpsmember,False,False,,31199,31199,,13800,0,75,0,13875,0,0,0,0,0,,https://www.calhr.ca.gov,,07/27/2021,,,True,
2020,State Department,"Conservation Corps, California",,Corpsmember Promo 1,False,False,,31719,31719,,13481,381,0,0,13862,0,0,0,0,0,,https://www.calhr.ca.gov,,07/27/2021,,,True,
2020,State Department,"Conservation Corps, California",,Corpsmember,False,False,,31199,31199,,13335,510,0,0,13845,0,0,0,0,0,,https://www.calhr.ca.gov,,07/27/2021,,,True,
2020,State Department,"Conservation Corps, California",,Corpsmember,False,False,,31199,31199,,7455,6375,0,0,13830,0,0,0,0,0,,https://www.calhr.ca.gov,,07/27/2021,,,True,
2020,State Department,"Conservation Corps, California",,Corpsmember,False,False,,31199,31199,,7455,6375,0,0,13830,0,0,0,0,0,,https://www.calhr.ca.gov,,07/27/2021,,,True,
2020,State Department,"Conservation Corps, California",,Corpsmember,False,False,,31199,31199,,12150,1575,75,0,13800,0,0,0,0,0,,https://www.calhr.ca.gov,,07/27/2021,,,True,
2020,State Department,"Conservation Corps, California",,Corpsmember,False,False,,31199,31199,,9240,4515,0,0,13755,0,0,0,0,0,,https://www.calhr.ca.gov,,07/27/2021,,,True,
2020,State Department,"Conservation Corps, California",,Corpsmember,False,False,,31199,31199,,7455,6270,0,0,13725,0,0,0,0,0,,https://www.calhr.ca.gov,,07/27/2021,,,True,
2020,State Department,"Conservation Corps, California",,Corpsmember,False,False,,31199,31199,,13725,0,0,0,13725,0,0,0,0,0,,https://www.calhr.ca.gov,,07/27/2021,,,True,
2020,State Department,"Conservation Corps, California",,Corpsmember,False,False,,31199,31199,,12840,885,0,0,13725,0,0,0,0,0,,https://www.calhr.ca.gov,,07/27/2021,,,True,
2020,State Department,"Conservation Corps, California",,Corpsmember,False,False,,31199,31199,,13650,0,75,0,13725,0,0,0,0,0,,https://www.calhr.ca.gov,,07/27/2021,,,True,
2020,State Department,"Conservation Corps, California",,Corpsmember,False,False,,31199,31199,,7455,6270,0,0,13725,0,0,0,0,0,,https://www.calhr.ca.gov,,07/27/2021,,,True,
2020,State Department,"Conservation Corps, California",,Corpsmember,False,False,,31199,31199,,13725,0,0,0,13725,0,0,0,0,0,,https://www.calhr.ca.gov,,07/27/2021,,,True,
2020,State Department,"Conservation Corps, California",,Corpsmember,False,False,,31199,31199,,13725,0,0,0,13725,0,0,0,0,0,,https://www.calhr.ca.gov,,07/27/2021,,,True,
2020,State Department,"Conservation Corps, California",,Corpsmember,False,False,,31199,31199,,9885,3690,150,0,13725,0,0,0,0,0,,https://www.calhr.ca.gov,,07/27/2021,,,True,
2020,State Department,"Conservation Corps, California",,Corpsmember Promo 1,False,False,,31719,31719,,13695,0,0,0,13695,0,0,0,0,0,,https://www.calhr.ca.gov,,07/27/2021,,,True,
2020,State Department,"Conservation Corps, California",,Corpsmember,False,False,,31199,31199,,11775,1617,300,0,13692,0,0,0,0,0,,https://www.calhr.ca.gov,,07/27/2021,,,True,
2020,State Department,"Conservation Corps, California",,Corpsmember,False,False,,31199,31199,,13680,0,0,0,13680,0,0,0,0,0,,https://www.calhr.ca.gov,,07/27/2021,,,True,
2020,State Department,"Conservation Corps, California",,Corpsmember,False,False,,31199,31199,,9405,4200,75,0,13680,0,0,0,0,0,,https://www.calhr.ca.gov,,07/27/2021,,,True,
2020,State Department,"Conservation Corps, California",,"Information Technology Associate, Range C",False,False,,60768,81444,,13199,0,0,467,13666,4060,0,0,5099,9159,2.00% @ 55,https://www.calhr.ca.gov,,07/27/2021,,,True,
2020,State Department,"Conservation Corps, California",,Corpsmember,False,False,,31199,31199,,7845,5745,75,0,13665,0,0,0,0,0,,https://www.calhr.ca.gov,,07/27/2021,,,True,
2020,State Department,"Conservation Corps, California",,Corpsmember,False,False,,31199,31199,,8145,5445,75,0,13665,0,0,0,0,0,,https://www.calhr.ca.gov,,07/27/2021,,,True,
2020,State Department,"Conservation Corps, California",,Corpsmember,False,False,,31199,31199,,7095,6555,0,0,13650,0,0,0,0,0,,https://www.calhr.ca.gov,,07/27/2021,,,True,
2020,State Department,"Conservation Corps, California",,Corpsmember,False,False,,31199,31199,,7455,6180,0,0,13635,0,0,0,0,0,,https://www.calhr.ca.gov,,07/27/2021,,,True,
2020,State Department,"Conservation Corps, California",,Corpsmember,False,False,,31199,31199,,7455,6165,0,0,13620,0,0,0,0,0,,https://www.calhr.ca.gov,,07/27/2021,,,True,
2020,State Department,"Conservation Corps, California",,Corpsmember,False,False,,31199,31199,,7455,6165,0,0,13620,0,0,0,0,0,,https://www.calhr.ca.gov,,07/27/2021,,,True,
2020,State Department,"Conservation Corps, California",,Corpsmember,False,False,,31199,31199,,13530,0,75,0,13605,0,0,0,0,0,,https://www.calhr.ca.gov,,07/27/2021,,,True,
2020,State Department,"Conservation Corps, California",,Corpsmember Promo 1,False,False,,31719,31719,,13603,0,0,0,13603,0,0,0,0,0,,https://www.calhr.ca.gov,,07/27/2021,,,True,
2020,State Department,"Conservation Corps, California",,Corpsmember,False,False,,31199,31199,,9765,3825,0,0,13590,0,0,0,0,0,,https://www.calhr.ca.gov,,07/27/2021,,,True,
2020,State Department,"Conservation Corps, California",,Corpsmember,False,False,,31199,31199,,13335,255,0,0,13590,0,0,0,0,0,,https://www.calhr.ca.gov,,07/27/2021,,,True,
2020,State Department,"Conservation Corps, California",,Corpsmember,False,False,,31199,31199,,7035,6540,0,0,13575,0,0,0,0,0,,https://www.calhr.ca.gov,,07/27/2021,,,True,
2020,State Department,"Conservation Corps, California",,Corpsmember,False,False,,31199,31199,,8835,4725,0,0,13560,0,0,0,0,0,,https://www.calhr.ca.gov,,07/27/2021,,,True,
2020,State Department,"Conservation Corps, California",,Corpsmember,False,False,,31199,31199,,7395,6165,0,0,13560,0,0,0,0,0,,https://www.calhr.ca.gov,,07/27/2021,,,True,
2020,State Department,"Conservation Corps, California",,Corpsmember,False,False,,31199,31199,,12210,1350,0,0,13560,0,0,0,0,0,,https://www.calhr.ca.gov,,07/27/2021,,,True,
2020,State Department,"Conservation Corps, California",,Corpsmember,False,False,,31199,31199,,7395,6165,0,0,13560,0,0,0,0,0,,https://www.calhr.ca.gov,,07/27/2021,,,True,
2020,State Department,"Conservation Corps, California",,Corpsmember,False,False,,31199,31199,,7395,6165,0,0,13560,0,0,0,0,0,,https://www.calhr.ca.gov,,07/27/2021,,,True,
2020,State Department,"Conservation Corps, California",,Corpsmember,False,False,,31199,31199,,12585,960,0,0,13545,0,0,0,0,0,,https://www.calhr.ca.gov,,07/27/2021,,,True,
2020,State Department,"Conservation Corps, California",,Corpsmember,False,False,,31199,31199,,11370,2175,0,0,13545,0,0,0,0,0,,https://www.calhr.ca.gov,,07/27/2021,,,True,
2020,State Department,"Conservation Corps, California",,Corpsmember,False,False,,31199,31199,,8925,4605,0,0,13530,0,0,0,0,0,,https://www.calhr.ca.gov,,07/27/2021,,,True,
2020,State Department,"Conservation Corps, California",,Corpsmember,False,False,,31199,31199,,13530,0,0,0,13530,0,0,0,0,0,,https://www.calhr.ca.gov,,07/27/2021,,,True,
2020,State Department,"Conservation Corps, California",,Corpsmember,False,False,,31199,31199,,9705,3780,0,0,13485,0,0,0,0,0,,https://www.calhr.ca.gov,,07/27/2021,,,True,
2020,State Department,"Conservation Corps, California",,Corpsmember,False,False,,31199,31199,,6915,6570,0,0,13485,0,0,0,0,0,,https://www.calhr.ca.gov,,07/27/2021,,,True,
2020,State Department,"Conservation Corps, California",,Corpsmember,False,False,,31199,31199,,7380,6105,0,0,13485,0,0,0,0,0,,https://www.calhr.ca.gov,,07/27/2021,,,True,
2020,State Department,"Conservation Corps, California",,Corpsmember,False,False,,31199,31199,,6915,6570,0,0,13485,0,0,0,0,0,,https://www.calhr.ca.gov,,07/27/2021,,,True,
2020,State Department,"Conservation Corps, California",,Corpsmember,False,False,,31199,31199,,6915,6570,0,0,13485,0,0,0,0,0,,https://www.calhr.ca.gov,,07/27/2021,,,True,
2020,State Department,"Conservation Corps, California",,Corpsmember,False,False,,31199,31199,,6915,6570,0,0,13485,0,0,0,0,0,,https://www.calhr.ca.gov,,07/27/2021,,,True,
2020,State Department,"Conservation Corps, California",,Corpsmember,False,False,,31199,31199,,8430,4890,150,0,13470,0,0,0,0,0,,https://www.calhr.ca.gov,,07/27/2021,,,True,
2020,State Department,"Conservation Corps, California",,Corpsmember,False,False,,31199,31199,,13155,90,225,0,13470,0,0,0,0,0,,https://www.calhr.ca.gov,,07/27/2021,,,True,
2020,State Department,"Conservation Corps, California",,Corpsmember,False,False,,31199,31199,,10995,2475,0,0,13470,0,0,0,0,0,,https://www.calhr.ca.gov,,07/27/2021,,,True,
2020,State Department,"Conservation Corps, California",,Corpsmember,False,False,,31199,31199,,7455,6000,0,0,13455,0,0,0,0,0,,https://www.calhr.ca.gov,,07/27/2021,,,True,
2020,State Department,"Conservation Corps, California",,Corpsmember,False,False,,31199,31199,,11970,1485,0,0,13455,0,0,0,0,0,,https://www.calhr.ca.gov,,07/27/2021,,,True,
2020,State Department,"Conservation Corps, California",,Corpsmember,False,False,,31199,31199,,10785,2655,0,0,13440,0,0,0,0,0,,https://www.calhr.ca.gov,,07/27/2021,,,True,
2020,State Department,"Conservation Corps, California",,Corpsmember,False,False,,31199,31199,,11370,2055,0,0,13425,0,0,0,0,0,,https://www.calhr.ca.gov,,07/27/2021,,,True,
2020,State Department,"Conservation Corps, California",,Corpsmember,False,False,,31199,31199,,11370,2055,0,0,13425,0,0,0,0,0,,https://www.calhr.ca.gov,,07/27/2021,,,True,
2020,State Department,"Conservation Corps, California",,Corpsmember,False,False,,31199,31199,,9210,4200,0,0,13410,0,0,0,0,0,,https://www.calhr.ca.gov,,07/27/2021,,,True,
2020,State Department,"Conservation Corps, California",,Corpsmember,False,False,,31199,31199,,13335,0,75,0,13410,0,0,0,0,0,,https://www.calhr.ca.gov,,07/27/2021,,,True,
2020,State Department,"Conservation Corps, California",,Corpsmember,False,False,,31199,31199,,11430,1755,225,0,13410,0,0,0,0,0,,https://www.calhr.ca.gov,,07/27/2021,,,True,
2020,State Department,"Conservation Corps, California",,Corpsmember,False,False,,31199,31199,,13170,225,0,0,13395,0,0,0,0,0,,https://www.calhr.ca.gov,,07/27/2021,,,True,
2020,State Department,"Conservation Corps, California",,Corpsmember,False,False,,31199,31199,,13350,30,0,0,13380,0,0,0,0,0,,https://www.calhr.ca.gov,,07/27/2021,,,True,
2020,State Department,"Conservation Corps, California",,Corpsmember,False,False,,31199,31199,,7395,5985,0,0,13380,0,0,0,0,0,,https://www.calhr.ca.gov,,07/27/2021,,,True,
2020,State Department,"Conservation Corps, California",,Corpsmember,False,False,,31199,31199,,12765,600,0,0,13365,0,0,0,0,0,,https://www.calhr.ca.gov,,07/27/2021,,,True,
2020,State Department,"Conservation Corps, California",,Corpsmember,False,False,,31199,31199,,13350,0,0,0,13350,0,0,0,0,0,,https://www.calhr.ca.gov,,07/27/2021,,,True,
2020,State Department,"Conservation Corps, California",,Corpsmember,False,False,,31199,31199,,12660,690,0,0,13350,0,0,0,0,0,,https://www.calhr.ca.gov,,07/27/2021,,,True,
2020,State Department,"Conservation Corps, California",,Corpsmember,False,False,,31199,31199,,13350,0,0,0,13350,0,0,0,0,0,,https://www.calhr.ca.gov,,07/27/2021,,,True,
2020,State Department,"Conservation Corps, California",,Corpsmember,False,False,,31199,31199,,13335,0,0,0,13335,0,0,0,0,0,,https://www.calhr.ca.gov,,07/27/2021,,,True,
2020,State Department,"Conservation Corps, California",,Corpsmember,False,False,,31199,31199,,13335,0,0,0,13335,0,0,0,0,0,,https://www.calhr.ca.gov,,07/27/2021,,,True,
2020,State Department,"Conservation Corps, California",,Corpsmember,False,False,,31199,31199,,13335,0,0,0,13335,0,0,0,0,0,,https://www.calhr.ca.gov,,07/27/2021,,,True,
2020,State Department,"Conservation Corps, California",,Corpsmember,False,False,,31199,31199,,13335,0,0,0,13335,0,0,0,0,0,,https://www.calhr.ca.gov,,07/27/2021,,,True,
2020,State Department,"Conservation Corps, California",,Corpsmember,False,False,,31199,31199,,12855,465,0,0,13320,0,0,0,0,0,,https://www.calhr.ca.gov,,07/27/2021,,,True,
2020,State Department,"Conservation Corps, California",,Corpsmember,False,False,,31199,31199,,7995,5310,0,0,13305,0,0,0,0,0,,https://www.calhr.ca.gov,,07/27/2021,,,True,
2020,State Department,"Conservation Corps, California",,Corpsmember,False,False,,31199,31199,,6675,6630,0,0,13305,0,0,0,0,0,,https://www.calhr.ca.gov,,07/27/2021,,,True,
2020,State Department,"Conservation Corps, California",,Corpsmember,False,False,,31199,31199,,13275,0,0,0,13275,0,0,0,0,0,,https://www.calhr.ca.gov,,07/27/2021,,,True,
2020,State Department,"Conservation Corps, California",,Corpsmember,False,False,,31199,31199,,13275,0,0,0,13275,0,0,0,0,0,,https://www.calhr.ca.gov,,07/27/2021,,,True,
2020,State Department,"Conservation Corps, California",,Corpsmember,False,False,,31199,31199,,7035,6225,0,0,13260,0,0,0,0,0,,https://www.calhr.ca.gov,,07/27/2021,,,True,
2020,State Department,"Conservation Corps, California",,Special Corpsmember,False,False,,34319,34319,,13207,0,0,0,13207,0,0,0,0,0,,https://www.calhr.ca.gov,,07/27/2021,,,True,
2020,State Department,"Conservation Corps, California",,Corpsmember,False,False,,31199,31199,,12390,810,0,0,13200,0,0,0,0,0,,https://www.calhr.ca.gov,,07/27/2021,,,True,
2020,State Department,"Conservation Corps, California",,Corpsmember,False,False,,31199,31199,,7035,6150,0,0,13185,0,0,0,0,0,,https://www.calhr.ca.gov,,07/27/2021,,,True,
2020,State Department,"Conservation Corps, California",,Corpsmember,False,False,,31199,31199,,6420,6690,75,0,13185,0,0,0,0,0,,https://www.calhr.ca.gov,,07/27/2021,,,True,
2020,State Department,"Conservation Corps, California",,Corpsmember,False,False,,31199,31199,,13020,0,150,0,13170,0,0,0,0,0,,https://www.calhr.ca.gov,,07/27/2021,,,True,
2020,State Department,"Conservation Corps, California",,Corpsmember,False,False,,31199,31199,,8775,4395,0,0,13170,0,0,0,0,0,,https://www.calhr.ca.gov,,07/27/2021,,,True,
2020,State Department,"Conservation Corps, California",,Corpsmember,False,False,,31199,31199,,8115,5040,0,0,13155,0,0,0,0,0,,https://www.calhr.ca.gov,,07/27/2021,,,True,
2020,State Department,"Conservation Corps, California",,Corpsmember,False,False,,31199,31199,,13155,0,0,0,13155,0,0,0,0,0,,https://www.calhr.ca.gov,,07/27/2021,,,True,
2020,State Department,"Conservation Corps, California",,Corpsmember,False,False,,31199,31199,,13155,0,0,0,13155,0,0,0,0,0,,https://www.calhr.ca.gov,,07/27/2021,,,True,
2020,State Department,"Conservation Corps, California",,Special Corpsmember,False,False,,34319,34319,,13126,0,0,0,13126,0,0,0,0,0,,https://www.calhr.ca.gov,,07/27/2021,,,True,
2020,State Department,"Conservation Corps, California",,Corpsmember,False,False,,31199,31199,,9150,3960,0,0,13110,0,0,0,0,0,,https://www.calhr.ca.gov,,07/27/2021,,,True,
2020,State Department,"Conservation Corps, California",,Corpsmember,False,False,,31199,31199,,7455,5640,0,0,13095,0,0,0,0,0,,https://www.calhr.ca.gov,,07/27/2021,,,True,
2020,State Department,"Conservation Corps, California",,Corpsmember,False,False,,31199,31199,,13080,0,0,0,13080,0,0,0,0,0,,https://www.calhr.ca.gov,,07/27/2021,,,True,
2020,State Department,"Conservation Corps, California",,Corpsmember,False,False,,31199,31199,,11310,1695,75,0,13080,0,0,0,0,0,,https://www.calhr.ca.gov,,07/27/2021,,,True,
2020,State Department,"Conservation Corps, California",,Corpsmember,False,False,,31199,31199,,11610,1455,0,0,13065,0,0,0,0,0,,https://www.calhr.ca.gov,,07/27/2021,,,True,
2020,State Department,"Conservation Corps, California",,Corpsmember,False,False,,31199,31199,,13035,0,0,0,13035,0,0,0,0,0,,https://www.calhr.ca.gov,,07/27/2021,,,True,
2020,State Department,"Conservation Corps, California",,Corpsmember,False,False,,31199,31199,,7095,5925,0,0,13020,0,0,0,0,0,,https://www.calhr.ca.gov,,07/27/2021,,,True,
2020,State Department,"Conservation Corps, California",,Corpsmember,False,False,,31199,31199,,12135,870,0,0,13005,0,0,0,0,0,,https://www.calhr.ca.gov,,07/27/2021,,,True,
2020,State Department,"Conservation Corps, California",,Corpsmember,False,False,,31199,31199,,9405,3555,0,0,12960,0,0,0,0,0,,https://www.calhr.ca.gov,,07/27/2021,,,True,
2020,State Department,"Conservation Corps, California",,Corpsmember,False,False,,31199,31199,,12960,0,0,0,12960,0,0,0,0,0,,https://www.calhr.ca.gov,,07/27/2021,,,True,
2020,State Department,"Conservation Corps, California",,Corpsmember,False,False,,31199,31199,,11910,1020,0,0,12930,0,0,0,0,0,,https://www.calhr.ca.gov,,07/27/2021,,,True,
2020,State Department,"Conservation Corps, California",,Corpsmember,False,False,,31199,31199,,12780,0,150,0,12930,0,0,0,0,0,,https://www.calhr.ca.gov,,07/27/2021,,,True,
2020,State Department,"Conservation Corps, California",,Corpsmember,False,False,,31199,31199,,12390,525,0,0,12915,0,0,0,0,0,,https://www.calhr.ca.gov,,07/27/2021,,,True,
2020,State Department,"Conservation Corps, California",,Corpsmember,False,False,,31199,31199,,6420,6495,0,0,12915,0,0,0,0,0,,https://www.calhr.ca.gov,,07/27/2021,,,True,
2020,State Department,"Conservation Corps, California",,Corpsmember,False,False,,31199,31199,,8970,3855,75,0,12900,0,0,0,0,0,,https://www.calhr.ca.gov,,07/27/2021,,,True,
2020,State Department,"Conservation Corps, California",,Corpsmember,False,False,,31199,31199,,10365,2520,0,0,12885,0,0,0,0,0,,https://www.calhr.ca.gov,,07/27/2021,,,True,
2020,State Department,"Conservation Corps, California",,Corpsmember,False,False,,31199,31199,,11460,1275,150,0,12885,0,0,0,0,0,,https://www.calhr.ca.gov,,07/27/2021,,,True,
2020,State Department,"Conservation Corps, California",,Corpsmember,False,False,,31199,31199,,12510,0,375,0,12885,0,0,0,0,0,,https://www.calhr.ca.gov,,07/27/2021,,,True,
2020,State Department,"Conservation Corps, California",,Corpsmember,False,False,,31199,31199,,5805,7005,75,0,12885,0,0,0,0,0,,https://www.calhr.ca.gov,,07/27/2021,,,True,
2020,State Department,"Conservation Corps, California",,Corpsmember,False,False,,31199,31199,,7395,5460,0,0,12855,0,0,0,0,0,,https://www.calhr.ca.gov,,07/27/2021,,,True,
2020,State Department,"Conservation Corps, California",,Corpsmember,False,False,,31199,31199,,9465,3375,0,0,12840,0,0,0,0,0,,https://www.calhr.ca.gov,,07/27/2021,,,True,
2020,State Department,"Conservation Corps, California",,Corpsmember,False,False,,31199,31199,,11655,1155,0,0,12810,0,0,0,0,0,,https://www.calhr.ca.gov,,07/27/2021,,,True,
2020,State Department,"Conservation Corps, California",,Corpsmember,False,False,,31199,31199,,12585,0,225,0,12810,0,0,0,0,0,,https://www.calhr.ca.gov,,07/27/2021,,,True,
2020,State Department,"Conservation Corps, California",,Corpsmember,False,False,,31199,31199,,11955,855,0,0,12810,0,0,0,0,0,,https://www.calhr.ca.gov,,07/27/2021,,,True,
2020,State Department,"Conservation Corps, California",,"Conservationist I, Range B",False,False,,46068,57000,,141,0,0,12659,12800,11106,0,0,22194,33300,2.50% @ 55,https://www.calhr.ca.gov,,07/27/2021,,,True,
2020,State Department,"Conservation Corps, California",,Corpsmember,False,False,,31199,31199,,6810,5910,75,0,12795,0,0,0,0,0,,https://www.calhr.ca.gov,,07/27/2021,,,True,
2020,State Department,"Conservation Corps, California",,Corpsmember,False,False,,31199,31199,,12795,0,0,0,12795,0,0,0,0,0,,https://www.calhr.ca.gov,,07/27/2021,,,True,
2020,State Department,"Conservation Corps, California",,Corpsmember,False,False,,31199,31199,,12705,0,75,0,12780,0,0,0,0,0,,https://www.calhr.ca.gov,,07/27/2021,,,True,
2020,State Department,"Conservation Corps, California",,Corpsmember,False,False,,31199,31199,,7035,5715,0,0,12750,0,0,0,0,0,,https://www.calhr.ca.gov,,07/27/2021,,,True,
2020,State Department,"Conservation Corps, California",,Corpsmember,False,False,,31199,31199,,9210,3525,0,0,12735,0,0,0,0,0,,https://www.calhr.ca.gov,,07/27/2021,,,True,
2020,State Department,"Conservation Corps, California",,Corpsmember,False,False,,31199,31199,,12720,0,0,0,12720,0,0,0,0,0,,https://www.calhr.ca.gov,,07/27/2021,,,True,
2020,State Department,"Conservation Corps, California",,Corpsmember,False,False,,31199,31199,,12705,0,0,0,12705,0,0,0,0,0,,https://www.calhr.ca.gov,,07/27/2021,,,True,
2020,State Department,"Conservation Corps, California",,Corpsmember,False,False,,31199,31199,,12075,615,0,0,12690,0,0,0,0,0,,https://www.calhr.ca.gov,,07/27/2021,,,True,
2020,State Department,"Conservation Corps, California",,Corpsmember,False,False,,31199,31199,,7035,5640,0,0,12675,0,0,0,0,0,,https://www.calhr.ca.gov,,07/27/2021,,,True,
2020,State Department,"Conservation Corps, California",,Corpsmember,False,False,,31199,31199,,6975,5685,0,0,12660,0,0,0,0,0,,https://www.calhr.ca.gov,,07/27/2021,,,True,
2020,State Department,"Conservation Corps, California",,Corpsmember,False,False,,31199,31199,,7920,4695,0,0,12615,0,0,0,0,0,,https://www.calhr.ca.gov,,07/27/2021,,,True,
2020,State Department,"Conservation Corps, California",,Corpsmember,False,False,,31199,31199,,7455,5145,0,0,12600,0,0,0,0,0,,https://www.calhr.ca.gov,,07/27/2021,,,True,
2020,State Department,"Conservation Corps, California",,Corpsmember,False,False,,31199,31199,,10935,1665,0,0,12600,0,0,0,0,0,,https://www.calhr.ca.gov,,07/27/2021,,,True,
2020,State Department,"Conservation Corps, California",,Corpsmember,False,False,,31199,31199,,12585,0,0,0,12585,0,0,0,0,0,,https://www.calhr.ca.gov,,07/27/2021,,,True,
2020,State Department,"Conservation Corps, California",,Corpsmember,False,False,,31199,31199,,7245,5265,75,0,12585,0,0,0,0,0,,https://www.calhr.ca.gov,,07/27/2021,,,True,
2020,State Department,"Conservation Corps, California",,Corpsmember,False,False,,31199,31199,,12510,0,75,0,12585,0,0,0,0,0,,https://www.calhr.ca.gov,,07/27/2021,,,True,
2020,State Department,"Conservation Corps, California",,Corpsmember,False,False,,31199,31199,,12585,0,0,0,12585,0,0,0,0,0,,https://www.calhr.ca.gov,,07/27/2021,,,True,
2020,State Department,"Conservation Corps, California",,Special Corpsmember,False,False,,34319,34319,,8742,0,3836,0,12578,0,0,0,0,0,,https://www.calhr.ca.gov,,07/27/2021,,,True,
2020,State Department,"Conservation Corps, California",,Corpsmember,False,False,,31199,31199,,12015,540,0,0,12555,0,0,0,0,0,,https://www.calhr.ca.gov,,07/27/2021,,,True,
2020,State Department,"Conservation Corps, California",,Special Corpsmember,False,False,,34319,34319,,12537,0,0,0,12537,0,0,0,0,0,,https://www.calhr.ca.gov,,07/27/2021,,,True,
2020,State Department,"Conservation Corps, California",,Corpsmember,False,False,,31199,31199,,8055,4395,75,0,12525,0,0,0,0,0,,https://www.calhr.ca.gov,,07/27/2021,,,True,
2020,State Department,"Conservation Corps, California",,Corpsmember,False,False,,31199,31199,,11505,1005,0,0,12510,0,0,0,0,0,,https://www.calhr.ca.gov,,07/27/2021,,,True,
2020,State Department,"Conservation Corps, California",,Corpsmember,False,False,,31199,31199,,12510,0,0,0,12510,0,0,0,0,0,,https://www.calhr.ca.gov,,07/27/2021,,,True,
2020,State Department,"Conservation Corps, California",,Corpsmember,False,False,,31199,31199,,7455,5055,0,0,12510,0,0,0,0,0,,https://www.calhr.ca.gov,,07/27/2021,,,True,
2020,State Department,"Conservation Corps, California",,Corpsmember,False,False,,31199,31199,,7455,5055,0,0,12510,0,0,0,0,0,,https://www.calhr.ca.gov,,07/27/2021,,,True,
2020,State Department,"Conservation Corps, California",,Corpsmember Promo 2,False,False,,32239,32239,,12199,0,310,0,12509,0,0,0,0,0,,https://www.calhr.ca.gov,,07/27/2021,,,True,
2020,State Department,"Conservation Corps, California",,Corpsmember,False,False,,31199,31199,,10575,1920,0,0,12495,0,0,0,0,0,,https://www.calhr.ca.gov,,07/27/2021,,,True,
2020,State Department,"Conservation Corps, California",,Corpsmember,False,False,,31199,31199,,5970,6450,75,0,12495,0,0,0,0,0,,https://www.calhr.ca.gov,,07/27/2021,,,True,
2020,State Department,"Conservation Corps, California",,Corpsmember,False,False,,31199,31199,,10335,2130,0,0,12465,0,0,0,0,0,,https://www.calhr.ca.gov,,07/27/2021,,,True,
2020,State Department,"Conservation Corps, California",,Special Corpsmember,False,False,,34319,34319,,10028,1048,1353,0,12428,0,0,0,0,0,,https://www.calhr.ca.gov,,07/27/2021,,,True,
2020,State Department,"Conservation Corps, California",,Corpsmember,False,False,,31199,31199,,11850,570,0,0,12420,0,0,0,0,0,,https://www.calhr.ca.gov,,07/27/2021,,,True,
2020,State Department,"Conservation Corps, California",,Corpsmember Promo 1,False,False,,31719,31719,,11468,946,0,0,12414,0,0,0,0,0,,https://www.calhr.ca.gov,,07/27/2021,,,True,
2020,State Department,"Conservation Corps, California",,Corpsmember,False,False,,31199,31199,,7035,5370,0,0,12405,0,0,0,0,0,,https://www.calhr.ca.gov,,07/27/2021,,,True,
2020,State Department,"Conservation Corps, California",,Corpsmember,False,False,,31199,31199,,12390,0,0,0,12390,0,0,0,0,0,,https://www.calhr.ca.gov,,07/27/2021,,,True,
2020,State Department,"Conservation Corps, California",,Corpsmember,False,False,,31199,31199,,7095,5295,0,0,12390,0,0,0,0,0,,https://www.calhr.ca.gov,,07/27/2021,,,True,
2020,State Department,"Conservation Corps, California",,Corpsmember,False,False,,31199,31199,,7654,0,0,4687,12340,0,0,0,0,0,,https://www.calhr.ca.gov,,07/27/2021,,,True,
2020,State Department,"Conservation Corps, California",,Corpsmember,False,False,,31199,31199,,11445,870,0,0,12315,0,0,0,0,0,,https://www.calhr.ca.gov,,07/27/2021,,,True,
2020,State Department,"Conservation Corps, California",,Corpsmember,False,False,,31199,31199,,12270,0,0,0,12270,0,0,0,0,0,,https://www.calhr.ca.gov,,07/27/2021,,,True,
2020,State Department,"Conservation Corps, California",,Corpsmember,False,False,,31199,31199,,11310,945,0,0,12255,0,0,0,0,0,,https://www.calhr.ca.gov,,07/27/2021,,,True,
2020,State Department,"Conservation Corps, California",,Corpsmember,False,False,,31199,31199,,8325,3915,0,0,12240,0,0,0,0,0,,https://www.calhr.ca.gov,,07/27/2021,,,True,
2020,State Department,"Conservation Corps, California",,Corpsmember,False,False,,31199,31199,,8325,3915,0,0,12240,0,0,0,0,0,,https://www.calhr.ca.gov,,07/27/2021,,,True,
2020,State Department,"Conservation Corps, California",,Corpsmember,False,False,,31199,31199,,8325,3915,0,0,12240,0,0,0,0,0,,https://www.calhr.ca.gov,,07/27/2021,,,True,
2020,State Department,"Conservation Corps, California",,Corpsmember,False,False,,31199,31199,,8325,3915,0,0,12240,0,0,0,0,0,,https://www.calhr.ca.gov,,07/27/2021,,,True,
2020,State Department,"Conservation Corps, California",,Corpsmember,False,False,,31199,31199,,8325,3915,0,0,12240,0,0,0,0,0,,https://www.calhr.ca.gov,,07/27/2021,,,True,
2020,State Department,"Conservation Corps, California",,Corpsmember,False,False,,31199,31199,,8325,3915,0,0,12240,0,0,0,0,0,,https://www.calhr.ca.gov,,07/27/2021,,,True,
2020,State Department,"Conservation Corps, California",,Corpsmember,False,False,,31199,31199,,8325,3915,0,0,12240,0,0,0,0,0,,https://www.calhr.ca.gov,,07/27/2021,,,True,
2020,State Department,"Conservation Corps, California",,Corpsmember,False,False,,31199,31199,,10395,1845,0,0,12240,0,0,0,0,0,,https://www.calhr.ca.gov,,07/27/2021,,,True,
2020,State Department,"Conservation Corps, California",,Special Corpsmember,False,False,,34319,34319,,12226,0,0,0,12226,0,0,0,0,0,,https://www.calhr.ca.gov,,07/27/2021,,,True,
2020,State Department,"Conservation Corps, California",,Corpsmember,False,False,,31199,31199,,12210,0,0,0,12210,0,0,0,0,0,,https://www.calhr.ca.gov,,07/27/2021,,,True,
2020,State Department,"Conservation Corps, California",,Corpsmember,False,False,,31199,31199,,11430,690,75,0,12195,0,0,0,0,0,,https://www.calhr.ca.gov,,07/27/2021,,,True,
2020,State Department,"Conservation Corps, California",,Corpsmember Promo 1,False,False,Senior Maintenance Aide (Seasonal),31719,31719,,12189,0,0,0,12189,0,0,0,0,0,,https://www.calhr.ca.gov,,07/27/2021,,,True,
2020,State Department,"Conservation Corps, California",,Corpsmember,False,False,,31199,31199,,7125,4980,75,0,12180,0,0,0,0,0,,https://www.calhr.ca.gov,,07/27/2021,,,True,
2020,State Department,"Conservation Corps, California",,Corpsmember,False,False,,31199,31199,,7500,4680,0,0,12180,0,0,0,0,0,,https://www.calhr.ca.gov,,07/27/2021,,,True,
2020,State Department,"Conservation Corps, California",,Corpsmember,False,False,,31199,31199,,10635,1530,0,0,12165,0,0,0,0,0,,https://www.calhr.ca.gov,,07/27/2021,,,True,
2020,State Department,"Conservation Corps, California",,Corpsmember,False,False,,31199,31199,,7035,5130,0,0,12165,0,0,0,0,0,,https://www.calhr.ca.gov,,07/27/2021,,,True,
2020,State Department,"Conservation Corps, California",,Corpsmember,False,False,,31199,31199,,10035,2115,0,0,12150,0,0,0,0,0,,https://www.calhr.ca.gov,,07/27/2021,,,True,
2020,State Department,"Conservation Corps, California",,Corpsmember,False,False,,31199,31199,,6795,5280,75,0,12150,0,0,0,0,0,,https://www.calhr.ca.gov,,07/27/2021,,,True,
2020,State Department,"Conservation Corps, California",,Corpsmember,False,False,,31199,31199,,6915,5220,0,0,12135,0,0,0,0,0,,https://www.calhr.ca.gov,,07/27/2021,,,True,
2020,State Department,"Conservation Corps, California",,Corpsmember,False,False,,31199,31199,,6975,5160,0,0,12135,0,0,0,0,0,,https://www.calhr.ca.gov,,07/27/2021,,,True,
2020,State Department,"Conservation Corps, California",,Corpsmember,False,False,,31199,31199,,6915,5220,0,0,12135,0,0,0,0,0,,https://www.calhr.ca.gov,,07/27/2021,,,True,
2020,State Department,"Conservation Corps, California",,Corpsmember,False,False,,31199,31199,,8325,3795,0,0,12120,0,0,0,0,0,,https://www.calhr.ca.gov,,07/27/2021,,,True,
2020,State Department,"Conservation Corps, California",,Corpsmember,False,False,,31199,31199,,8160,3855,75,0,12090,0,0,0,0,0,,https://www.calhr.ca.gov,,07/27/2021,,,True,
2020,State Department,"Conservation Corps, California",,Corpsmember,False,False,,31199,31199,,11955,90,0,0,12045,0,0,0,0,0,,https://www.calhr.ca.gov,,07/27/2021,,,True,
2020,State Department,"Conservation Corps, California",,Corpsmember,False,False,,31199,31199,,6060,5985,0,0,12045,0,0,0,0,0,,https://www.calhr.ca.gov,,07/27/2021,,,True,
2020,State Department,"Conservation Corps, California",,Corpsmember,False,False,,31199,31199,,12030,0,0,0,12030,0,0,0,0,0,,https://www.calhr.ca.gov,,07/27/2021,,,True,
2020,State Department,"Conservation Corps, California",,Corpsmember,False,False,,31199,31199,,12030,0,0,0,12030,0,0,0,0,0,,https://www.calhr.ca.gov,,07/27/2021,,,True,
2020,State Department,"Conservation Corps, California",,Corpsmember,False,False,,31199,31199,,12015,0,0,0,12015,0,0,0,0,0,,https://www.calhr.ca.gov,,07/27/2021,,,True,
2020,State Department,"Conservation Corps, California",,Corpsmember,False,False,,31199,31199,,11430,570,0,0,12000,0,0,0,0,0,,https://www.calhr.ca.gov,,07/27/2021,,,True,
2020,State Department,"Conservation Corps, California",,Corpsmember,False,False,,31199,31199,,6615,5280,75,0,11970,0,0,0,0,0,,https://www.calhr.ca.gov,,07/27/2021,,,True,
2020,State Department,"Conservation Corps, California",,Corpsmember,False,False,,31199,31199,,8775,3195,0,0,11970,0,0,0,0,0,,https://www.calhr.ca.gov,,07/27/2021,,,True,
2020,State Department,"Conservation Corps, California",,Corpsmember,False,False,,31199,31199,,7455,4500,0,0,11955,0,0,0,0,0,,https://www.calhr.ca.gov,,07/27/2021,,,True,
2020,State Department,"Conservation Corps, California",,Corpsmember,False,False,,31199,31199,,10635,1260,0,0,11895,0,0,0,0,0,,https://www.calhr.ca.gov,,07/27/2021,,,True,
2020,State Department,"Conservation Corps, California",,Corpsmember,False,False,,31199,31199,,11895,0,0,0,11895,0,0,0,0,0,,https://www.calhr.ca.gov,,07/27/2021,,,True,
2020,State Department,"Conservation Corps, California",,Corpsmember,False,False,,31199,31199,,10980,870,0,0,11850,0,0,0,0,0,,https://www.calhr.ca.gov,,07/27/2021,,,True,
2020,State Department,"Conservation Corps, California",,Corpsmember,False,False,,31199,31199,,7380,4395,75,0,11850,0,0,0,0,0,,https://www.calhr.ca.gov,,07/27/2021,,,True,
2020,State Department,"Conservation Corps, California",,Corpsmember,False,False,,31199,31199,,11340,510,0,0,11850,0,0,0,0,0,,https://www.calhr.ca.gov,,07/27/2021,,,True,
2020,State Department,"Conservation Corps, California",,Corpsmember,False,False,,31199,31199,,10755,1080,0,0,11835,0,0,0,0,0,,https://www.calhr.ca.gov,,07/27/2021,,,True,
2020,State Department,"Conservation Corps, California",,Corpsmember,False,False,,31199,31199,,11835,0,0,0,11835,0,0,0,0,0,,https://www.calhr.ca.gov,,07/27/2021,,,True,
2020,State Department,"Conservation Corps, California",,Corpsmember,False,False,,31199,31199,,11370,435,0,0,11805,0,0,0,0,0,,https://www.calhr.ca.gov,,07/27/2021,,,True,
2020,State Department,"Conservation Corps, California",,Corpsmember,False,False,,31199,31199,,7035,4770,0,0,11805,0,0,0,0,0,,https://www.calhr.ca.gov,,07/27/2021,,,True,
2020,State Department,"Conservation Corps, California",,Corpsmember,False,False,,31199,31199,,11670,0,75,0,11745,0,0,0,0,0,,https://www.calhr.ca.gov,,07/27/2021,,,True,
2020,State Department,"Conservation Corps, California",,Corpsmember,False,False,,31199,31199,,7470,4260,0,0,11730,0,0,0,0,0,,https://www.calhr.ca.gov,,07/27/2021,,,True,
2020,State Department,"Conservation Corps, California",,Corpsmember,False,False,,31199,31199,,10875,840,0,0,11715,0,0,0,0,0,,https://www.calhr.ca.gov,,07/27/2021,,,True,
2020,State Department,"Conservation Corps, California",,Corpsmember,False,False,,31199,31199,,10440,1275,0,0,11715,0,0,0,0,0,,https://www.calhr.ca.gov,,07/27/2021,,,True,
2020,State Department,"Conservation Corps, California",,Corpsmember,False,False,,31199,31199,,7455,4260,0,0,11715,0,0,0,0,0,,https://www.calhr.ca.gov,,07/27/2021,,,True,
2020,State Department,"Conservation Corps, California",,Corpsmember Promo 1,False,False,,31719,31719,,11712,0,0,0,11712,0,0,0,0,0,,https://www.calhr.ca.gov,,07/27/2021,,,True,
2020,State Department,"Conservation Corps, California",,Corpsmember,False,False,,31199,31199,,7785,3915,0,0,11700,0,0,0,0,0,,https://www.calhr.ca.gov,,07/27/2021,,,True,
2020,State Department,"Conservation Corps, California",,Special Corpsmember,False,False,,34319,34319,,11509,179,0,0,11688,0,0,0,0,0,,https://www.calhr.ca.gov,,07/27/2021,,,True,
2020,State Department,"Conservation Corps, California",,Corpsmember,False,False,,31199,31199,,11685,0,0,0,11685,0,0,0,0,0,,https://www.calhr.ca.gov,,07/27/2021,,,True,
2020,State Department,"Conservation Corps, California",,Corpsmember,False,False,,31199,31199,,11655,30,0,0,11685,0,0,0,0,0,,https://www.calhr.ca.gov,,07/27/2021,,,True,
2020,State Department,"Conservation Corps, California",,Special Corpsmember,False,False,,34319,34319,,9856,418,1403,0,11676,0,0,0,0,0,,https://www.calhr.ca.gov,,07/27/2021,,,True,
2020,State Department,"Conservation Corps, California",,Corpsmember,False,False,,31199,31199,,10890,780,0,0,11670,0,0,0,0,0,,https://www.calhr.ca.gov,,07/27/2021,,,True,
2020,State Department,"Conservation Corps, California",,Corpsmember Promo 1,False,False,,31719,31719,,11661,0,0,0,11661,0,0,0,0,0,,https://www.calhr.ca.gov,,07/27/2021,,,True,
2020,State Department,"Conservation Corps, California",,Corpsmember,False,False,,31199,31199,,10755,900,0,0,11655,0,0,0,0,0,,https://www.calhr.ca.gov,,07/27/2021,,,True,
2020,State Department,"Conservation Corps, California",,Corpsmember,False,False,,31199,31199,,5370,6210,75,0,11655,0,0,0,0,0,,https://www.calhr.ca.gov,,07/27/2021,,,True,
2020,State Department,"Conservation Corps, California",,Corpsmember,False,False,,31199,31199,,7455,4200,0,0,11655,0,0,0,0,0,,https://www.calhr.ca.gov,,07/27/2021,,,True,
2020,State Department,"Conservation Corps, California",,Corpsmember,False,False,,31199,31199,,11430,0,225,0,11655,0,0,0,0,0,,https://www.calhr.ca.gov,,07/27/2021,,,True,
2020,State Department,"Conservation Corps, California",,Corpsmember,False,False,,31199,31199,,7455,4200,0,0,11655,0,0,0,0,0,,https://www.calhr.ca.gov,,07/27/2021,,,True,
2020,State Department,"Conservation Corps, California",,Corpsmember,False,False,,31199,31199,,7455,4200,0,0,11655,0,0,0,0,0,,https://www.calhr.ca.gov,,07/27/2021,,,True,
2020,State Department,"Conservation Corps, California",,Corpsmember,False,False,,31199,31199,,9465,2175,0,0,11640,0,0,0,0,0,,https://www.calhr.ca.gov,,07/27/2021,,,True,
2020,State Department,"Conservation Corps, California",,Corpsmember,False,False,,31199,31199,,7830,3795,0,0,11625,0,0,0,0,0,,https://www.calhr.ca.gov,,07/27/2021,,,True,
2020,State Department,"Conservation Corps, California",,Corpsmember,False,False,,31199,31199,,6120,5505,0,0,11625,0,0,0,0,0,,https://www.calhr.ca.gov,,07/27/2021,,,True,
2020,State Department,"Conservation Corps, California",,Corpsmember,False,False,,31199,31199,,10845,765,0,0,11610,0,0,0,0,0,,https://www.calhr.ca.gov,,07/27/2021,,,True,
2020,State Department,"Conservation Corps, California",,Corpsmember,False,False,,31199,31199,,10995,585,0,0,11580,0,0,0,0,0,,https://www.calhr.ca.gov,,07/27/2021,,,True,
2020,State Department,"Conservation Corps, California",,Corpsmember,False,False,,31199,31199,,10995,585,0,0,11580,0,0,0,0,0,,https://www.calhr.ca.gov,,07/27/2021,,,True,
2020,State Department,"Conservation Corps, California",,Corpsmember,False,False,,31199,31199,,6915,4665,0,0,11580,0,0,0,0,0,,https://www.calhr.ca.gov,,07/27/2021,,,True,
2020,State Department,"Conservation Corps, California",,Corpsmember,False,False,,31199,31199,,9465,2115,0,0,11580,0,0,0,0,0,,https://www.calhr.ca.gov,,07/27/2021,,,True,
2020,State Department,"Conservation Corps, California",,Corpsmember,False,False,,31199,31199,,11430,0,150,0,11580,0,0,0,0,0,,https://www.calhr.ca.gov,,07/27/2021,,,True,
2020,State Department,"Conservation Corps, California",,Corpsmember,False,False,,31199,31199,,7035,4530,0,0,11565,0,0,0,0,0,,https://www.calhr.ca.gov,,07/27/2021,,,True,
2020,State Department,"Conservation Corps, California",,Corpsmember,False,False,,31199,31199,,11565,0,0,0,11565,0,0,0,0,0,,https://www.calhr.ca.gov,,07/27/2021,,,True,
2020,State Department,"Conservation Corps, California",,Corpsmember,False,False,,31199,31199,,11100,435,0,0,11535,0,0,0,0,0,,https://www.calhr.ca.gov,,07/27/2021,,,True,
2020,State Department,"Conservation Corps, California",,Corpsmember Promo 1,False,False,,31719,31719,,10599,854,76,0,11529,0,0,0,0,0,,https://www.calhr.ca.gov,,07/27/2021,,,True,
2020,State Department,"Conservation Corps, California",,Special Corpsmember,False,False,,34319,34319,,11484,29,0,0,11513,0,0,0,0,0,,https://www.calhr.ca.gov,,07/27/2021,,,True,
2020,State Department,"Conservation Corps, California",,Corpsmember,False,False,,31199,31199,,11505,0,0,0,11505,0,0,0,0,0,,https://www.calhr.ca.gov,,07/27/2021,,,True,
2020,State Department,"Conservation Corps, California",,Corpsmember,False,False,,31199,31199,,7455,4035,0,0,11490,0,0,0,0,0,,https://www.calhr.ca.gov,,07/27/2021,,,True,
2020,State Department,"Conservation Corps, California",,Corpsmember,False,False,,31199,31199,,10815,660,0,0,11475,0,0,0,0,0,,https://www.calhr.ca.gov,,07/27/2021,,,True,
2020,State Department,"Conservation Corps, California",,Corpsmember,False,False,,31199,31199,,11190,270,0,0,11460,0,0,0,0,0,,https://www.calhr.ca.gov,,07/27/2021,,,True,
2020,State Department,"Conservation Corps, California",,Corpsmember,False,False,,31199,31199,,11190,255,0,0,11445,0,0,0,0,0,,https://www.calhr.ca.gov,,07/27/2021,,,True,
2020,State Department,"Conservation Corps, California",,Corpsmember,False,False,,31199,31199,,11445,0,0,0,11445,0,0,0,0,0,,https://www.calhr.ca.gov,,07/27/2021,,,True,
2020,State Department,"Conservation Corps, California",,"Conservationist I, Range A",False,False,,35880,43644,,11261,181,0,0,11442,786,0,0,49,835,2.50% @ 55,https://www.calhr.ca.gov,,07/27/2021,,,True,
2020,State Department,"Conservation Corps, California",,Corpsmember,False,False,,31199,31199,,11430,0,0,0,11430,0,0,0,0,0,,https://www.calhr.ca.gov,,07/27/2021,,,True,
2020,State Department,"Conservation Corps, California",,Corpsmember,False,False,,31199,31199,,11250,0,150,0,11400,0,0,0,0,0,,https://www.calhr.ca.gov,,07/27/2021,,,True,
2020,State Department,"Conservation Corps, California",,Corpsmember Promo 1,False,False,,31719,31719,,11375,0,0,0,11375,0,0,0,0,0,,https://www.calhr.ca.gov,,07/27/2021,,,True,
2020,State Department,"Conservation Corps, California",,Corpsmember,False,False,,31199,31199,,11310,30,0,0,11340,0,0,0,0,0,,https://www.calhr.ca.gov,,07/27/2021,,,True,
2020,State Department,"Conservation Corps, California",,Corpsmember,False,False,,31199,31199,,11250,0,75,0,11325,0,0,0,0,0,,https://www.calhr.ca.gov,,07/27/2021,,,True,
2020,State Department,"Conservation Corps, California",,Corpsmember,False,False,,31199,31199,,6930,4395,0,0,11325,0,0,0,0,0,,https://www.calhr.ca.gov,,07/27/2021,,,True,
2020,State Department,"Conservation Corps, California",,Corpsmember,False,False,,31199,31199,,11325,0,0,0,11325,0,0,0,0,0,,https://www.calhr.ca.gov,,07/27/2021,,,True,
2020,State Department,"Conservation Corps, California",,Corpsmember,False,False,,31199,31199,,11250,0,75,0,11325,0,0,0,0,0,,https://www.calhr.ca.gov,,07/27/2021,,,True,
2020,State Department,"Conservation Corps, California",,Corpsmember,False,False,,31199,31199,,11310,0,0,0,11310,0,0,0,0,0,,https://www.calhr.ca.gov,,07/27/2021,,,True,
2020,State Department,"Conservation Corps, California",,Corpsmember,False,False,,31199,31199,,11070,240,0,0,11310,0,0,0,0,0,,https://www.calhr.ca.gov,,07/27/2021,,,True,
2020,State Department,"Conservation Corps, California",,Corpsmember,False,False,,31199,31199,,11310,0,0,0,11310,0,0,0,0,0,,https://www.calhr.ca.gov,,07/27/2021,,,True,
2020,State Department,"Conservation Corps, California",,Corpsmember,False,False,,31199,31199,,7455,3855,0,0,11310,0,0,0,0,0,,https://www.calhr.ca.gov,,07/27/2021,,,True,
2020,State Department,"Conservation Corps, California",,Corpsmember,False,False,,31199,31199,,6330,4965,0,0,11295,0,0,0,0,0,,https://www.calhr.ca.gov,,07/27/2021,,,True,
2020,State Department,"Conservation Corps, California",,Special Corpsmember,False,False,,34319,34319,,10723,0,569,0,11292,0,0,0,0,0,,https://www.calhr.ca.gov,,07/27/2021,,,True,
2020,State Department,"Conservation Corps, California",,Corpsmember,False,False,,31199,31199,,7095,4170,0,0,11265,0,0,0,0,0,,https://www.calhr.ca.gov,,07/27/2021,,,True,
2020,State Department,"Conservation Corps, California",,Corpsmember,False,False,,31199,31199,,11190,0,75,0,11265,0,0,0,0,0,,https://www.calhr.ca.gov,,07/27/2021,,,True,
2020,State Department,"Conservation Corps, California",,Corpsmember,False,False,,31199,31199,,4965,6225,75,0,11265,0,0,0,0,0,,https://www.calhr.ca.gov,,07/27/2021,,,True,
2020,State Department,"Conservation Corps, California",,Corpsmember,False,False,,31199,31199,,11235,0,0,0,11235,0,0,0,0,0,,https://www.calhr.ca.gov,,07/27/2021,,,True,
2020,State Department,"Conservation Corps, California",,Corpsmember,False,False,,31199,31199,,9150,2055,0,0,11205,0,0,0,0,0,,https://www.calhr.ca.gov,,07/27/2021,,,True,
2020,State Department,"Conservation Corps, California",,Special Corpsmember,False,False,,34319,34319,,11044,155,0,0,11199,0,0,0,0,0,,https://www.calhr.ca.gov,,07/27/2021,,,True,
2020,State Department,"Conservation Corps, California",,Corpsmember,False,False,,31199,31199,,11190,0,0,0,11190,0,0,0,0,0,,https://www.calhr.ca.gov,,07/27/2021,,,True,
2020,State Department,"Conservation Corps, California",,Corpsmember,False,False,,31199,31199,,7455,3735,0,0,11190,0,0,0,0,0,,https://www.calhr.ca.gov,,07/27/2021,,,True,
2020,State Department,"Conservation Corps, California",,Special Corpsmember,False,False,,34319,34319,,9908,1275,0,0,11183,0,0,0,0,0,,https://www.calhr.ca.gov,,07/27/2021,,,True,
2020,State Department,"Conservation Corps, California",,Corpsmember,False,False,,31199,31199,,8325,2850,0,0,11175,0,0,0,0,0,,https://www.calhr.ca.gov,,07/27/2021,,,True,
2020,State Department,"Conservation Corps, California",,Corpsmember,False,False,,31199,31199,,8085,3090,0,0,11175,0,0,0,0,0,,https://www.calhr.ca.gov,,07/27/2021,,,True,
2020,State Department,"Conservation Corps, California",,Corpsmember,False,False,,31199,31199,,7440,3720,0,0,11160,0,0,0,0,0,,https://www.calhr.ca.gov,,07/27/2021,,,True,
2020,State Department,"Conservation Corps, California",,Corpsmember,False,False,,31199,31199,,10275,825,0,0,11100,0,0,0,0,0,,https://www.calhr.ca.gov,,07/27/2021,,,True,
2020,State Department,"Conservation Corps, California",,Corpsmember,False,False,,31199,31199,,6120,4965,0,0,11085,0,0,0,0,0,,https://www.calhr.ca.gov,,07/27/2021,,,True,
2020,State Department,"Conservation Corps, California",,Corpsmember,False,False,,31199,31199,,6975,4095,0,0,11070,0,0,0,0,0,,https://www.calhr.ca.gov,,07/27/2021,,,True,
2020,State Department,"Conservation Corps, California",,Corpsmember,False,False,,31199,31199,,9675,1350,0,0,11025,0,0,0,0,0,,https://www.calhr.ca.gov,,07/27/2021,,,True,
2020,State Department,"Conservation Corps, California",,Corpsmember,False,False,,31199,31199,,10440,570,0,0,11010,0,0,0,0,0,,https://www.calhr.ca.gov,,07/27/2021,,,True,
2020,State Department,"Conservation Corps, California",,Corpsmember,False,False,,31199,31199,,10635,375,0,0,11010,0,0,0,0,0,,https://www.calhr.ca.gov,,07/27/2021,,,True,
2020,State Department,"Conservation Corps, California",,Corpsmember,False,False,,31199,31199,,10275,720,0,0,10995,0,0,0,0,0,,https://www.calhr.ca.gov,,07/27/2021,,,True,
2020,State Department,"Conservation Corps, California",,Corpsmember,False,False,,31199,31199,,7035,3960,0,0,10995,0,0,0,0,0,,https://www.calhr.ca.gov,,07/27/2021,,,True,
2020,State Department,"Conservation Corps, California",,Corpsmember,False,False,,31199,31199,,10995,0,0,0,10995,0,0,0,0,0,,https://www.calhr.ca.gov,,07/27/2021,,,True,
2020,State Department,"Conservation Corps, California",,Corpsmember,False,False,,31199,31199,,10995,0,0,0,10995,0,0,0,0,0,,https://www.calhr.ca.gov,,07/27/2021,,,True,
2020,State Department,"Conservation Corps, California",,Corpsmember,False,False,,31199,31199,,10890,90,0,0,10980,0,0,0,0,0,,https://www.calhr.ca.gov,,07/27/2021,,,True,
2020,State Department,"Conservation Corps, California",,Corpsmember,False,False,,31199,31199,,10245,300,375,0,10920,0,0,0,0,0,,https://www.calhr.ca.gov,,07/27/2021,,,True,
2020,State Department,"Conservation Corps, California",,Corpsmember,False,False,,31199,31199,,5475,5340,75,0,10890,0,0,0,0,0,,https://www.calhr.ca.gov,,07/27/2021,,,True,
2020,State Department,"Conservation Corps, California",,Corpsmember,False,False,,31199,31199,,6495,4395,0,0,10890,0,0,0,0,0,,https://www.calhr.ca.gov,,07/27/2021,,,True,
2020,State Department,"Conservation Corps, California",,Corpsmember,False,False,,31199,31199,,6675,4200,0,0,10875,0,0,0,0,0,,https://www.calhr.ca.gov,,07/27/2021,,,True,
2020,State Department,"Conservation Corps, California",,Corpsmember,False,False,,31199,31199,,10815,0,0,0,10815,0,0,0,0,0,,https://www.calhr.ca.gov,,07/27/2021,,,True,
2020,State Department,"Conservation Corps, California",,Corpsmember,False,False,,31199,31199,,10815,0,0,0,10815,0,0,0,0,0,,https://www.calhr.ca.gov,,07/27/2021,,,True,
2020,State Department,"Conservation Corps, California",,Corpsmember,False,False,,31199,31199,,10395,105,300,0,10800,0,0,0,0,0,,https://www.calhr.ca.gov,,07/27/2021,,,True,
2020,State Department,"Conservation Corps, California",,Corpsmember,False,False,,31199,31199,,9045,1680,75,0,10800,0,0,0,0,0,,https://www.calhr.ca.gov,,07/27/2021,,,True,
2020,State Department,"Conservation Corps, California",,Corpsmember,False,False,,31199,31199,,10695,0,75,0,10770,0,0,0,0,0,,https://www.calhr.ca.gov,,07/27/2021,,,True,
2020,State Department,"Conservation Corps, California",,Corpsmember,False,False,,31199,31199,,8775,1980,0,0,10755,0,0,0,0,0,,https://www.calhr.ca.gov,,07/27/2021,,,True,
2020,State Department,"Conservation Corps, California",,Corpsmember,False,False,,31199,31199,,10755,0,0,0,10755,0,0,0,0,0,,https://www.calhr.ca.gov,,07/27/2021,,,True,
2020,State Department,"Conservation Corps, California",,"Conservationist I, Range A",False,False,,35880,43644,,9433,371,687,238,10729,2231,0,0,617,2848,2.50% @ 55,https://www.calhr.ca.gov,,07/27/2021,,,True,
2020,State Department,"Conservation Corps, California",,Corpsmember,False,False,,31199,31199,,5370,5280,75,0,10725,0,0,0,0,0,,https://www.calhr.ca.gov,,07/27/2021,,,True,
2020,State Department,"Conservation Corps, California",,"Maintenance Mechanic, Range A",False,False,,54384,62664,,10712,0,0,0,10712,3146,0,0,21,3167,2.00% @ 55,https://www.calhr.ca.gov,,07/27/2021,,,True,
2020,State Department,"Conservation Corps, California",,Corpsmember,False,False,,31199,31199,,4830,5880,0,0,10710,0,0,0,0,0,,https://www.calhr.ca.gov,,07/27/2021,,,True,
2020,State Department,"Conservation Corps, California",,Corpsmember Promo 1,False,False,,31719,31719,,9760,31,915,0,10706,0,0,0,0,0,,https://www.calhr.ca.gov,,07/27/2021,,,True,
2020,State Department,"Conservation Corps, California",,Corpsmember,False,False,,31199,31199,,10215,480,0,0,10695,0,0,0,0,0,,https://www.calhr.ca.gov,,07/27/2021,,,True,
2020,State Department,"Conservation Corps, California",,Corpsmember,False,False,,31199,31199,,10695,0,0,0,10695,0,0,0,0,0,,https://www.calhr.ca.gov,,07/27/2021,,,True,
2020,State Department,"Conservation Corps, California",,Corpsmember,False,False,,31199,31199,,10695,0,0,0,10695,0,0,0,0,0,,https://www.calhr.ca.gov,,07/27/2021,,,True,
2020,State Department,"Conservation Corps, California",,Corpsmember Promo 1,False,False,,31719,31719,,10213,0,458,0,10670,0,0,0,0,0,,https://www.calhr.ca.gov,,07/27/2021,,,True,
2020,State Department,"Conservation Corps, California",,Corpsmember,False,False,,31199,31199,,10635,0,0,0,10635,0,0,0,0,0,,https://www.calhr.ca.gov,,07/27/2021,,,True,
2020,State Department,"Conservation Corps, California",,Corpsmember,False,False,,31199,31199,,10275,360,0,0,10635,0,0,0,0,0,,https://www.calhr.ca.gov,,07/27/2021,,,True,
2020,State Department,"Conservation Corps, California",,Corpsmember,False,False,,31199,31199,,10635,0,0,0,10635,0,0,0,0,0,,https://www.calhr.ca.gov,,07/27/2021,,,True,
2020,State Department,"Conservation Corps, California",,Corpsmember,False,False,,31199,31199,,7035,3585,0,0,10620,0,0,0,0,0,,https://www.calhr.ca.gov,,07/27/2021,,,True,
2020,State Department,"Conservation Corps, California",,Corpsmember,False,False,,31199,31199,,10605,0,0,0,10605,0,0,0,0,0,,https://www.calhr.ca.gov,,07/27/2021,,,True,
2020,State Department,"Conservation Corps, California",,Corpsmember,False,False,,31199,31199,,8700,1590,300,0,10590,0,0,0,0,0,,https://www.calhr.ca.gov,,07/27/2021,,,True,
2020,State Department,"Conservation Corps, California",,Corpsmember,False,False,,31199,31199,,7455,3120,0,0,10575,0,0,0,0,0,,https://www.calhr.ca.gov,,07/27/2021,,,True,
2020,State Department,"Conservation Corps, California",,Corpsmember,False,False,,31199,31199,,8415,2160,0,0,10575,0,0,0,0,0,,https://www.calhr.ca.gov,,07/27/2021,,,True,
2020,State Department,"Conservation Corps, California",,Corpsmember,False,False,,31199,31199,,10575,0,0,0,10575,0,0,0,0,0,,https://www.calhr.ca.gov,,07/27/2021,,,True,
2020,State Department,"Conservation Corps, California",,Corpsmember,False,False,,31199,31199,,4815,5685,75,0,10575,0,0,0,0,0,,https://www.calhr.ca.gov,,07/27/2021,,,True,
2020,State Department,"Conservation Corps, California",,Corpsmember,False,False,,31199,31199,,4830,5715,0,0,10545,0,0,0,0,0,,https://www.calhr.ca.gov,,07/27/2021,,,True,
2020,State Department,"Conservation Corps, California",,Corpsmember,False,False,,31199,31199,,4770,5610,150,0,10530,0,0,0,0,0,,https://www.calhr.ca.gov,,07/27/2021,,,True,
2020,State Department,"Conservation Corps, California",,Corpsmember,False,False,,31199,31199,,5250,5190,75,0,10515,0,0,0,0,0,,https://www.calhr.ca.gov,,07/27/2021,,,True,
2020,State Department,"Conservation Corps, California",,Corpsmember,False,False,,31199,31199,,10515,0,0,0,10515,0,0,0,0,0,,https://www.calhr.ca.gov,,07/27/2021,,,True,
2020,State Department,"Conservation Corps, California",,Corpsmember,False,False,,31199,31199,,10515,0,0,0,10515,0,0,0,0,0,,https://www.calhr.ca.gov,,07/27/2021,,,True,
2020,State Department,"Conservation Corps, California",,Corpsmember,False,False,,31199,31199,,10515,0,0,0,10515,0,0,0,0,0,,https://www.calhr.ca.gov,,07/27/2021,,,True,
2020,State Department,"Conservation Corps, California",,Corpsmember Promo 1,False,False,,31719,31719,,10416,0,76,0,10492,0,0,0,0,0,,https://www.calhr.ca.gov,,07/27/2021,,,True,
2020,State Department,"Conservation Corps, California",,Corpsmember Promo 1,False,False,,31719,31719,,10462,0,0,0,10462,0,0,0,0,0,,https://www.calhr.ca.gov,,07/27/2021,,,True,
2020,State Department,"Conservation Corps, California",,Corpsmember,False,False,,31199,31199,,9030,1425,0,0,10455,0,0,0,0,0,,https://www.calhr.ca.gov,,07/27/2021,,,True,
2020,State Department,"Conservation Corps, California",,Corpsmember,False,False,,31199,31199,,10455,0,0,0,10455,0,0,0,0,0,,https://www.calhr.ca.gov,,07/27/2021,,,True,
2020,State Department,"Conservation Corps, California",,Corpsmember Promo 2,False,False,,32239,32239,,10454,0,0,0,10454,0,0,0,0,0,,https://www.calhr.ca.gov,,07/27/2021,,,True,
2020,State Department,"Conservation Corps, California",,Corpsmember,False,False,,31199,31199,,5070,5295,75,0,10440,0,0,0,0,0,,https://www.calhr.ca.gov,,07/27/2021,,,True,
2020,State Department,"Conservation Corps, California",,Corpsmember,False,False,,31199,31199,,10425,0,0,0,10425,0,0,0,0,0,,https://www.calhr.ca.gov,,07/27/2021,,,True,
2020,State Department,"Conservation Corps, California",,Corpsmember,False,False,,31199,31199,,10395,0,0,0,10395,0,0,0,0,0,,https://www.calhr.ca.gov,,07/27/2021,,,True,
2020,State Department,"Conservation Corps, California",,Corpsmember,False,False,,31199,31199,,9915,480,0,0,10395,0,0,0,0,0,,https://www.calhr.ca.gov,,07/27/2021,,,True,
2020,State Department,"Conservation Corps, California",,Corpsmember,False,False,,31199,31199,,9210,1185,0,0,10395,0,0,0,0,0,,https://www.calhr.ca.gov,,07/27/2021,,,True,
2020,State Department,"Conservation Corps, California",,Corpsmember,False,False,,31199,31199,,5280,5115,0,0,10395,0,0,0,0,0,,https://www.calhr.ca.gov,,07/27/2021,,,True,
2020,State Department,"Conservation Corps, California",,Corpsmember,False,False,,31199,31199,,10395,0,0,0,10395,0,0,0,0,0,,https://www.calhr.ca.gov,,07/27/2021,,,True,
2020,State Department,"Conservation Corps, California",,Corpsmember,False,False,,31199,31199,,10275,0,75,0,10350,0,0,0,0,0,,https://www.calhr.ca.gov,,07/27/2021,,,True,
2020,State Department,"Conservation Corps, California",,Corpsmember,False,False,,31199,31199,,7260,3015,75,0,10350,0,0,0,0,0,,https://www.calhr.ca.gov,,07/27/2021,,,True,
2020,State Department,"Conservation Corps, California",,Special Corpsmember,False,False,,34319,34319,,9908,74,347,0,10329,0,0,0,0,0,,https://www.calhr.ca.gov,,07/27/2021,,,True,
2020,State Department,"Conservation Corps, California",,Corpsmember,False,False,,31199,31199,,5280,5025,0,0,10305,0,0,0,0,0,,https://www.calhr.ca.gov,,07/27/2021,,,True,
2020,State Department,"Conservation Corps, California",,Special Corpsmember,False,False,,34319,34319,,9064,0,1221,0,10285,0,0,0,0,0,,https://www.calhr.ca.gov,,07/27/2021,,,True,
2020,State Department,"Conservation Corps, California",,Corpsmember,False,False,,31199,31199,,10005,270,0,0,10275,0,0,0,0,0,,https://www.calhr.ca.gov,,07/27/2021,,,True,
2020,State Department,"Conservation Corps, California",,Corpsmember,False,False,,31199,31199,,7455,2805,0,0,10260,0,0,0,0,0,,https://www.calhr.ca.gov,,07/27/2021,,,True,
2020,State Department,"Conservation Corps, California",,Corpsmember,False,False,,31199,31199,,7650,2580,0,0,10230,0,0,0,0,0,,https://www.calhr.ca.gov,,07/27/2021,,,True,
2020,State Department,"Conservation Corps, California",,Corpsmember,False,False,,31199,31199,,8730,1425,75,0,10230,0,0,0,0,0,,https://www.calhr.ca.gov,,07/27/2021,,,True,
2020,State Department,"Conservation Corps, California",,Corpsmember,False,False,,31199,31199,,10215,0,0,0,10215,0,0,0,0,0,,https://www.calhr.ca.gov,,07/27/2021,,,True,
2020,State Department,"Conservation Corps, California",,Corpsmember,False,False,,31199,31199,,10200,0,0,0,10200,0,0,0,0,0,,https://www.calhr.ca.gov,,07/27/2021,,,True,
2020,State Department,"Conservation Corps, California",,Corpsmember,False,False,,31199,31199,,9960,240,0,0,10200,0,0,0,0,0,,https://www.calhr.ca.gov,,07/27/2021,,,True,
2020,State Department,"Conservation Corps, California",,Corpsmember,False,False,,31199,31199,,7410,2790,0,0,10200,0,0,0,0,0,,https://www.calhr.ca.gov,,07/27/2021,,,True,
2020,State Department,"Conservation Corps, California",,Corpsmember,False,False,,31199,31199,,5535,4650,0,0,10185,0,0,0,0,0,,https://www.calhr.ca.gov,,07/27/2021,,,True,
2020,State Department,"Conservation Corps, California",,Corpsmember,False,False,,31199,31199,,5535,4650,0,0,10185,0,0,0,0,0,,https://www.calhr.ca.gov,,07/27/2021,,,True,
2020,State Department,"Conservation Corps, California",,Corpsmember,False,False,,31199,31199,,9225,930,0,0,10155,0,0,0,0,0,,https://www.calhr.ca.gov,,07/27/2021,,,True,
2020,State Department,"Conservation Corps, California",,Corpsmember,False,False,,31199,31199,,6285,3840,0,0,10125,0,0,0,0,0,,https://www.calhr.ca.gov,,07/27/2021,,,True,
2020,State Department,"Conservation Corps, California",,Corpsmember Promo 1,False,False,,31719,31719,,9753,214,153,0,10119,0,0,0,0,0,,https://www.calhr.ca.gov,,07/27/2021,,,True,
2020,State Department,"Conservation Corps, California",,Corpsmember,False,False,,31199,31199,,9960,0,150,0,10110,0,0,0,0,0,,https://www.calhr.ca.gov,,07/27/2021,,,True,
2020,State Department,"Conservation Corps, California",,Corpsmember,False,False,,31199,31199,,10005,30,75,0,10110,0,0,0,0,0,,https://www.calhr.ca.gov,,07/27/2021,,,True,
2020,State Department,"Conservation Corps, California",,Corpsmember,False,False,,31199,31199,,10020,0,75,0,10095,0,0,0,0,0,,https://www.calhr.ca.gov,,07/27/2021,,,True,
2020,State Department,"Conservation Corps, California",,Corpsmember,False,False,,31199,31199,,10020,60,0,0,10080,0,0,0,0,0,,https://www.calhr.ca.gov,,07/27/2021,,,True,
2020,State Department,"Conservation Corps, California",,Corpsmember,False,False,,31199,31199,,9990,90,0,0,10080,0,0,0,0,0,,https://www.calhr.ca.gov,,07/27/2021,,,True,
2020,State Department,"Conservation Corps, California",,Corpsmember,False,False,,31199,31199,,8550,1515,0,0,10065,0,0,0,0,0,,https://www.calhr.ca.gov,,07/27/2021,,,True,
2020,State Department,"Conservation Corps, California",,Corpsmember,False,False,,31199,31199,,5355,4695,0,0,10050,0,0,0,0,0,,https://www.calhr.ca.gov,,07/27/2021,,,True,
2020,State Department,"Conservation Corps, California",,Corpsmember,False,False,,31199,31199,,8295,1680,75,0,10050,0,0,0,0,0,,https://www.calhr.ca.gov,,07/27/2021,,,True,
2020,State Department,"Conservation Corps, California",,Corpsmember,False,False,,31199,31199,,9525,0,525,0,10050,0,0,0,0,0,,https://www.calhr.ca.gov,,07/27/2021,,,True,
2020,State Department,"Conservation Corps, California",,Corpsmember,False,False,,31199,31199,,9045,975,0,0,10020,0,0,0,0,0,,https://www.calhr.ca.gov,,07/27/2021,,,True,
2020,State Department,"Conservation Corps, California",,Corpsmember,False,False,,31199,31199,,10020,0,0,0,10020,0,0,0,0,0,,https://www.calhr.ca.gov,,07/27/2021,,,True,
2020,State Department,"Conservation Corps, California",,Corpsmember,False,False,,31199,31199,,10020,0,0,0,10020,0,0,0,0,0,,https://www.calhr.ca.gov,,07/27/2021,,,True,
2020,State Department,"Conservation Corps, California",,Corpsmember,False,False,,31199,31199,,8430,1560,0,0,9990,0,0,0,0,0,,https://www.calhr.ca.gov,,07/27/2021,,,True,
2020,State Department,"Conservation Corps, California",,Special Corpsmember,False,False,,34319,34319,,9884,0,99,0,9983,0,0,0,0,0,,https://www.calhr.ca.gov,,07/27/2021,,,True,
2020,State Department,"Conservation Corps, California",,Corpsmember,False,False,,31199,31199,,9960,0,0,0,9960,0,0,0,0,0,,https://www.calhr.ca.gov,,07/27/2021,,,True,
2020,State Department,"Conservation Corps, California",,Corpsmember,False,False,,31199,31199,,9525,435,0,0,9960,0,0,0,0,0,,https://www.calhr.ca.gov,,07/27/2021,,,True,
2020,State Department,"Conservation Corps, California",,Corpsmember,False,False,,31199,31199,,6015,3795,150,0,9960,0,0,0,0,0,,https://www.calhr.ca.gov,,07/27/2021,,,True,
2020,State Department,"Conservation Corps, California",,Corpsmember,False,False,,31199,31199,,9960,0,0,0,9960,0,0,0,0,0,,https://www.calhr.ca.gov,,07/27/2021,,,True,
2020,State Department,"Conservation Corps, California",,Corpsmember Promo 1,False,False,,31719,31719,,9958,0,0,0,9958,0,0,0,0,0,,https://www.calhr.ca.gov,,07/27/2021,,,True,
2020,State Department,"Conservation Corps, California",,Corpsmember,False,False,,31199,31199,,9900,0,0,0,9900,0,0,0,0,0,,https://www.calhr.ca.gov,,07/27/2021,,,True,
2020,State Department,"Conservation Corps, California",,Special Corpsmember,False,False,,34319,34319,,9064,0,825,0,9889,0,0,0,0,0,,https://www.calhr.ca.gov,,07/27/2021,,,True,
2020,State Department,"Conservation Corps, California",,Corpsmember,False,False,,31199,31199,,4890,4995,0,0,9885,0,0,0,0,0,,https://www.calhr.ca.gov,,07/27/2021,,,True,
2020,State Department,"Conservation Corps, California",,Corpsmember,False,False,,31199,31199,,4830,5055,0,0,9885,0,0,0,0,0,,https://www.calhr.ca.gov,,07/27/2021,,,True,
2020,State Department,"Conservation Corps, California",,Corpsmember,False,False,,31199,31199,,7455,2415,0,0,9870,0,0,0,0,0,,https://www.calhr.ca.gov,,07/27/2021,,,True,
2020,State Department,"Conservation Corps, California",,Corpsmember,False,False,,31199,31199,,9540,300,0,0,9840,0,0,0,0,0,,https://www.calhr.ca.gov,,07/27/2021,,,True,
2020,State Department,"Conservation Corps, California",,Special Corpsmember,False,False,,34319,34319,,8519,0,1320,0,9839,0,0,0,0,0,,https://www.calhr.ca.gov,,07/27/2021,,,True,
2020,State Department,"Conservation Corps, California",,Corpsmember Promo 1,False,False,,31719,31719,,9760,76,0,0,9836,0,0,0,0,0,,https://www.calhr.ca.gov,,07/27/2021,,,True,
2020,State Department,"Conservation Corps, California",,Corpsmember,False,False,,31199,31199,,6255,3570,0,0,9825,0,0,0,0,0,,https://www.calhr.ca.gov,,07/27/2021,,,True,
2020,State Department,"Conservation Corps, California",,Corpsmember,False,False,,31199,31199,,8040,1785,0,0,9825,0,0,0,0,0,,https://www.calhr.ca.gov,,07/27/2021,,,True,
2020,State Department,"Conservation Corps, California",,Corpsmember,False,False,,31199,31199,,7215,2535,75,0,9825,0,0,0,0,0,,https://www.calhr.ca.gov,,07/27/2021,,,True,
2020,State Department,"Conservation Corps, California",,Corpsmember,False,False,,31199,31199,,9600,0,225,0,9825,0,0,0,0,0,,https://www.calhr.ca.gov,,07/27/2021,,,True,
2020,State Department,"Conservation Corps, California",,Corpsmember,False,False,,31199,31199,,9720,0,75,0,9795,0,0,0,0,0,,https://www.calhr.ca.gov,,07/27/2021,,,True,
2020,State Department,"Conservation Corps, California",,Corpsmember,False,False,,31199,31199,,5865,3930,0,0,9795,0,0,0,0,0,,https://www.calhr.ca.gov,,07/27/2021,,,True,
2020,State Department,"Conservation Corps, California",,Corpsmember,False,False,,31199,31199,,9180,600,0,0,9780,0,0,0,0,0,,https://www.calhr.ca.gov,,07/27/2021,,,True,
2020,State Department,"Conservation Corps, California",,Corpsmember,False,False,,31199,31199,,5430,4260,75,0,9765,0,0,0,0,0,,https://www.calhr.ca.gov,,07/27/2021,,,True,
2020,State Department,"Conservation Corps, California",,Corpsmember,False,False,,31199,31199,,7455,2265,0,0,9720,0,0,0,0,0,,https://www.calhr.ca.gov,,07/27/2021,,,True,
2020,State Department,"Conservation Corps, California",,Corpsmember,False,False,,31199,31199,,6120,3510,75,0,9705,0,0,0,0,0,,https://www.calhr.ca.gov,,07/27/2021,,,True,
2020,State Department,"Conservation Corps, California",,Corpsmember,False,False,,31199,31199,,7575,2055,75,0,9705,0,0,0,0,0,,https://www.calhr.ca.gov,,07/27/2021,,,True,
2020,State Department,"Conservation Corps, California",,Corpsmember,False,False,,31199,31199,,8655,1050,0,0,9705,0,0,0,0,0,,https://www.calhr.ca.gov,,07/27/2021,,,True,
2020,State Department,"Conservation Corps, California",,Corpsmember,False,False,,31199,31199,,9525,180,0,0,9705,0,0,0,0,0,,https://www.calhr.ca.gov,,07/27/2021,,,True,
2020,State Department,"Conservation Corps, California",,Corpsmember,False,False,,31199,31199,,6105,3510,75,0,9690,0,0,0,0,0,,https://www.calhr.ca.gov,,07/27/2021,,,True,
2020,State Department,"Conservation Corps, California",,Corpsmember,False,False,,31199,31199,,4890,4785,0,0,9675,0,0,0,0,0,,https://www.calhr.ca.gov,,07/27/2021,,,True,
2020,State Department,"Conservation Corps, California",,Corpsmember,False,False,,31199,31199,,5220,4455,0,0,9675,0,0,0,0,0,,https://www.calhr.ca.gov,,07/27/2021,,,True,
2020,State Department,"Conservation Corps, California",,Corpsmember,False,False,,31199,31199,,5220,4455,0,0,9675,0,0,0,0,0,,https://www.calhr.ca.gov,,07/27/2021,,,True,
2020,State Department,"Conservation Corps, California",,Corpsmember,False,False,,31199,31199,,9525,0,150,0,9675,0,0,0,0,0,,https://www.calhr.ca.gov,,07/27/2021,,,True,
2020,State Department,"Conservation Corps, California",,Corpsmember,False,False,,31199,31199,,6045,3510,75,0,9630,0,0,0,0,0,,https://www.calhr.ca.gov,,07/27/2021,,,True,
2020,State Department,"Conservation Corps, California",,Corpsmember,False,False,,31199,31199,,9405,210,0,0,9615,0,0,0,0,0,,https://www.calhr.ca.gov,,07/27/2021,,,True,
2020,State Department,"Conservation Corps, California",,Corpsmember,False,False,,31199,31199,,4890,4725,0,0,9615,0,0,0,0,0,,https://www.calhr.ca.gov,,07/27/2021,,,True,
2020,State Department,"Conservation Corps, California",,Corpsmember,False,False,,31199,31199,,9525,90,0,0,9615,0,0,0,0,0,,https://www.calhr.ca.gov,,07/27/2021,,,True,
2020,State Department,"Conservation Corps, California",,"Cook Specialist I, Range A",False,False,,37428,45864,,9449,162,0,0,9611,0,0,0,10,10,,https://www.calhr.ca.gov,,07/27/2021,,,True,
2020,State Department,"Conservation Corps, California",,Corpsmember,False,False,,31199,31199,,9600,0,0,0,9600,0,0,0,0,0,,https://www.calhr.ca.gov,,07/27/2021,,,True,
2020,State Department,"Conservation Corps, California",,Corpsmember,False,False,,31199,31199,,9600,0,0,0,9600,0,0,0,0,0,,https://www.calhr.ca.gov,,07/27/2021,,,True,
2020,State Department,"Conservation Corps, California",,Corpsmember,False,False,,31199,31199,,9525,75,0,0,9600,0,0,0,0,0,,https://www.calhr.ca.gov,,07/27/2021,,,True,
2020,State Department,"Conservation Corps, California",,Corpsmember,False,False,,31199,31199,,8835,720,0,0,9555,0,0,0,0,0,,https://www.calhr.ca.gov,,07/27/2021,,,True,
2020,State Department,"Conservation Corps, California",,Corpsmember,False,False,,31199,31199,,9540,0,0,0,9540,0,0,0,0,0,,https://www.calhr.ca.gov,,07/27/2021,,,True,
2020,State Department,"Conservation Corps, California",,Corpsmember,False,False,,31199,31199,,9540,0,0,0,9540,0,0,0,0,0,,https://www.calhr.ca.gov,,07/27/2021,,,True,
2020,State Department,"Conservation Corps, California",,Corpsmember,False,False,,31199,31199,,9540,0,0,0,9540,0,0,0,0,0,,https://www.calhr.ca.gov,,07/27/2021,,,True,
2020,State Department,"Conservation Corps, California",,Corpsmember,False,False,,31199,31199,,9540,0,0,0,9540,0,0,0,0,0,,https://www.calhr.ca.gov,,07/27/2021,,,True,
2020,State Department,"Conservation Corps, California",,Corpsmember,False,False,,31199,31199,,5850,3615,75,0,9540,0,0,0,0,0,,https://www.calhr.ca.gov,,07/27/2021,,,True,
2020,State Department,"Conservation Corps, California",,Corpsmember,False,False,,31199,31199,,9090,450,0,0,9540,0,0,0,0,0,,https://www.calhr.ca.gov,,07/27/2021,,,True,
2020,State Department,"Conservation Corps, California",,Corpsmember,False,False,,31199,31199,,9525,0,0,0,9525,0,0,0,0,0,,https://www.calhr.ca.gov,,07/27/2021,,,True,
2020,State Department,"Conservation Corps, California",,Corpsmember,False,False,,31199,31199,,9525,0,0,0,9525,0,0,0,0,0,,https://www.calhr.ca.gov,,07/27/2021,,,True,
2020,State Department,"Conservation Corps, California",,Corpsmember,False,False,,31199,31199,,9525,0,0,0,9525,0,0,0,0,0,,https://www.calhr.ca.gov,,07/27/2021,,,True,
2020,State Department,"Conservation Corps, California",,Corpsmember,False,False,,31199,31199,,5280,4230,0,0,9510,0,0,0,0,0,,https://www.calhr.ca.gov,,07/27/2021,,,True,
2020,State Department,"Conservation Corps, California",,Corpsmember,False,False,,31199,31199,,9480,0,0,0,9480,0,0,0,0,0,,https://www.calhr.ca.gov,,07/27/2021,,,True,
2020,State Department,"Conservation Corps, California",,Corpsmember,False,False,,31199,31199,,8280,1200,0,0,9480,0,0,0,0,0,,https://www.calhr.ca.gov,,07/27/2021,,,True,
2020,State Department,"Conservation Corps, California",,Corpsmember,False,False,,31199,31199,,5280,4185,0,0,9465,0,0,0,0,0,,https://www.calhr.ca.gov,,07/27/2021,,,True,
2020,State Department,"Conservation Corps, California",,Corpsmember,False,False,,31199,31199,,5280,4185,0,0,9465,0,0,0,0,0,,https://www.calhr.ca.gov,,07/27/2021,,,True,
2020,State Department,"Conservation Corps, California",,Corpsmember,False,False,,31199,31199,,5280,4185,0,0,9465,0,0,0,0,0,,https://www.calhr.ca.gov,,07/27/2021,,,True,
2020,State Department,"Conservation Corps, California",,Special Corpsmember,False,False,,34319,34319,,9455,0,0,0,9455,0,0,0,0,0,,https://www.calhr.ca.gov,,07/27/2021,,,True,
2020,State Department,"Conservation Corps, California",,Corpsmember,False,False,,31199,31199,,7395,2055,0,0,9450,0,0,0,0,0,,https://www.calhr.ca.gov,,07/27/2021,,,True,
2020,State Department,"Conservation Corps, California",,Corpsmember,False,False,,31199,31199,,9420,15,0,0,9435,0,0,0,0,0,,https://www.calhr.ca.gov,,07/27/2021,,,True,
2020,State Department,"Conservation Corps, California",,Corpsmember,False,False,,31199,31199,,9375,30,0,0,9405,0,0,0,0,0,,https://www.calhr.ca.gov,,07/27/2021,,,True,
2020,State Department,"Conservation Corps, California",,Corpsmember,False,False,,31199,31199,,9405,0,0,0,9405,0,0,0,0,0,,https://www.calhr.ca.gov,,07/27/2021,,,True,
2020,State Department,"Conservation Corps, California",,Corpsmember,False,False,,31199,31199,,8970,435,0,0,9405,0,0,0,0,0,,https://www.calhr.ca.gov,,07/27/2021,,,True,
2020,State Department,"Conservation Corps, California",,Corpsmember,False,False,,31199,31199,,8595,810,0,0,9405,0,0,0,0,0,,https://www.calhr.ca.gov,,07/27/2021,,,True,
2020,State Department,"Conservation Corps, California",,Corpsmember,False,False,,31199,31199,,4965,4350,75,0,9390,0,0,0,0,0,,https://www.calhr.ca.gov,,07/27/2021,,,True,
2020,State Department,"Conservation Corps, California",,Corpsmember,False,False,,31199,31199,,9345,30,0,0,9375,0,0,0,0,0,,https://www.calhr.ca.gov,,07/27/2021,,,True,
2020,State Department,"Conservation Corps, California",,Corpsmember,False,False,,31199,31199,,8715,645,0,0,9360,0,0,0,0,0,,https://www.calhr.ca.gov,,07/27/2021,,,True,
2020,State Department,"Conservation Corps, California",,Corpsmember,False,False,,31199,31199,,9345,0,0,0,9345,0,0,0,0,0,,https://www.calhr.ca.gov,,07/27/2021,,,True,
2020,State Department,"Conservation Corps, California",,Special Corpsmember,False,False,,34319,34319,,8185,686,462,0,9333,0,0,0,0,0,,https://www.calhr.ca.gov,,07/27/2021,,,True,
2020,State Department,"Conservation Corps, California",,Corpsmember,False,False,,31199,31199,,9165,0,150,0,9315,0,0,0,0,0,,https://www.calhr.ca.gov,,07/27/2021,,,True,
2020,State Department,"Conservation Corps, California",,Corpsmember,False,False,,31199,31199,,9300,0,0,0,9300,0,0,0,0,0,,https://www.calhr.ca.gov,,07/27/2021,,,True,
2020,State Department,"Conservation Corps, California",,Corpsmember,False,False,,31199,31199,,9285,0,0,0,9285,0,0,0,0,0,,https://www.calhr.ca.gov,,07/27/2021,,,True,
2020,State Department,"Conservation Corps, California",,Corpsmember,False,False,,31199,31199,,9285,0,0,0,9285,0,0,0,0,0,,https://www.calhr.ca.gov,,07/27/2021,,,True,
2020,State Department,"Conservation Corps, California",,Corpsmember,False,False,,31199,31199,,9285,0,0,0,9285,0,0,0,0,0,,https://www.calhr.ca.gov,,07/27/2021,,,True,
2020,State Department,"Conservation Corps, California",,Corpsmember,False,False,,31199,31199,,9165,90,0,0,9255,0,0,0,0,0,,https://www.calhr.ca.gov,,07/27/2021,,,True,
2020,State Department,"Conservation Corps, California",,Corpsmember,False,False,,31199,31199,,6735,2505,0,0,9240,0,0,0,0,0,,https://www.calhr.ca.gov,,07/27/2021,,,True,
2020,State Department,"Conservation Corps, California",,Corpsmember,False,False,,31199,31199,,4590,4575,75,0,9240,0,0,0,0,0,,https://www.calhr.ca.gov,,07/27/2021,,,True,
2020,State Department,"Conservation Corps, California",,Special Corpsmember,False,False,,34319,34319,,9240,0,0,0,9240,0,0,0,0,0,,https://www.calhr.ca.gov,,07/27/2021,,,True,
2020,State Department,"Conservation Corps, California",,Corpsmember,False,False,,31199,31199,,9225,0,0,0,9225,0,0,0,0,0,,https://www.calhr.ca.gov,,07/27/2021,,,True,
2020,State Department,"Conservation Corps, California",,Corpsmember,False,False,,31199,31199,,4890,4335,0,0,9225,0,0,0,0,0,,https://www.calhr.ca.gov,,07/27/2021,,,True,
2020,State Department,"Conservation Corps, California",,Corpsmember,False,False,,31199,31199,,5220,3990,0,0,9210,0,0,0,0,0,,https://www.calhr.ca.gov,,07/27/2021,,,True,
2020,State Department,"Conservation Corps, California",,Corpsmember,False,False,,31199,31199,,9210,0,0,0,9210,0,0,0,0,0,,https://www.calhr.ca.gov,,07/27/2021,,,True,
2020,State Department,"Conservation Corps, California",,Corpsmember,False,False,,31199,31199,,9210,0,0,0,9210,0,0,0,0,0,,https://www.calhr.ca.gov,,07/27/2021,,,True,
2020,State Department,"Conservation Corps, California",,Corpsmember,False,False,,31199,31199,,9210,0,0,0,9210,0,0,0,0,0,,https://www.calhr.ca.gov,,07/27/2021,,,True,
2020,State Department,"Conservation Corps, California",,Corpsmember,False,False,,31199,31199,,6540,2640,0,0,9180,0,0,0,0,0,,https://www.calhr.ca.gov,,07/27/2021,,,True,
2020,State Department,"Conservation Corps, California",,Corpsmember,False,False,,31199,31199,,7935,1245,0,0,9180,0,0,0,0,0,,https://www.calhr.ca.gov,,07/27/2021,,,True,
2020,State Department,"Conservation Corps, California",,Corpsmember,False,False,,31199,31199,,9165,0,0,0,9165,0,0,0,0,0,,https://www.calhr.ca.gov,,07/27/2021,,,True,
2020,State Department,"Conservation Corps, California",,Corpsmember,False,False,,31199,31199,,5220,3930,0,0,9150,0,0,0,0,0,,https://www.calhr.ca.gov,,07/27/2021,,,True,
2020,State Department,"Conservation Corps, California",,Corpsmember,False,False,,31199,31199,,9150,0,0,0,9150,0,0,0,0,0,,https://www.calhr.ca.gov,,07/27/2021,,,True,
2020,State Department,"Conservation Corps, California",,Corpsmember,False,False,,31199,31199,,5220,3930,0,0,9150,0,0,0,0,0,,https://www.calhr.ca.gov,,07/27/2021,,,True,
2020,State Department,"Conservation Corps, California",,Corpsmember,False,False,,31199,31199,,8835,0,300,0,9135,0,0,0,0,0,,https://www.calhr.ca.gov,,07/27/2021,,,True,
2020,State Department,"Conservation Corps, California",,"Conservationist I, Range A",False,False,,35880,43644,,8787,0,214,126,9126,2078,0,0,382,2461,2.50% @ 55,https://www.calhr.ca.gov,,07/27/2021,,,True,
2020,State Department,"Conservation Corps, California",,Corpsmember,False,False,,31199,31199,,5280,3840,0,0,9120,0,0,0,0,0,,https://www.calhr.ca.gov,,07/27/2021,,,True,
2020,State Department,"Conservation Corps, California",,Corpsmember,False,False,,31199,31199,,8835,270,0,0,9105,0,0,0,0,0,,https://www.calhr.ca.gov,,07/27/2021,,,True,
2020,State Department,"Conservation Corps, California",,Corpsmember,False,False,,31199,31199,,9090,0,0,0,9090,0,0,0,0,0,,https://www.calhr.ca.gov,,07/27/2021,,,True,
2020,State Department,"Conservation Corps, California",,Corpsmember,False,False,,31199,31199,,9090,0,0,0,9090,0,0,0,0,0,,https://www.calhr.ca.gov,,07/27/2021,,,True,
2020,State Department,"Conservation Corps, California",,Corpsmember,False,False,,31199,31199,,4890,4185,0,0,9075,0,0,0,0,0,,https://www.calhr.ca.gov,,07/27/2021,,,True,
2020,State Department,"Conservation Corps, California",,Corpsmember,False,False,,31199,31199,,4890,4185,0,0,9075,0,0,0,0,0,,https://www.calhr.ca.gov,,07/27/2021,,,True,
2020,State Department,"Conservation Corps, California",,Corpsmember,False,False,,31199,31199,,4890,4185,0,0,9075,0,0,0,0,0,,https://www.calhr.ca.gov,,07/27/2021,,,True,
2020,State Department,"Conservation Corps, California",,Corpsmember,False,False,,31199,31199,,9030,0,0,0,9030,0,0,0,0,0,,https://www.calhr.ca.gov,,07/27/2021,,,True,
2020,State Department,"Conservation Corps, California",,Corpsmember,False,False,,31199,31199,,9030,0,0,0,9030,0,0,0,0,0,,https://www.calhr.ca.gov,,07/27/2021,,,True,
2020,State Department,"Conservation Corps, California",,Corpsmember,False,False,,31199,31199,,5280,3735,0,0,9015,0,0,0,0,0,,https://www.calhr.ca.gov,,07/27/2021,,,True,
2020,State Department,"Conservation Corps, California",,Corpsmember,False,False,,31199,31199,,4395,4605,0,0,9000,0,0,0,0,0,,https://www.calhr.ca.gov,,07/27/2021,,,True,
2020,State Department,"Conservation Corps, California",,Corpsmember,False,False,,31199,31199,,8850,0,150,0,9000,0,0,0,0,0,,https://www.calhr.ca.gov,,07/27/2021,,,True,
2020,State Department,"Conservation Corps, California",,"Office Technician (Typing), Range A",False,False,,37728,47220,,7525,0,1464,0,8988,2483,0,0,1597,4080,2.00% @ 55,https://www.calhr.ca.gov,,07/27/2021,,,True,
2020,State Department,"Conservation Corps, California",,Corpsmember,False,False,,31199,31199,,8985,0,0,0,8985,0,0,0,0,0,,https://www.calhr.ca.gov,,07/27/2021,,,True,
2020,State Department,"Conservation Corps, California",,Corpsmember,False,False,,31199,31199,,8970,0,0,0,8970,0,0,0,0,0,,https://www.calhr.ca.gov,,07/27/2021,,,True,
2020,State Department,"Conservation Corps, California",,Corpsmember,False,False,,31199,31199,,5400,3570,0,0,8970,0,0,0,0,0,,https://www.calhr.ca.gov,,07/27/2021,,,True,
2020,State Department,"Conservation Corps, California",,Corpsmember Promo 1,False,False,,31719,31719,,8967,0,0,0,8967,0,0,0,0,0,,https://www.calhr.ca.gov,,07/27/2021,,,True,
2020,State Department,"Conservation Corps, California",,Corpsmember,False,False,,31199,31199,,8955,0,0,0,8955,0,0,0,0,0,,https://www.calhr.ca.gov,,07/27/2021,,,True,
2020,State Department,"Conservation Corps, California",,Corpsmember,False,False,,31199,31199,,4830,4110,0,0,8940,0,0,0,0,0,,https://www.calhr.ca.gov,,07/27/2021,,,True,
2020,State Department,"Conservation Corps, California",,Corpsmember Promo 1,False,False,,31719,31719,,7608,1312,0,0,8920,0,0,0,0,0,,https://www.calhr.ca.gov,,07/27/2021,,,True,
2020,State Department,"Conservation Corps, California",,Corpsmember Promo 1,False,False,,31719,31719,,8791,122,0,0,8913,0,0,0,0,0,,https://www.calhr.ca.gov,,07/27/2021,,,True,
2020,State Department,"Conservation Corps, California",,Corpsmember,False,False,,31199,31199,,8790,0,75,0,8865,0,0,0,0,0,,https://www.calhr.ca.gov,,07/27/2021,,,True,
2020,State Department,"Conservation Corps, California",,Corpsmember,False,False,,31199,31199,,8835,30,0,0,8865,0,0,0,0,0,,https://www.calhr.ca.gov,,07/27/2021,,,True,
2020,State Department,"Conservation Corps, California",,Corpsmember,False,False,,31199,31199,,8355,495,0,0,8850,0,0,0,0,0,,https://www.calhr.ca.gov,,07/27/2021,,,True,
2020,State Department,"Conservation Corps, California",,Corpsmember,False,False,,31199,31199,,8850,0,0,0,8850,0,0,0,0,0,,https://www.calhr.ca.gov,,07/27/2021,,,True,
2020,State Department,"Conservation Corps, California",,Corpsmember,False,False,,31199,31199,,8835,0,0,0,8835,0,0,0,0,0,,https://www.calhr.ca.gov,,07/27/2021,,,True,
2020,State Department,"Conservation Corps, California",,Corpsmember,False,False,,31199,31199,,5220,3615,0,0,8835,0,0,0,0,0,,https://www.calhr.ca.gov,,07/27/2021,,,True,
2020,State Department,"Conservation Corps, California",,Corpsmember,False,False,,31199,31199,,5220,3615,0,0,8835,0,0,0,0,0,,https://www.calhr.ca.gov,,07/27/2021,,,True,
2020,State Department,"Conservation Corps, California",,Corpsmember,False,False,,31199,31199,,8835,0,0,0,8835,0,0,0,0,0,,https://www.calhr.ca.gov,,07/27/2021,,,True,
2020,State Department,"Conservation Corps, California",,Corpsmember,False,False,,31199,31199,,8820,0,0,0,8820,0,0,0,0,0,,https://www.calhr.ca.gov,,07/27/2021,,,True,
2020,State Department,"Conservation Corps, California",,Corpsmember,False,False,,31199,31199,,4890,3930,0,0,8820,0,0,0,0,0,,https://www.calhr.ca.gov,,07/27/2021,,,True,
2020,State Department,"Conservation Corps, California",,Corpsmember,False,False,,31199,31199,,8040,780,0,0,8820,0,0,0,0,0,,https://www.calhr.ca.gov,,07/27/2021,,,True,
2020,State Department,"Conservation Corps, California",,Corpsmember,False,False,,31199,31199,,5280,3525,0,0,8805,0,0,0,0,0,,https://www.calhr.ca.gov,,07/27/2021,,,True,
2020,State Department,"Conservation Corps, California",,Corpsmember,False,False,,31199,31199,,5280,3525,0,0,8805,0,0,0,0,0,,https://www.calhr.ca.gov,,07/27/2021,,,True,
2020,State Department,"Conservation Corps, California",,Corpsmember,False,False,,31199,31199,,5280,3525,0,0,8805,0,0,0,0,0,,https://www.calhr.ca.gov,,07/27/2021,,,True,
2020,State Department,"Conservation Corps, California",,Corpsmember,False,False,,31199,31199,,5280,3525,0,0,8805,0,0,0,0,0,,https://www.calhr.ca.gov,,07/27/2021,,,True,
2020,State Department,"Conservation Corps, California",,Corpsmember,False,False,,31199,31199,,5280,3525,0,0,8805,0,0,0,0,0,,https://www.calhr.ca.gov,,07/27/2021,,,True,
2020,State Department,"Conservation Corps, California",,Corpsmember,False,False,,31199,31199,,5280,3525,0,0,8805,0,0,0,0,0,,https://www.calhr.ca.gov,,07/27/2021,,,True,
2020,State Department,"Conservation Corps, California",,Corpsmember,False,False,,31199,31199,,5280,3525,0,0,8805,0,0,0,0,0,,https://www.calhr.ca.gov,,07/27/2021,,,True,
2020,State Department,"Conservation Corps, California",,Corpsmember,False,False,,31199,31199,,8790,0,0,0,8790,0,0,0,0,0,,https://www.calhr.ca.gov,,07/27/2021,,,True,
2020,State Department,"Conservation Corps, California",,Corpsmember,False,False,,31199,31199,,8715,0,75,0,8790,0,0,0,0,0,,https://www.calhr.ca.gov,,07/27/2021,,,True,
2020,State Department,"Conservation Corps, California",,Corpsmember,False,False,,31199,31199,,8655,120,0,0,8775,0,0,0,0,0,,https://www.calhr.ca.gov,,07/27/2021,,,True,
2020,State Department,"Conservation Corps, California",,Corpsmember,False,False,,31199,31199,,8775,0,0,0,8775,0,0,0,0,0,,https://www.calhr.ca.gov,,07/27/2021,,,True,
2020,State Department,"Conservation Corps, California",,Corpsmember,False,False,,31199,31199,,4890,3885,0,0,8775,0,0,0,0,0,,https://www.calhr.ca.gov,,07/27/2021,,,True,
2020,State Department,"Conservation Corps, California",,Corpsmember,False,False,,31199,31199,,8775,0,0,0,8775,0,0,0,0,0,,https://www.calhr.ca.gov,,07/27/2021,,,True,
2020,State Department,"Conservation Corps, California",,Corpsmember,False,False,,31199,31199,,5220,3540,0,0,8760,0,0,0,0,0,,https://www.calhr.ca.gov,,07/27/2021,,,True,
2020,State Department,"Conservation Corps, California",,Corpsmember,False,False,,31199,31199,,8700,60,0,0,8760,0,0,0,0,0,,https://www.calhr.ca.gov,,07/27/2021,,,True,
2020,State Department,"Conservation Corps, California",,Corpsmember,False,False,,31199,31199,,6615,2055,75,0,8745,0,0,0,0,0,,https://www.calhr.ca.gov,,07/27/2021,,,True,
2020,State Department,"Conservation Corps, California",,Corpsmember,False,False,,31199,31199,,5280,3450,0,0,8730,0,0,0,0,0,,https://www.calhr.ca.gov,,07/27/2021,,,True,
2020,State Department,"Conservation Corps, California",,Corpsmember,False,False,,31199,31199,,5220,3510,0,0,8730,0,0,0,0,0,,https://www.calhr.ca.gov,,07/27/2021,,,True,
2020,State Department,"Conservation Corps, California",,Corpsmember,False,False,,31199,31199,,5280,3450,0,0,8730,0,0,0,0,0,,https://www.calhr.ca.gov,,07/27/2021,,,True,
2020,State Department,"Conservation Corps, California",,Corpsmember,False,False,,31199,31199,,5280,3450,0,0,8730,0,0,0,0,0,,https://www.calhr.ca.gov,,07/27/2021,,,True,
2020,State Department,"Conservation Corps, California",,Corpsmember,False,False,,31199,31199,,5280,3450,0,0,8730,0,0,0,0,0,,https://www.calhr.ca.gov,,07/27/2021,,,True,
2020,State Department,"Conservation Corps, California",,Corpsmember,False,False,,31199,31199,,8715,0,0,0,8715,0,0,0,0,0,,https://www.calhr.ca.gov,,07/27/2021,,,True,
2020,State Department,"Conservation Corps, California",,Corpsmember,False,False,,31199,31199,,5280,3435,0,0,8715,0,0,0,0,0,,https://www.calhr.ca.gov,,07/27/2021,,,True,
2020,State Department,"Conservation Corps, California",,Corpsmember,False,False,,31199,31199,,8715,0,0,0,8715,0,0,0,0,0,,https://www.calhr.ca.gov,,07/27/2021,,,True,
2020,State Department,"Conservation Corps, California",,Corpsmember,False,False,,31199,31199,,5280,3435,0,0,8715,0,0,0,0,0,,https://www.calhr.ca.gov,,07/27/2021,,,True,
2020,State Department,"Conservation Corps, California",,Corpsmember,False,False,,31199,31199,,5220,3495,0,0,8715,0,0,0,0,0,,https://www.calhr.ca.gov,,07/27/2021,,,True,
2020,State Department,"Conservation Corps, California",,Corpsmember,False,False,,31199,31199,,7125,1575,0,0,8700,0,0,0,0,0,,https://www.calhr.ca.gov,,07/27/2021,,,True,
2020,State Department,"Conservation Corps, California",,Corpsmember,False,False,,31199,31199,,7125,1575,0,0,8700,0,0,0,0,0,,https://www.calhr.ca.gov,,07/27/2021,,,True,
2020,State Department,"Conservation Corps, California",,Corpsmember,False,False,,31199,31199,,4890,3780,0,0,8670,0,0,0,0,0,,https://www.calhr.ca.gov,,07/27/2021,,,True,
2020,State Department,"Conservation Corps, California",,Corpsmember,False,False,Maintenance Aide (Seasonal),31199,31199,,8631,0,0,20,8651,0,0,0,0,0,,https://www.calhr.ca.gov,,07/27/2021,,,True,
2020,State Department,"Conservation Corps, California",,Corpsmember,False,False,,31199,31199,,7320,1320,0,0,8640,0,0,0,0,0,,https://www.calhr.ca.gov,,07/27/2021,,,True,
2020,State Department,"Conservation Corps, California",,Corpsmember,False,False,,31199,31199,,8640,0,0,0,8640,0,0,0,0,0,,https://www.calhr.ca.gov,,07/27/2021,,,True,
2020,State Department,"Conservation Corps, California",,Corpsmember,False,False,,31199,31199,,5220,3405,0,0,8625,0,0,0,0,0,,https://www.calhr.ca.gov,,07/27/2021,,,True,
2020,State Department,"Conservation Corps, California",,Corpsmember,False,False,,31199,31199,,5220,3405,0,0,8625,0,0,0,0,0,,https://www.calhr.ca.gov,,07/27/2021,,,True,
2020,State Department,"Conservation Corps, California",,Corpsmember,False,False,,31199,31199,,4425,4185,0,0,8610,0,0,0,0,0,,https://www.calhr.ca.gov,,07/27/2021,,,True,
2020,State Department,"Conservation Corps, California",,Corpsmember,False,False,,31199,31199,,4890,3705,0,0,8595,0,0,0,0,0,,https://www.calhr.ca.gov,,07/27/2021,,,True,
2020,State Department,"Conservation Corps, California",,Corpsmember,False,False,,31199,31199,,4890,3705,0,0,8595,0,0,0,0,0,,https://www.calhr.ca.gov,,07/27/2021,,,True,
2020,State Department,"Conservation Corps, California",,Corpsmember,False,False,,31199,31199,,8595,0,0,0,8595,0,0,0,0,0,,https://www.calhr.ca.gov,,07/27/2021,,,True,
2020,State Department,"Conservation Corps, California",,Corpsmember,False,False,,31199,31199,,8520,75,0,0,8595,0,0,0,0,0,,https://www.calhr.ca.gov,,07/27/2021,,,True,
2020,State Department,"Conservation Corps, California",,Corpsmember,False,False,,31199,31199,,8580,0,0,0,8580,0,0,0,0,0,,https://www.calhr.ca.gov,,07/27/2021,,,True,
2020,State Department,"Conservation Corps, California",,Corpsmember,False,False,,31199,31199,,4890,3690,0,0,8580,0,0,0,0,0,,https://www.calhr.ca.gov,,07/27/2021,,,True,
2020,State Department,"Conservation Corps, California",,Corpsmember,False,False,,31199,31199,,4890,3690,0,0,8580,0,0,0,0,0,,https://www.calhr.ca.gov,,07/27/2021,,,True,
2020,State Department,"Conservation Corps, California",,Corpsmember,False,False,,31199,31199,,8580,0,0,0,8580,0,0,0,0,0,,https://www.calhr.ca.gov,,07/27/2021,,,True,
2020,State Department,"Conservation Corps, California",,Special Corpsmember,False,False,,34319,34319,,8580,0,0,0,8580,0,0,0,0,0,,https://www.calhr.ca.gov,,07/27/2021,,,True,
2020,State Department,"Conservation Corps, California",,Corpsmember,False,False,,31199,31199,,5595,2970,0,0,8565,0,0,0,0,0,,https://www.calhr.ca.gov,,07/27/2021,,,True,
2020,State Department,"Conservation Corps, California",,Corpsmember,False,False,,31199,31199,,5715,2835,0,0,8550,0,0,0,0,0,,https://www.calhr.ca.gov,,07/27/2021,,,True,
2020,State Department,"Conservation Corps, California",,Corpsmember,False,False,,31199,31199,,5280,3255,0,0,8535,0,0,0,0,0,,https://www.calhr.ca.gov,,07/27/2021,,,True,
2020,State Department,"Conservation Corps, California",,Corpsmember,False,False,,31199,31199,,5595,2925,0,0,8520,0,0,0,0,0,,https://www.calhr.ca.gov,,07/27/2021,,,True,
2020,State Department,"Conservation Corps, California",,Special Corpsmember,False,False,,34319,34319,,5500,0,3011,0,8511,0,0,0,0,0,,https://www.calhr.ca.gov,,07/27/2021,,,True,
2020,State Department,"Conservation Corps, California",,Corpsmember,False,False,,31199,31199,,5280,3210,0,0,8490,0,0,0,0,0,,https://www.calhr.ca.gov,,07/27/2021,,,True,
2020,State Department,"Conservation Corps, California",,Corpsmember,False,False,,31199,31199,,5280,3210,0,0,8490,0,0,0,0,0,,https://www.calhr.ca.gov,,07/27/2021,,,True,
2020,State Department,"Conservation Corps, California",,Corpsmember,False,False,,31199,31199,,5280,3210,0,0,8490,0,0,0,0,0,,https://www.calhr.ca.gov,,07/27/2021,,,True,
2020,State Department,"Conservation Corps, California",,Corpsmember Promo 1,False,False,,31719,31719,,8403,0,76,0,8479,0,0,0,0,0,,https://www.calhr.ca.gov,,07/27/2021,,,True,
2020,State Department,"Conservation Corps, California",,Corpsmember,False,False,,31199,31199,,8400,0,75,0,8475,0,0,0,0,0,,https://www.calhr.ca.gov,,07/27/2021,,,True,
2020,State Department,"Conservation Corps, California",,Corpsmember,False,False,,31199,31199,,6915,1560,0,0,8475,0,0,0,0,0,,https://www.calhr.ca.gov,,07/27/2021,,,True,
2020,State Department,"Conservation Corps, California",,Corpsmember,False,False,,31199,31199,,8475,0,0,0,8475,0,0,0,0,0,,https://www.calhr.ca.gov,,07/27/2021,,,True,
2020,State Department,"Conservation Corps, California",,Corpsmember,False,False,,31199,31199,,8460,0,0,0,8460,0,0,0,0,0,,https://www.calhr.ca.gov,,07/27/2021,,,True,
2020,State Department,"Conservation Corps, California",,Corpsmember,False,False,,31199,31199,,8460,0,0,0,8460,0,0,0,0,0,,https://www.calhr.ca.gov,,07/27/2021,,,True,
2020,State Department,"Conservation Corps, California",,Corpsmember,False,False,,31199,31199,,8460,0,0,0,8460,0,0,0,0,0,,https://www.calhr.ca.gov,,07/27/2021,,,True,
2020,State Department,"Conservation Corps, California",,Corpsmember,False,False,,31199,31199,,5085,3375,0,0,8460,0,0,0,0,0,,https://www.calhr.ca.gov,,07/27/2021,,,True,
2020,State Department,"Conservation Corps, California",,Corpsmember,False,False,,31199,31199,,4890,3570,0,0,8460,0,0,0,0,0,,https://www.calhr.ca.gov,,07/27/2021,,,True,
2020,State Department,"Conservation Corps, California",,Corpsmember,False,False,,31199,31199,,8460,0,0,0,8460,0,0,0,0,0,,https://www.calhr.ca.gov,,07/27/2021,,,True,
2020,State Department,"Conservation Corps, California",,Corpsmember,False,False,,31199,31199,,5415,3030,0,0,8445,0,0,0,0,0,,https://www.calhr.ca.gov,,07/27/2021,,,True,
2020,State Department,"Conservation Corps, California",,Corpsmember,False,False,,31199,31199,,7095,1350,0,0,8445,0,0,0,0,0,,https://www.calhr.ca.gov,,07/27/2021,,,True,
2020,State Department,"Conservation Corps, California",,Corpsmember,False,False,,31199,31199,,8205,0,225,0,8430,0,0,0,0,0,,https://www.calhr.ca.gov,,07/27/2021,,,True,
2020,State Department,"Conservation Corps, California",,Corpsmember,False,False,,31199,31199,,5535,2880,0,0,8415,0,0,0,0,0,,https://www.calhr.ca.gov,,07/27/2021,,,True,
2020,State Department,"Conservation Corps, California",,Corpsmember,False,False,,31199,31199,,4980,3435,0,0,8415,0,0,0,0,0,,https://www.calhr.ca.gov,,07/27/2021,,,True,
2020,State Department,"Conservation Corps, California",,Corpsmember,False,False,,31199,31199,,8400,0,0,0,8400,0,0,0,0,0,,https://www.calhr.ca.gov,,07/27/2021,,,True,
2020,State Department,"Conservation Corps, California",,Corpsmember,False,False,,31199,31199,,5280,3105,0,0,8385,0,0,0,0,0,,https://www.calhr.ca.gov,,07/27/2021,,,True,
2020,State Department,"Conservation Corps, California",,Corpsmember,False,False,,31199,31199,,5280,3105,0,0,8385,0,0,0,0,0,,https://www.calhr.ca.gov,,07/27/2021,,,True,
2020,State Department,"Conservation Corps, California",,Corpsmember,False,False,,31199,31199,,8385,0,0,0,8385,0,0,0,0,0,,https://www.calhr.ca.gov,,07/27/2021,,,True,
2020,State Department,"Conservation Corps, California",,Corpsmember,False,False,,31199,31199,,5280,3105,0,0,8385,0,0,0,0,0,,https://www.calhr.ca.gov,,07/27/2021,,,True,
2020,State Department,"Conservation Corps, California",,Corpsmember,False,False,,31199,31199,,8220,0,150,0,8370,0,0,0,0,0,,https://www.calhr.ca.gov,,07/27/2021,,,True,
2020,State Department,"Conservation Corps, California",,Corpsmember,False,False,,31199,31199,,4755,3615,0,0,8370,0,0,0,0,0,,https://www.calhr.ca.gov,,07/27/2021,,,True,
2020,State Department,"Conservation Corps, California",,Corpsmember,False,False,,31199,31199,,8280,0,75,0,8355,0,0,0,0,0,,https://www.calhr.ca.gov,,07/27/2021,,,True,
2020,State Department,"Conservation Corps, California",,Corpsmember,False,False,,31199,31199,,6240,2115,0,0,8355,0,0,0,0,0,,https://www.calhr.ca.gov,,07/27/2021,,,True,
2020,State Department,"Conservation Corps, California",,Corpsmember,False,False,,31199,31199,,6360,1980,0,0,8340,0,0,0,0,0,,https://www.calhr.ca.gov,,07/27/2021,,,True,
2020,State Department,"Conservation Corps, California",,Corpsmember,False,False,,31199,31199,,5220,3105,0,0,8325,0,0,0,0,0,,https://www.calhr.ca.gov,,07/27/2021,,,True,
2020,State Department,"Conservation Corps, California",,Corpsmember,False,False,,31199,31199,,8325,0,0,0,8325,0,0,0,0,0,,https://www.calhr.ca.gov,,07/27/2021,,,True,
2020,State Department,"Conservation Corps, California",,Corpsmember,False,False,,31199,31199,,8325,0,0,0,8325,0,0,0,0,0,,https://www.calhr.ca.gov,,07/27/2021,,,True,
2020,State Department,"Conservation Corps, California",,Corpsmember,False,False,,31199,31199,,8310,0,0,0,8310,0,0,0,0,0,,https://www.calhr.ca.gov,,07/27/2021,,,True,
2020,State Department,"Conservation Corps, California",,Corpsmember,False,False,,31199,31199,,5220,3015,75,0,8310,0,0,0,0,0,,https://www.calhr.ca.gov,,07/27/2021,,,True,
2020,State Department,"Conservation Corps, California",,Corpsmember,False,False,,31199,31199,,4830,3465,0,0,8295,0,0,0,0,0,,https://www.calhr.ca.gov,,07/27/2021,,,True,
2020,State Department,"Conservation Corps, California",,Corpsmember,False,False,,31199,31199,,8295,0,0,0,8295,0,0,0,0,0,,https://www.calhr.ca.gov,,07/27/2021,,,True,
2020,State Department,"Conservation Corps, California",,Corpsmember,False,False,,31199,31199,,8280,0,0,0,8280,0,0,0,0,0,,https://www.calhr.ca.gov,,07/27/2021,,,True,
2020,State Department,"Conservation Corps, California",,Corpsmember,False,False,,31199,31199,,7665,615,0,0,8280,0,0,0,0,0,,https://www.calhr.ca.gov,,07/27/2021,,,True,
2020,State Department,"Conservation Corps, California",,Corpsmember,False,False,,31199,31199,,8235,0,0,0,8235,0,0,0,0,0,,https://www.calhr.ca.gov,,07/27/2021,,,True,
2020,State Department,"Conservation Corps, California",,Corpsmember Promo 1,False,False,,31719,31719,,8205,31,0,0,8235,0,0,0,0,0,,https://www.calhr.ca.gov,,07/27/2021,,,True,
2020,State Department,"Conservation Corps, California",,Corpsmember,False,False,,31199,31199,,4890,3330,0,0,8220,0,0,0,0,0,,https://www.calhr.ca.gov,,07/27/2021,,,True,
2020,State Department,"Conservation Corps, California",,Corpsmember,False,False,,31199,31199,,8220,0,0,0,8220,0,0,0,0,0,,https://www.calhr.ca.gov,,07/27/2021,,,True,
2020,State Department,"Conservation Corps, California",,Corpsmember,False,False,,31199,31199,,4830,3375,0,0,8205,0,0,0,0,0,,https://www.calhr.ca.gov,,07/27/2021,,,True,
2020,State Department,"Conservation Corps, California",,Corpsmember,False,False,,31199,31199,,4215,3915,75,0,8205,0,0,0,0,0,,https://www.calhr.ca.gov,,07/27/2021,,,True,
2020,State Department,"Conservation Corps, California",,Corpsmember,False,False,,31199,31199,,5100,3105,0,0,8205,0,0,0,0,0,,https://www.calhr.ca.gov,,07/27/2021,,,True,
2020,State Department,"Conservation Corps, California",,Corpsmember,False,False,,31199,31199,,8205,0,0,0,8205,0,0,0,0,0,,https://www.calhr.ca.gov,,07/27/2021,,,True,
2020,State Department,"Conservation Corps, California",,Corpsmember Promo 1,False,False,,31719,31719,,8205,0,0,0,8205,0,0,0,0,0,,https://www.calhr.ca.gov,,07/27/2021,,,True,
2020,State Department,"Conservation Corps, California",,Corpsmember Promo 1,False,False,,31719,31719,,8205,0,0,0,8205,0,0,0,0,0,,https://www.calhr.ca.gov,,07/27/2021,,,True,
2020,State Department,"Conservation Corps, California",,Corpsmember,False,False,,31199,31199,,8130,30,0,0,8160,0,0,0,0,0,,https://www.calhr.ca.gov,,07/27/2021,,,True,
2020,State Department,"Conservation Corps, California",,Corpsmember,False,False,,31199,31199,,5280,2865,0,0,8145,0,0,0,0,0,,https://www.calhr.ca.gov,,07/27/2021,,,True,
2020,State Department,"Conservation Corps, California",,Corpsmember,False,False,,31199,31199,,5280,2865,0,0,8145,0,0,0,0,0,,https://www.calhr.ca.gov,,07/27/2021,,,True,
2020,State Department,"Conservation Corps, California",,Corpsmember,False,False,,31199,31199,,5280,2865,0,0,8145,0,0,0,0,0,,https://www.calhr.ca.gov,,07/27/2021,,,True,
2020,State Department,"Conservation Corps, California",,Corpsmember,False,False,,31199,31199,,8130,0,0,0,8130,0,0,0,0,0,,https://www.calhr.ca.gov,,07/27/2021,,,True,
2020,State Department,"Conservation Corps, California",,Corpsmember,False,False,,31199,31199,,8130,0,0,0,8130,0,0,0,0,0,,https://www.calhr.ca.gov,,07/27/2021,,,True,
2020,State Department,"Conservation Corps, California",,Corpsmember,False,False,,31199,31199,,3810,4305,0,0,8115,0,0,0,0,0,,https://www.calhr.ca.gov,,07/27/2021,,,True,
2020,State Department,"Conservation Corps, California",,Corpsmember,False,False,,31199,31199,,4965,3150,0,0,8115,0,0,0,0,0,,https://www.calhr.ca.gov,,07/27/2021,,,True,
2020,State Department,"Conservation Corps, California",,Special Corpsmember,False,False,,34319,34319,,8101,0,0,0,8101,0,0,0,0,0,,https://www.calhr.ca.gov,,07/27/2021,,,True,
2020,State Department,"Conservation Corps, California",,Corpsmember,False,False,,31199,31199,,8010,90,0,0,8100,0,0,0,0,0,,https://www.calhr.ca.gov,,07/27/2021,,,True,
2020,State Department,"Conservation Corps, California",,Corpsmember,False,False,,31199,31199,,7875,75,150,0,8100,0,0,0,0,0,,https://www.calhr.ca.gov,,07/27/2021,,,True,
2020,State Department,"Conservation Corps, California",,Corpsmember Promo 2,False,False,,32239,32239,,3813,0,0,4281,8094,0,0,0,0,0,,https://www.calhr.ca.gov,,07/27/2021,,,True,
2020,State Department,"Conservation Corps, California",,Corpsmember,False,False,,31199,31199,,8040,30,0,0,8070,0,0,0,0,0,,https://www.calhr.ca.gov,,07/27/2021,,,True,
2020,State Department,"Conservation Corps, California",,Corpsmember,False,False,,31199,31199,,4215,3855,0,0,8070,0,0,0,0,0,,https://www.calhr.ca.gov,,07/27/2021,,,True,
2020,State Department,"Conservation Corps, California",,Corpsmember,False,False,,31199,31199,,8055,0,0,0,8055,0,0,0,0,0,,https://www.calhr.ca.gov,,07/27/2021,,,True,
2020,State Department,"Conservation Corps, California",,Corpsmember,False,False,,31199,31199,,3810,4245,0,0,8055,0,0,0,0,0,,https://www.calhr.ca.gov,,07/27/2021,,,True,
2020,State Department,"Conservation Corps, California",,Corpsmember,False,False,,31199,31199,,4890,3165,0,0,8055,0,0,0,0,0,,https://www.calhr.ca.gov,,07/27/2021,,,True,
2020,State Department,"Conservation Corps, California",,Corpsmember,False,False,,31199,31199,,4890,3150,0,0,8040,0,0,0,0,0,,https://www.calhr.ca.gov,,07/27/2021,,,True,
2020,State Department,"Conservation Corps, California",,Corpsmember,False,False,,31199,31199,,4965,3075,0,0,8040,0,0,0,0,0,,https://www.calhr.ca.gov,,07/27/2021,,,True,
2020,State Department,"Conservation Corps, California",,Corpsmember,False,False,,31199,31199,,7905,120,0,0,8025,0,0,0,0,0,,https://www.calhr.ca.gov,,07/27/2021,,,True,
2020,State Department,"Conservation Corps, California",,Corpsmember,False,False,,31199,31199,,4965,3045,0,0,8010,0,0,0,0,0,,https://www.calhr.ca.gov,,07/27/2021,,,True,
2020,State Department,"Conservation Corps, California",,Corpsmember,False,False,,31199,31199,,8010,0,0,0,8010,0,0,0,0,0,,https://www.calhr.ca.gov,,07/27/2021,,,True,
2020,State Department,"Conservation Corps, California",,Corpsmember,False,False,,31199,31199,,8010,0,0,0,8010,0,0,0,0,0,,https://www.calhr.ca.gov,,07/27/2021,,,True,
2020,State Department,"Conservation Corps, California",,Corpsmember,False,False,,31199,31199,,3765,4155,75,0,7995,0,0,0,0,0,,https://www.calhr.ca.gov,,07/27/2021,,,True,
2020,State Department,"Conservation Corps, California",,Corpsmember,False,False,,31199,31199,,7980,0,0,0,7980,0,0,0,0,0,,https://www.calhr.ca.gov,,07/27/2021,,,True,
2020,State Department,"Conservation Corps, California",,Corpsmember,False,False,,31199,31199,,4905,3075,0,0,7980,0,0,0,0,0,,https://www.calhr.ca.gov,,07/27/2021,,,True,
2020,State Department,"Conservation Corps, California",,Corpsmember,False,False,,31199,31199,,4980,2985,0,0,7965,0,0,0,0,0,,https://www.calhr.ca.gov,,07/27/2021,,,True,
2020,State Department,"Conservation Corps, California",,Corpsmember,False,False,,31199,31199,,7620,315,0,0,7935,0,0,0,0,0,,https://www.calhr.ca.gov,,07/27/2021,,,True,
2020,State Department,"Conservation Corps, California",,Corpsmember,False,False,,31199,31199,,6045,1815,75,0,7935,0,0,0,0,0,,https://www.calhr.ca.gov,,07/27/2021,,,True,
2020,State Department,"Conservation Corps, California",,Corpsmember,False,False,,31199,31199,,5220,2715,0,0,7935,0,0,0,0,0,,https://www.calhr.ca.gov,,07/27/2021,,,True,
2020,State Department,"Conservation Corps, California",,Corpsmember,False,False,,31199,31199,,4215,3645,75,0,7935,0,0,0,0,0,,https://www.calhr.ca.gov,,07/27/2021,,,True,
2020,State Department,"Conservation Corps, California",,Accounting Administrator II,False,False,,80664,100224,,7543,0,380,0,7922,2574,0,0,1541,4115,2.00% @ 55,https://www.calhr.ca.gov,,07/27/2021,,,True,
2020,State Department,"Conservation Corps, California",,Corpsmember,False,False,,31199,31199,,5280,2625,0,0,7905,0,0,0,0,0,,https://www.calhr.ca.gov,,07/27/2021,,,True,
2020,State Department,"Conservation Corps, California",,Corpsmember,False,False,,31199,31199,,4890,3015,0,0,7905,0,0,0,0,0,,https://www.calhr.ca.gov,,07/27/2021,,,True,
2020,State Department,"Conservation Corps, California",,Corpsmember,False,False,,31199,31199,,7755,0,150,0,7905,0,0,0,0,0,,https://www.calhr.ca.gov,,07/27/2021,,,True,
2020,State Department,"Conservation Corps, California",,Corpsmember,False,False,,31199,31199,,7875,15,0,0,7890,0,0,0,0,0,,https://www.calhr.ca.gov,,07/27/2021,,,True,
2020,State Department,"Conservation Corps, California",,Corpsmember,False,False,,31199,31199,,7875,0,0,0,7875,0,0,0,0,0,,https://www.calhr.ca.gov,,07/27/2021,,,True,
2020,State Department,"Conservation Corps, California",,Corpsmember,False,False,,31199,31199,,7860,0,0,0,7860,0,0,0,0,0,,https://www.calhr.ca.gov,,07/27/2021,,,True,
2020,State Department,"Conservation Corps, California",,Corpsmember,False,False,,31199,31199,,7620,0,225,0,7845,0,0,0,0,0,,https://www.calhr.ca.gov,,07/27/2021,,,True,
2020,State Department,"Conservation Corps, California",,Corpsmember,False,False,,31199,31199,,7620,0,225,0,7845,0,0,0,0,0,,https://www.calhr.ca.gov,,07/27/2021,,,True,
2020,State Department,"Conservation Corps, California",,Corpsmember,False,False,,31199,31199,,7395,435,0,0,7830,0,0,0,0,0,,https://www.calhr.ca.gov,,07/27/2021,,,True,
2020,State Department,"Conservation Corps, California",,Corpsmember,False,False,,31199,31199,,4125,3615,75,0,7815,0,0,0,0,0,,https://www.calhr.ca.gov,,07/27/2021,,,True,
2020,State Department,"Conservation Corps, California",,Corpsmember Promo 1,False,False,,31719,31719,,7808,0,0,0,7808,0,0,0,0,0,,https://www.calhr.ca.gov,,07/27/2021,,,True,
2020,State Department,"Conservation Corps, California",,Corpsmember,False,False,,31199,31199,,5220,2580,0,0,7800,0,0,0,0,0,,https://www.calhr.ca.gov,,07/27/2021,,,True,
2020,State Department,"Conservation Corps, California",,Corpsmember,False,False,,31199,31199,,4365,3435,0,0,7800,0,0,0,0,0,,https://www.calhr.ca.gov,,07/27/2021,,,True,
2020,State Department,"Conservation Corps, California",,Corpsmember,False,False,,31199,31199,,4590,3135,75,0,7800,0,0,0,0,0,,https://www.calhr.ca.gov,,07/27/2021,,,True,
2020,State Department,"Conservation Corps, California",,Corpsmember,False,False,,31199,31199,,5220,2580,0,0,7800,0,0,0,0,0,,https://www.calhr.ca.gov,,07/27/2021,,,True,
2020,State Department,"Conservation Corps, California",,Corpsmember,False,False,,31199,31199,,5220,2580,0,0,7800,0,0,0,0,0,,https://www.calhr.ca.gov,,07/27/2021,,,True,
2020,State Department,"Conservation Corps, California",,Corpsmember,False,False,,31199,31199,,5220,2580,0,0,7800,0,0,0,0,0,,https://www.calhr.ca.gov,,07/27/2021,,,True,
2020,State Department,"Conservation Corps, California",,Corpsmember,False,False,,31199,31199,,3960,3765,75,0,7800,0,0,0,0,0,,https://www.calhr.ca.gov,,07/27/2021,,,True,
2020,State Department,"Conservation Corps, California",,Corpsmember,False,False,,31199,31199,,4830,2970,0,0,7800,0,0,0,0,0,,https://www.calhr.ca.gov,,07/27/2021,,,True,
2020,State Department,"Conservation Corps, California",,Corpsmember,False,False,,31199,31199,,7800,0,0,0,7800,0,0,0,0,0,,https://www.calhr.ca.gov,,07/27/2021,,,True,
2020,State Department,"Conservation Corps, California",,Corpsmember,False,False,,31199,31199,,7695,0,75,0,7770,0,0,0,0,0,,https://www.calhr.ca.gov,,07/27/2021,,,True,
2020,State Department,"Conservation Corps, California",,Corpsmember,False,False,,31199,31199,,5220,2550,0,0,7770,0,0,0,0,0,,https://www.calhr.ca.gov,,07/27/2021,,,True,
2020,State Department,"Conservation Corps, California",,Corpsmember,False,False,,31199,31199,,4515,3240,0,0,7755,0,0,0,0,0,,https://www.calhr.ca.gov,,07/27/2021,,,True,
2020,State Department,"Conservation Corps, California",,Corpsmember,False,False,,31199,31199,,7695,60,0,0,7755,0,0,0,0,0,,https://www.calhr.ca.gov,,07/27/2021,,,True,
2020,State Department,"Conservation Corps, California",,Corpsmember,False,False,,31199,31199,,5415,2325,0,0,7740,0,0,0,0,0,,https://www.calhr.ca.gov,,07/27/2021,,,True,
2020,State Department,"Conservation Corps, California",,Corpsmember,False,False,,31199,31199,,7725,0,0,0,7725,0,0,0,0,0,,https://www.calhr.ca.gov,,07/27/2021,,,True,
2020,State Department,"Conservation Corps, California",,Corpsmember,False,False,,31199,31199,,5220,2490,0,0,7710,0,0,0,0,0,,https://www.calhr.ca.gov,,07/27/2021,,,True,
2020,State Department,"Conservation Corps, California",,Corpsmember,False,False,,31199,31199,,7695,0,0,0,7695,0,0,0,0,0,,https://www.calhr.ca.gov,,07/27/2021,,,True,
2020,State Department,"Conservation Corps, California",,Corpsmember,False,False,,31199,31199,,7620,0,75,0,7695,0,0,0,0,0,,https://www.calhr.ca.gov,,07/27/2021,,,True,
2020,State Department,"Conservation Corps, California",,"Supervising Cook I, Range A",False,False,,46116,56712,,7686,0,0,0,7686,2257,0,0,10,2268,2.00% @ 55,https://www.calhr.ca.gov,,07/27/2021,,,True,
2020,State Department,"Conservation Corps, California",,Corpsmember,False,False,,31199,31199,,7635,0,0,0,7635,0,0,0,0,0,,https://www.calhr.ca.gov,,07/27/2021,,,True,
2020,State Department,"Conservation Corps, California",,Corpsmember,False,False,,31199,31199,,7635,0,0,0,7635,0,0,0,0,0,,https://www.calhr.ca.gov,,07/27/2021,,,True,
2020,State Department,"Conservation Corps, California",,Corpsmember,False,False,,31199,31199,,7560,60,0,0,7620,0,0,0,0,0,,https://www.calhr.ca.gov,,07/27/2021,,,True,
2020,State Department,"Conservation Corps, California",,Corpsmember,False,False,,31199,31199,,7620,0,0,0,7620,0,0,0,0,0,,https://www.calhr.ca.gov,,07/27/2021,,,True,
2020,State Department,"Conservation Corps, California",,Corpsmember,False,False,,31199,31199,,7620,0,0,0,7620,0,0,0,0,0,,https://www.calhr.ca.gov,,07/27/2021,,,True,
2020,State Department,"Conservation Corps, California",,Corpsmember,False,False,,31199,31199,,7620,0,0,0,7620,0,0,0,0,0,,https://www.calhr.ca.gov,,07/27/2021,,,True,
2020,State Department,"Conservation Corps, California",,Corpsmember,False,False,,31199,31199,,7620,0,0,0,7620,0,0,0,0,0,,https://www.calhr.ca.gov,,07/27/2021,,,True,
2020,State Department,"Conservation Corps, California",,Corpsmember,False,False,,31199,31199,,7620,0,0,0,7620,0,0,0,0,0,,https://www.calhr.ca.gov,,07/27/2021,,,True,
2020,State Department,"Conservation Corps, California",,Corpsmember,False,False,,31199,31199,,7620,0,0,0,7620,0,0,0,0,0,,https://www.calhr.ca.gov,,07/27/2021,,,True,
2020,State Department,"Conservation Corps, California",,Corpsmember,False,False,,31199,31199,,7620,0,0,0,7620,0,0,0,0,0,,https://www.calhr.ca.gov,,07/27/2021,,,True,
2020,State Department,"Conservation Corps, California",,Corpsmember,False,False,,31199,31199,,7620,0,0,0,7620,0,0,0,0,0,,https://www.calhr.ca.gov,,07/27/2021,,,True,
2020,State Department,"Conservation Corps, California",,Corpsmember,False,False,,31199,31199,,6765,690,150,0,7605,0,0,0,0,0,,https://www.calhr.ca.gov,,07/27/2021,,,True,
2020,State Department,"Conservation Corps, California",,Corpsmember,False,False,,31199,31199,,7320,285,0,0,7605,0,0,0,0,0,,https://www.calhr.ca.gov,,07/27/2021,,,True,
2020,State Department,"Conservation Corps, California",,Corpsmember,False,False,,31199,31199,,7575,0,0,0,7575,0,0,0,0,0,,https://www.calhr.ca.gov,,07/27/2021,,,True,
2020,State Department,"Conservation Corps, California",,Corpsmember,False,False,,31199,31199,,7560,0,0,0,7560,0,0,0,0,0,,https://www.calhr.ca.gov,,07/27/2021,,,True,
2020,State Department,"Conservation Corps, California",,Corpsmember,False,False,,31199,31199,,3510,4050,0,0,7560,0,0,0,0,0,,https://www.calhr.ca.gov,,07/27/2021,,,True,
2020,State Department,"Conservation Corps, California",,Corpsmember,False,False,,31199,31199,,7560,0,0,0,7560,0,0,0,0,0,,https://www.calhr.ca.gov,,07/27/2021,,,True,
2020,State Department,"Conservation Corps, California",,Corpsmember,False,False,,31199,31199,,4830,2715,0,0,7545,0,0,0,0,0,,https://www.calhr.ca.gov,,07/27/2021,,,True,
2020,State Department,"Conservation Corps, California",,Corpsmember,False,False,,31199,31199,,6180,1350,0,0,7530,0,0,0,0,0,,https://www.calhr.ca.gov,,07/27/2021,,,True,
2020,State Department,"Conservation Corps, California",,Corpsmember,False,False,,31199,31199,,7020,510,0,0,7530,0,0,0,0,0,,https://www.calhr.ca.gov,,07/27/2021,,,True,
2020,State Department,"Conservation Corps, California",,Corpsmember,False,False,,31199,31199,,7515,0,0,0,7515,0,0,0,0,0,,https://www.calhr.ca.gov,,07/27/2021,,,True,
2020,State Department,"Conservation Corps, California",,Corpsmember,False,False,,31199,31199,,4080,3390,0,0,7470,0,0,0,0,0,,https://www.calhr.ca.gov,,07/27/2021,,,True,
2020,State Department,"Conservation Corps, California",,Corpsmember,False,False,,31199,31199,,7380,0,75,0,7455,0,0,0,0,0,,https://www.calhr.ca.gov,,07/27/2021,,,True,
2020,State Department,"Conservation Corps, California",,Corpsmember,False,False,,31199,31199,,5010,2445,0,0,7455,0,0,0,0,0,,https://www.calhr.ca.gov,,07/27/2021,,,True,
2020,State Department,"Conservation Corps, California",,Corpsmember,False,False,,31199,31199,,7455,0,0,0,7455,0,0,0,0,0,,https://www.calhr.ca.gov,,07/27/2021,,,True,
2020,State Department,"Conservation Corps, California",,Corpsmember,False,False,,31199,31199,,7455,0,0,0,7455,0,0,0,0,0,,https://www.calhr.ca.gov,,07/27/2021,,,True,
2020,State Department,"Conservation Corps, California",,Corpsmember,False,False,,31199,31199,,7440,0,0,0,7440,0,0,0,0,0,,https://www.calhr.ca.gov,,07/27/2021,,,True,
2020,State Department,"Conservation Corps, California",,Corpsmember,False,False,,31199,31199,,7410,0,0,0,7410,0,0,0,0,0,,https://www.calhr.ca.gov,,07/27/2021,,,True,
2020,State Department,"Conservation Corps, California",,Corpsmember,False,False,,31199,31199,,7395,0,0,0,7395,0,0,0,0,0,,https://www.calhr.ca.gov,,07/27/2021,,,True,
2020,State Department,"Conservation Corps, California",,Corpsmember,False,False,,31199,31199,,7305,0,75,0,7380,0,0,0,0,0,,https://www.calhr.ca.gov,,07/27/2021,,,True,
2020,State Department,"Conservation Corps, California",,Corpsmember,False,False,,31199,31199,,7380,0,0,0,7380,0,0,0,0,0,,https://www.calhr.ca.gov,,07/27/2021,,,True,
2020,State Department,"Conservation Corps, California",,Corpsmember,False,False,,31199,31199,,7140,0,225,0,7365,0,0,0,0,0,,https://www.calhr.ca.gov,,07/27/2021,,,True,
2020,State Department,"Conservation Corps, California",,Corpsmember,False,False,,31199,31199,,4965,2400,0,0,7365,0,0,0,0,0,,https://www.calhr.ca.gov,,07/27/2021,,,True,
2020,State Department,"Conservation Corps, California",,Corpsmember,False,False,,31199,31199,,7350,0,0,0,7350,0,0,0,0,0,,https://www.calhr.ca.gov,,07/27/2021,,,True,
2020,State Department,"Conservation Corps, California",,Corpsmember,False,False,,31199,31199,,3945,3405,0,0,7350,0,0,0,0,0,,https://www.calhr.ca.gov,,07/27/2021,,,True,
2020,State Department,"Conservation Corps, California",,Corpsmember,False,False,,31199,31199,,4965,2385,0,0,7350,0,0,0,0,0,,https://www.calhr.ca.gov,,07/27/2021,,,True,
2020,State Department,"Conservation Corps, California",,Corpsmember,False,False,,31199,31199,,4770,2580,0,0,7350,0,0,0,0,0,,https://www.calhr.ca.gov,,07/27/2021,,,True,
2020,State Department,"Conservation Corps, California",,Corpsmember,False,False,,31199,31199,,4425,2880,0,0,7305,0,0,0,0,0,,https://www.calhr.ca.gov,,07/27/2021,,,True,
2020,State Department,"Conservation Corps, California",,Corpsmember,False,False,,31199,31199,,7290,15,0,0,7305,0,0,0,0,0,,https://www.calhr.ca.gov,,07/27/2021,,,True,
2020,State Department,"Conservation Corps, California",,Corpsmember,False,False,,31199,31199,,7200,15,75,0,7290,0,0,0,0,0,,https://www.calhr.ca.gov,,07/27/2021,,,True,
2020,State Department,"Conservation Corps, California",,Corpsmember,False,False,,31199,31199,,5715,1560,0,0,7275,0,0,0,0,0,,https://www.calhr.ca.gov,,07/27/2021,,,True,
2020,State Department,"Conservation Corps, California",,Corpsmember,False,False,,31199,31199,,5715,1560,0,0,7275,0,0,0,0,0,,https://www.calhr.ca.gov,,07/27/2021,,,True,
2020,State Department,"Conservation Corps, California",,Corpsmember,False,False,,31199,31199,,7260,0,0,0,7260,0,0,0,0,0,,https://www.calhr.ca.gov,,07/27/2021,,,True,
2020,State Department,"Conservation Corps, California",,Corpsmember,False,False,,31199,31199,,7215,45,0,0,7260,0,0,0,0,0,,https://www.calhr.ca.gov,,07/27/2021,,,True,
2020,State Department,"Conservation Corps, California",,Corpsmember,False,False,,31199,31199,,7185,0,75,0,7260,0,0,0,0,0,,https://www.calhr.ca.gov,,07/27/2021,,,True,
2020,State Department,"Conservation Corps, California",,Corpsmember,False,False,,31199,31199,,7260,0,0,0,7260,0,0,0,0,0,,https://www.calhr.ca.gov,,07/27/2021,,,True,
2020,State Department,"Conservation Corps, California",,Corpsmember,False,False,,31199,31199,,7260,0,0,0,7260,0,0,0,0,0,,https://www.calhr.ca.gov,,07/27/2021,,,True,
2020,State Department,"Conservation Corps, California",,Corpsmember,False,False,,31199,31199,,5220,2025,0,0,7245,0,0,0,0,0,,https://www.calhr.ca.gov,,07/27/2021,,,True,
2020,State Department,"Conservation Corps, California",,Corpsmember,False,False,,31199,31199,,5220,2025,0,0,7245,0,0,0,0,0,,https://www.calhr.ca.gov,,07/27/2021,,,True,
2020,State Department,"Conservation Corps, California",,Corpsmember,False,False,,31199,31199,,5220,2025,0,0,7245,0,0,0,0,0,,https://www.calhr.ca.gov,,07/27/2021,,,True,
2020,State Department,"Conservation Corps, California",,Corpsmember,False,False,,31199,31199,,5220,2025,0,0,7245,0,0,0,0,0,,https://www.calhr.ca.gov,,07/27/2021,,,True,
2020,State Department,"Conservation Corps, California",,Corpsmember,False,False,,31199,31199,,7155,0,75,0,7230,0,0,0,0,0,,https://www.calhr.ca.gov,,07/27/2021,,,True,
2020,State Department,"Conservation Corps, California",,Special Corpsmember,False,False,,34319,34319,,7211,0,0,0,7211,0,0,0,0,0,,https://www.calhr.ca.gov,,07/27/2021,,,True,
2020,State Department,"Conservation Corps, California",,Corpsmember,False,False,,31199,31199,,7140,60,0,0,7200,0,0,0,0,0,,https://www.calhr.ca.gov,,07/27/2021,,,True,
2020,State Department,"Conservation Corps, California",,Corpsmember,False,False,,31199,31199,,7200,0,0,0,7200,0,0,0,0,0,,https://www.calhr.ca.gov,,07/27/2021,,,True,
2020,State Department,"Conservation Corps, California",,Corpsmember,False,False,,31199,31199,,7200,0,0,0,7200,0,0,0,0,0,,https://www.calhr.ca.gov,,07/27/2021,,,True,
2020,State Department,"Conservation Corps, California",,Corpsmember,False,False,,31199,31199,,7005,0,150,0,7155,0,0,0,0,0,,https://www.calhr.ca.gov,,07/27/2021,,,True,
2020,State Department,"Conservation Corps, California",,Corpsmember,False,False,,31199,31199,,4935,2220,0,0,7155,0,0,0,0,0,,https://www.calhr.ca.gov,,07/27/2021,,,True,
2020,State Department,"Conservation Corps, California",,Corpsmember,False,False,,31199,31199,,4095,3060,0,0,7155,0,0,0,0,0,,https://www.calhr.ca.gov,,07/27/2021,,,True,
2020,State Department,"Conservation Corps, California",,Corpsmember,False,False,,31199,31199,,7140,0,0,0,7140,0,0,0,0,0,,https://www.calhr.ca.gov,,07/27/2021,,,True,
2020,State Department,"Conservation Corps, California",,Corpsmember,False,False,,31199,31199,,7140,0,0,0,7140,0,0,0,0,0,,https://www.calhr.ca.gov,,07/27/2021,,,True,
2020,State Department,"Conservation Corps, California",,Corpsmember,False,False,,31199,31199,,6060,1080,0,0,7140,0,0,0,0,0,,https://www.calhr.ca.gov,,07/27/2021,,,True,
2020,State Department,"Conservation Corps, California",,Corpsmember,False,False,,31199,31199,,7125,0,0,0,7125,0,0,0,0,0,,https://www.calhr.ca.gov,,07/27/2021,,,True,
2020,State Department,"Conservation Corps, California",,Corpsmember,False,False,,31199,31199,,7125,0,0,0,7125,0,0,0,0,0,,https://www.calhr.ca.gov,,07/27/2021,,,True,
2020,State Department,"Conservation Corps, California",,Corpsmember,False,False,,31199,31199,,3510,3600,0,0,7110,0,0,0,0,0,,https://www.calhr.ca.gov,,07/27/2021,,,True,
2020,State Department,"Conservation Corps, California",,Corpsmember,False,False,,31199,31199,,3585,3435,75,0,7095,0,0,0,0,0,,https://www.calhr.ca.gov,,07/27/2021,,,True,
2020,State Department,"Conservation Corps, California",,Corpsmember,False,False,,31199,31199,,7095,0,0,0,7095,0,0,0,0,0,,https://www.calhr.ca.gov,,07/27/2021,,,True,
2020,State Department,"Conservation Corps, California",,Corpsmember,False,False,,31199,31199,,7020,0,75,0,7095,0,0,0,0,0,,https://www.calhr.ca.gov,,07/27/2021,,,True,
2020,State Department,"Conservation Corps, California",,Corpsmember,False,False,,31199,31199,,7080,0,0,0,7080,0,0,0,0,0,,https://www.calhr.ca.gov,,07/27/2021,,,True,
2020,State Department,"Conservation Corps, California",,Corpsmember,False,False,,31199,31199,,7005,0,75,0,7080,0,0,0,0,0,,https://www.calhr.ca.gov,,07/27/2021,,,True,
2020,State Department,"Conservation Corps, California",,Corpsmember,False,False,,31199,31199,,7005,0,75,0,7080,0,0,0,0,0,,https://www.calhr.ca.gov,,07/27/2021,,,True,
2020,State Department,"Conservation Corps, California",,Special Corpsmember,False,False,,34319,34319,,6732,334,0,0,7066,0,0,0,0,0,,https://www.calhr.ca.gov,,07/27/2021,,,True,
2020,State Department,"Conservation Corps, California",,Corpsmember,False,False,,31199,31199,,7065,0,0,0,7065,0,0,0,0,0,,https://www.calhr.ca.gov,,07/27/2021,,,True,
2020,State Department,"Conservation Corps, California",,Corpsmember,False,False,,31199,31199,,7065,0,0,0,7065,0,0,0,0,0,,https://www.calhr.ca.gov,,07/27/2021,,,True,
2020,State Department,"Conservation Corps, California",,Corpsmember,False,False,,31199,31199,,5115,1935,0,0,7050,0,0,0,0,0,,https://www.calhr.ca.gov,,07/27/2021,,,True,
2020,State Department,"Conservation Corps, California",,"Office Technician (Typing), Range A",False,False,,37728,47220,,7025,0,0,0,7025,2239,0,0,3320,5558,2.00% @ 55,https://www.calhr.ca.gov,,07/27/2021,,,True,
2020,State Department,"Conservation Corps, California",,Corpsmember,False,False,,31199,31199,,6945,0,75,0,7020,0,0,0,0,0,,https://www.calhr.ca.gov,,07/27/2021,,,True,
2020,State Department,"Conservation Corps, California",,Corpsmember,False,False,,31199,31199,,7020,0,0,0,7020,0,0,0,0,0,,https://www.calhr.ca.gov,,07/27/2021,,,True,
2020,State Department,"Conservation Corps, California",,Corpsmember,False,False,,31199,31199,,5010,1995,0,0,7005,0,0,0,0,0,,https://www.calhr.ca.gov,,07/27/2021,,,True,
2020,State Department,"Conservation Corps, California",,Corpsmember,False,False,,31199,31199,,7005,0,0,0,7005,0,0,0,0,0,,https://www.calhr.ca.gov,,07/27/2021,,,True,
2020,State Department,"Conservation Corps, California",,Corpsmember,False,False,,31199,31199,,5220,1785,0,0,7005,0,0,0,0,0,,https://www.calhr.ca.gov,,07/27/2021,,,True,
2020,State Department,"Conservation Corps, California",,Corpsmember,False,False,,31199,31199,,7005,0,0,0,7005,0,0,0,0,0,,https://www.calhr.ca.gov,,07/27/2021,,,True,
2020,State Department,"Conservation Corps, California",,Corpsmember,False,False,,31199,31199,,7005,0,0,0,7005,0,0,0,0,0,,https://www.calhr.ca.gov,,07/27/2021,,,True,
2020,State Department,"Conservation Corps, California",,Corpsmember,False,False,,31199,31199,,7005,0,0,0,7005,0,0,0,0,0,,https://www.calhr.ca.gov,,07/27/2021,,,True,
2020,State Department,"Conservation Corps, California",,Corpsmember Promo 1,False,False,,31719,31719,,7000,0,0,0,7000,0,0,0,0,0,,https://www.calhr.ca.gov,,07/27/2021,,,True,
2020,State Department,"Conservation Corps, California",,Corpsmember,False,False,,31199,31199,,3690,3300,0,0,6990,0,0,0,0,0,,https://www.calhr.ca.gov,,07/27/2021,,,True,
2020,State Department,"Conservation Corps, California",,Corpsmember,False,False,,31199,31199,,6900,90,0,0,6990,0,0,0,0,0,,https://www.calhr.ca.gov,,07/27/2021,,,True,
2020,State Department,"Conservation Corps, California",,Corpsmember,False,False,,31199,31199,,4095,2865,0,0,6960,0,0,0,0,0,,https://www.calhr.ca.gov,,07/27/2021,,,True,
2020,State Department,"Conservation Corps, California",,Corpsmember,False,False,,31199,31199,,6825,120,0,0,6945,0,0,0,0,0,,https://www.calhr.ca.gov,,07/27/2021,,,True,
2020,State Department,"Conservation Corps, California",,Corpsmember,False,False,,31199,31199,,6945,0,0,0,6945,0,0,0,0,0,,https://www.calhr.ca.gov,,07/27/2021,,,True,
2020,State Department,"Conservation Corps, California",,Corpsmember,False,False,,31199,31199,,3585,3345,0,0,6930,0,0,0,0,0,,https://www.calhr.ca.gov,,07/27/2021,,,True,
2020,State Department,"Conservation Corps, California",,Corpsmember,False,False,,31199,31199,,6885,0,0,0,6885,0,0,0,0,0,,https://www.calhr.ca.gov,,07/27/2021,,,True,
2020,State Department,"Conservation Corps, California",,Corpsmember,False,False,,31199,31199,,3585,3285,0,0,6870,0,0,0,0,0,,https://www.calhr.ca.gov,,07/27/2021,,,True,
2020,State Department,"Conservation Corps, California",,Corpsmember,False,False,,31199,31199,,6855,0,0,0,6855,0,0,0,0,0,,https://www.calhr.ca.gov,,07/27/2021,,,True,
2020,State Department,"Conservation Corps, California",,Corpsmember,False,False,,31199,31199,,6840,0,0,0,6840,0,0,0,0,0,,https://www.calhr.ca.gov,,07/27/2021,,,True,
2020,State Department,"Conservation Corps, California",,Corpsmember,False,False,,31199,31199,,5715,1095,0,0,6810,0,0,0,0,0,,https://www.calhr.ca.gov,,07/27/2021,,,True,
2020,State Department,"Conservation Corps, California",,"Administrative Officer I, Resources Agency, Range B",False,False,,55632,68856,,6743,54,0,0,6797,1981,0,0,84,2065,2.00% @ 55,https://www.calhr.ca.gov,,07/27/2021,,,True,
2020,State Department,"Conservation Corps, California",,Corpsmember,False,False,,31199,31199,,3825,2970,0,0,6795,0,0,0,0,0,,https://www.calhr.ca.gov,,07/27/2021,,,True,
2020,State Department,"Conservation Corps, California",,Corpsmember,False,False,,31199,31199,,6795,0,0,0,6795,0,0,0,0,0,,https://www.calhr.ca.gov,,07/27/2021,,,True,
2020,State Department,"Conservation Corps, California",,Corpsmember,False,False,,31199,31199,,6780,0,0,0,6780,0,0,0,0,0,,https://www.calhr.ca.gov,,07/27/2021,,,True,
2020,State Department,"Conservation Corps, California",,Corpsmember,False,False,,31199,31199,,4890,1890,0,0,6780,0,0,0,0,0,,https://www.calhr.ca.gov,,07/27/2021,,,True,
2020,State Department,"Conservation Corps, California",,Corpsmember,False,False,,31199,31199,,6765,0,0,0,6765,0,0,0,0,0,,https://www.calhr.ca.gov,,07/27/2021,,,True,
2020,State Department,"Conservation Corps, California",,Corpsmember,False,False,,31199,31199,,6765,0,0,0,6765,0,0,0,0,0,,https://www.calhr.ca.gov,,07/27/2021,,,True,
2020,State Department,"Conservation Corps, California",,Corpsmember,False,False,,31199,31199,,6765,0,0,0,6765,0,0,0,0,0,,https://www.calhr.ca.gov,,07/27/2021,,,True,
2020,State Department,"Conservation Corps, California",,Corpsmember Promo 1,False,False,,31719,31719,,6680,0,76,0,6756,0,0,0,0,0,,https://www.calhr.ca.gov,,07/27/2021,,,True,
2020,State Department,"Conservation Corps, California",,Corpsmember,False,False,,31199,31199,,6750,0,0,0,6750,0,0,0,0,0,,https://www.calhr.ca.gov,,07/27/2021,,,True,
2020,State Department,"Conservation Corps, California",,Corpsmember,False,False,,31199,31199,,6735,0,0,0,6735,0,0,0,0,0,,https://www.calhr.ca.gov,,07/27/2021,,,True,
2020,State Department,"Conservation Corps, California",,Corpsmember,False,False,,31199,31199,,3975,2745,0,0,6720,0,0,0,0,0,,https://www.calhr.ca.gov,,07/27/2021,,,True,
2020,State Department,"Conservation Corps, California",,Corpsmember,False,False,,31199,31199,,4395,2235,75,0,6705,0,0,0,0,0,,https://www.calhr.ca.gov,,07/27/2021,,,True,
2020,State Department,"Conservation Corps, California",,Corpsmember,False,False,,31199,31199,,4860,1770,75,0,6705,0,0,0,0,0,,https://www.calhr.ca.gov,,07/27/2021,,,True,
2020,State Department,"Conservation Corps, California",,Corpsmember,False,False,,31199,31199,,6705,0,0,0,6705,0,0,0,0,0,,https://www.calhr.ca.gov,,07/27/2021,,,True,
2020,State Department,"Conservation Corps, California",,Corpsmember,False,False,,31199,31199,,6705,0,0,0,6705,0,0,0,0,0,,https://www.calhr.ca.gov,,07/27/2021,,,True,
2020,State Department,"Conservation Corps, California",,Special Corpsmember,False,False,,34319,34319,,6691,0,0,0,6691,0,0,0,0,0,,https://www.calhr.ca.gov,,07/27/2021,,,True,
2020,State Department,"Conservation Corps, California",,Corpsmember,False,False,,31199,31199,,5025,1665,0,0,6690,0,0,0,0,0,,https://www.calhr.ca.gov,,07/27/2021,,,True,
2020,State Department,"Conservation Corps, California",,Corpsmember,False,False,,31199,31199,,4965,1710,0,0,6675,0,0,0,0,0,,https://www.calhr.ca.gov,,07/27/2021,,,True,
2020,State Department,"Conservation Corps, California",,Corpsmember,False,False,,31199,31199,,4710,1965,0,0,6675,0,0,0,0,0,,https://www.calhr.ca.gov,,07/27/2021,,,True,
2020,State Department,"Conservation Corps, California",,Corpsmember,False,False,,31199,31199,,3135,3525,0,0,6660,0,0,0,0,0,,https://www.calhr.ca.gov,,07/27/2021,,,True,
2020,State Department,"Conservation Corps, California",,Corpsmember,False,False,,31199,31199,,3570,3090,0,0,6660,0,0,0,0,0,,https://www.calhr.ca.gov,,07/27/2021,,,True,
2020,State Department,"Conservation Corps, California",,Corpsmember,False,False,,31199,31199,,4965,1680,0,0,6645,0,0,0,0,0,,https://www.calhr.ca.gov,,07/27/2021,,,True,
2020,State Department,"Conservation Corps, California",,Corpsmember,False,False,,31199,31199,,4485,2145,0,0,6630,0,0,0,0,0,,https://www.calhr.ca.gov,,07/27/2021,,,True,
2020,State Department,"Conservation Corps, California",,Corpsmember,False,False,,31199,31199,,3510,3105,0,0,6615,0,0,0,0,0,,https://www.calhr.ca.gov,,07/27/2021,,,True,
2020,State Department,"Conservation Corps, California",,Corpsmember,False,False,,31199,31199,,6465,150,0,0,6615,0,0,0,0,0,,https://www.calhr.ca.gov,,07/27/2021,,,True,
2020,State Department,"Conservation Corps, California",,Corpsmember,False,False,,31199,31199,,3570,3030,0,0,6600,0,0,0,0,0,,https://www.calhr.ca.gov,,07/27/2021,,,True,
2020,State Department,"Conservation Corps, California",,Corpsmember,False,False,,31199,31199,,5430,1170,0,0,6600,0,0,0,0,0,,https://www.calhr.ca.gov,,07/27/2021,,,True,
2020,State Department,"Conservation Corps, California",,Corpsmember,False,False,,31199,31199,,3570,3030,0,0,6600,0,0,0,0,0,,https://www.calhr.ca.gov,,07/27/2021,,,True,
2020,State Department,"Conservation Corps, California",,Corpsmember,False,False,,31199,31199,,3585,2925,75,0,6585,0,0,0,0,0,,https://www.calhr.ca.gov,,07/27/2021,,,True,
2020,State Department,"Conservation Corps, California",,Corpsmember,False,False,,31199,31199,,6585,0,0,0,6585,0,0,0,0,0,,https://www.calhr.ca.gov,,07/27/2021,,,True,
2020,State Department,"Conservation Corps, California",,Corpsmember,False,False,,31199,31199,,6585,0,0,0,6585,0,0,0,0,0,,https://www.calhr.ca.gov,,07/27/2021,,,True,
2020,State Department,"Conservation Corps, California",,Corpsmember,False,False,,31199,31199,,4020,2565,0,0,6585,0,0,0,0,0,,https://www.calhr.ca.gov,,07/27/2021,,,True,
2020,State Department,"Conservation Corps, California",,Corpsmember,False,False,,31199,31199,,3570,3015,0,0,6585,0,0,0,0,0,,https://www.calhr.ca.gov,,07/27/2021,,,True,
2020,State Department,"Conservation Corps, California",,Corpsmember,False,False,,31199,31199,,6465,105,0,0,6570,0,0,0,0,0,,https://www.calhr.ca.gov,,07/27/2021,,,True,
2020,State Department,"Conservation Corps, California",,Corpsmember,False,False,,31199,31199,,6555,0,0,0,6555,0,0,0,0,0,,https://www.calhr.ca.gov,,07/27/2021,,,True,
2020,State Department,"Conservation Corps, California",,Corpsmember,False,False,,31199,31199,,6405,0,120,0,6525,0,0,0,0,0,,https://www.calhr.ca.gov,,07/27/2021,,,True,
2020,State Department,"Conservation Corps, California",,Special Corpsmember,False,False,,34319,34319,,6432,0,66,15,6513,5,0,0,0,5,,https://www.calhr.ca.gov,,07/27/2021,,,True,
2020,State Department,"Conservation Corps, California",,Corpsmember,False,False,,31199,31199,,5220,1275,0,0,6495,0,0,0,0,0,,https://www.calhr.ca.gov,,07/27/2021,,,True,
2020,State Department,"Conservation Corps, California",,Corpsmember,False,False,,31199,31199,,6480,0,0,0,6480,0,0,0,0,0,,https://www.calhr.ca.gov,,07/27/2021,,,True,
2020,State Department,"Conservation Corps, California",,Corpsmember,False,False,,31199,31199,,3465,2940,75,0,6480,0,0,0,0,0,,https://www.calhr.ca.gov,,07/27/2021,,,True,
2020,State Department,"Conservation Corps, California",,Corpsmember,False,False,,31199,31199,,6465,0,0,0,6465,0,0,0,0,0,,https://www.calhr.ca.gov,,07/27/2021,,,True,
2020,State Department,"Conservation Corps, California",,Corpsmember,False,False,,31199,31199,,6465,0,0,0,6465,0,0,0,0,0,,https://www.calhr.ca.gov,,07/27/2021,,,True,
2020,State Department,"Conservation Corps, California",,Corpsmember,False,False,,31199,31199,,3570,2865,0,0,6435,0,0,0,0,0,,https://www.calhr.ca.gov,,07/27/2021,,,True,
2020,State Department,"Conservation Corps, California",,Corpsmember,False,False,,31199,31199,,3330,3105,0,0,6435,0,0,0,0,0,,https://www.calhr.ca.gov,,07/27/2021,,,True,
2020,State Department,"Conservation Corps, California",,Corpsmember,False,False,,31199,31199,,3570,2865,0,0,6435,0,0,0,0,0,,https://www.calhr.ca.gov,,07/27/2021,,,True,
2020,State Department,"Conservation Corps, California",,Corpsmember,False,False,,31199,31199,,3570,2865,0,0,6435,0,0,0,0,0,,https://www.calhr.ca.gov,,07/27/2021,,,True,
2020,State Department,"Conservation Corps, California",,Corpsmember,False,False,,31199,31199,,3570,2865,0,0,6435,0,0,0,0,0,,https://www.calhr.ca.gov,,07/27/2021,,,True,
2020,State Department,"Conservation Corps, California",,Corpsmember,False,False,,31199,31199,,6255,180,0,0,6435,0,0,0,0,0,,https://www.calhr.ca.gov,,07/27/2021,,,True,
2020,State Department,"Conservation Corps, California",,Corpsmember,False,False,,31199,31199,,3570,2865,0,0,6435,0,0,0,0,0,,https://www.calhr.ca.gov,,07/27/2021,,,True,
2020,State Department,"Conservation Corps, California",,Corpsmember,False,False,,31199,31199,,6420,0,0,0,6420,0,0,0,0,0,,https://www.calhr.ca.gov,,07/27/2021,,,True,
2020,State Department,"Conservation Corps, California",,Corpsmember,False,False,,31199,31199,,6405,0,0,0,6405,0,0,0,0,0,,https://www.calhr.ca.gov,,07/27/2021,,,True,
2020,State Department,"Conservation Corps, California",,Corpsmember,False,False,,31199,31199,,6405,0,0,0,6405,0,0,0,0,0,,https://www.calhr.ca.gov,,07/27/2021,,,True,
2020,State Department,"Conservation Corps, California",,Corpsmember,False,False,,31199,31199,,3600,2775,0,0,6375,0,0,0,0,0,,https://www.calhr.ca.gov,,07/27/2021,,,True,
2020,State Department,"Conservation Corps, California",,Corpsmember,False,False,,31199,31199,,4725,1650,0,0,6375,0,0,0,0,0,,https://www.calhr.ca.gov,,07/27/2021,,,True,
2020,State Department,"Conservation Corps, California",,Corpsmember,False,False,,31199,31199,,4080,2280,0,0,6360,0,0,0,0,0,,https://www.calhr.ca.gov,,07/27/2021,,,True,
2020,State Department,"Conservation Corps, California",,Corpsmember,False,False,,31199,31199,,6285,75,0,0,6360,0,0,0,0,0,,https://www.calhr.ca.gov,,07/27/2021,,,True,
2020,State Department,"Conservation Corps, California",,Corpsmember,False,False,,31199,31199,,3510,2850,0,0,6360,0,0,0,0,0,,https://www.calhr.ca.gov,,07/27/2021,,,True,
2020,State Department,"Conservation Corps, California",,Corpsmember,False,False,,31199,31199,,3510,2850,0,0,6360,0,0,0,0,0,,https://www.calhr.ca.gov,,07/27/2021,,,True,
2020,State Department,"Conservation Corps, California",,Corpsmember,False,False,,31199,31199,,3570,2700,75,0,6345,0,0,0,0,0,,https://www.calhr.ca.gov,,07/27/2021,,,True,
2020,State Department,"Conservation Corps, California",,Corpsmember,False,False,,31199,31199,,6330,0,0,0,6330,0,0,0,0,0,,https://www.calhr.ca.gov,,07/27/2021,,,True,
2020,State Department,"Conservation Corps, California",,Corpsmember,False,False,,31199,31199,,6330,0,0,0,6330,0,0,0,0,0,,https://www.calhr.ca.gov,,07/27/2021,,,True,
2020,State Department,"Conservation Corps, California",,Corpsmember,False,False,,31199,31199,,6330,0,0,0,6330,0,0,0,0,0,,https://www.calhr.ca.gov,,07/27/2021,,,True,
2020,State Department,"Conservation Corps, California",,Corpsmember,False,False,,31199,31199,,6330,0,0,0,6330,0,0,0,0,0,,https://www.calhr.ca.gov,,07/27/2021,,,True,
2020,State Department,"Conservation Corps, California",,Corpsmember,False,False,,31199,31199,,6330,0,0,0,6330,0,0,0,0,0,,https://www.calhr.ca.gov,,07/27/2021,,,True,
2020,State Department,"Conservation Corps, California",,Corpsmember,False,False,,31199,31199,,4920,1410,0,0,6330,0,0,0,0,0,,https://www.calhr.ca.gov,,07/27/2021,,,True,
2020,State Department,"Conservation Corps, California",,Corpsmember,False,False,,31199,31199,,6300,0,0,0,6300,0,0,0,0,0,,https://www.calhr.ca.gov,,07/27/2021,,,True,
2020,State Department,"Conservation Corps, California",,Corpsmember,False,False,,31199,31199,,5805,480,0,0,6285,0,0,0,0,0,,https://www.calhr.ca.gov,,07/27/2021,,,True,
2020,State Department,"Conservation Corps, California",,Corpsmember,False,False,,31199,31199,,3570,2700,0,0,6270,0,0,0,0,0,,https://www.calhr.ca.gov,,07/27/2021,,,True,
2020,State Department,"Conservation Corps, California",,Corpsmember,False,False,,31199,31199,,3570,2700,0,0,6270,0,0,0,0,0,,https://www.calhr.ca.gov,,07/27/2021,,,True,
2020,State Department,"Conservation Corps, California",,Corpsmember,False,False,,31199,31199,,6270,0,0,0,6270,0,0,0,0,0,,https://www.calhr.ca.gov,,07/27/2021,,,True,
2020,State Department,"Conservation Corps, California",,Corpsmember,False,False,,31199,31199,,6270,0,0,0,6270,0,0,0,0,0,,https://www.calhr.ca.gov,,07/27/2021,,,True,
2020,State Department,"Conservation Corps, California",,Corpsmember,False,False,,31199,31199,,6270,0,0,0,6270,0,0,0,0,0,,https://www.calhr.ca.gov,,07/27/2021,,,True,
2020,State Department,"Conservation Corps, California",,Corpsmember,False,False,,31199,31199,,6270,0,0,0,6270,0,0,0,0,0,,https://www.calhr.ca.gov,,07/27/2021,,,True,
2020,State Department,"Conservation Corps, California",,Corpsmember,False,False,,31199,31199,,3570,2700,0,0,6270,0,0,0,0,0,,https://www.calhr.ca.gov,,07/27/2021,,,True,
2020,State Department,"Conservation Corps, California",,Corpsmember,False,False,,31199,31199,,6270,0,0,0,6270,0,0,0,0,0,,https://www.calhr.ca.gov,,07/27/2021,,,True,
2020,State Department,"Conservation Corps, California",,Corpsmember Promo 2,False,False,,32239,32239,,6262,0,0,0,6262,0,0,0,0,0,,https://www.calhr.ca.gov,,07/27/2021,,,True,
2020,State Department,"Conservation Corps, California",,Corpsmember,False,False,,31199,31199,,6240,0,0,0,6240,0,0,0,0,0,,https://www.calhr.ca.gov,,07/27/2021,,,True,
2020,State Department,"Conservation Corps, California",,Corpsmember,False,False,,31199,31199,,4890,1350,0,0,6240,0,0,0,0,0,,https://www.calhr.ca.gov,,07/27/2021,,,True,
2020,State Department,"Conservation Corps, California",,Corpsmember,False,False,,31199,31199,,6240,0,0,0,6240,0,0,0,0,0,,https://www.calhr.ca.gov,,07/27/2021,,,True,
2020,State Department,"Conservation Corps, California",,Corpsmember,False,False,,31199,31199,,4365,1875,0,0,6240,0,0,0,0,0,,https://www.calhr.ca.gov,,07/27/2021,,,True,
2020,State Department,"Conservation Corps, California",,Corpsmember,False,False,,31199,31199,,6240,0,0,0,6240,0,0,0,0,0,,https://www.calhr.ca.gov,,07/27/2021,,,True,
2020,State Department,"Conservation Corps, California",,Corpsmember,False,False,,31199,31199,,3450,2790,0,0,6240,0,0,0,0,0,,https://www.calhr.ca.gov,,07/27/2021,,,True,
2020,State Department,"Conservation Corps, California",,Corpsmember,False,False,,31199,31199,,4890,1350,0,0,6240,0,0,0,0,0,,https://www.calhr.ca.gov,,07/27/2021,,,True,
2020,State Department,"Conservation Corps, California",,Corpsmember,False,False,,31199,31199,,3510,2715,0,0,6225,0,0,0,0,0,,https://www.calhr.ca.gov,,07/27/2021,,,True,
2020,State Department,"Conservation Corps, California",,Corpsmember,False,False,,31199,31199,,6210,0,0,0,6210,0,0,0,0,0,,https://www.calhr.ca.gov,,07/27/2021,,,True,
2020,State Department,"Conservation Corps, California",,Corpsmember,False,False,,31199,31199,,3105,3105,0,0,6210,0,0,0,0,0,,https://www.calhr.ca.gov,,07/27/2021,,,True,
2020,State Department,"Conservation Corps, California",,Corpsmember,False,False,,31199,31199,,6210,0,0,0,6210,0,0,0,0,0,,https://www.calhr.ca.gov,,07/27/2021,,,True,
2020,State Department,"Conservation Corps, California",,Corpsmember,False,False,,31199,31199,,4020,2175,0,0,6195,0,0,0,0,0,,https://www.calhr.ca.gov,,07/27/2021,,,True,
2020,State Department,"Conservation Corps, California",,Corpsmember Promo 1,False,False,,31719,31719,,6192,0,0,0,6192,0,0,0,0,0,,https://www.calhr.ca.gov,,07/27/2021,,,True,
2020,State Department,"Conservation Corps, California",,Corpsmember Promo 1,False,False,,31719,31719,,6177,0,0,0,6177,0,0,0,0,0,,https://www.calhr.ca.gov,,07/27/2021,,,True,
2020,State Department,"Conservation Corps, California",,Corpsmember,False,False,,31199,31199,,2640,3525,0,0,6165,0,0,0,0,0,,https://www.calhr.ca.gov,,07/27/2021,,,True,
2020,State Department,"Conservation Corps, California",,Corpsmember,False,False,,31199,31199,,6165,0,0,0,6165,0,0,0,0,0,,https://www.calhr.ca.gov,,07/27/2021,,,True,
2020,State Department,"Conservation Corps, California",,Corpsmember,False,False,,31199,31199,,6165,0,0,0,6165,0,0,0,0,0,,https://www.calhr.ca.gov,,07/27/2021,,,True,
2020,State Department,"Conservation Corps, California",,Corpsmember,False,False,,31199,31199,,3750,2415,0,0,6165,0,0,0,0,0,,https://www.calhr.ca.gov,,07/27/2021,,,True,
2020,State Department,"Conservation Corps, California",,Corpsmember,False,False,,31199,31199,,2850,3285,0,0,6135,0,0,0,0,0,,https://www.calhr.ca.gov,,07/27/2021,,,True,
2020,State Department,"Conservation Corps, California",,Corpsmember,False,False,,31199,31199,,3165,2895,75,0,6135,0,0,0,0,0,,https://www.calhr.ca.gov,,07/27/2021,,,True,
2020,State Department,"Conservation Corps, California",,Corpsmember,False,False,,31199,31199,,3405,2640,75,0,6120,0,0,0,0,0,,https://www.calhr.ca.gov,,07/27/2021,,,True,
2020,State Department,"Conservation Corps, California",,Corpsmember,False,False,,31199,31199,,6120,0,0,0,6120,0,0,0,0,0,,https://www.calhr.ca.gov,,07/27/2021,,,True,
2020,State Department,"Conservation Corps, California",,Corpsmember,False,False,,31199,31199,,2835,3285,0,0,6120,0,0,0,0,0,,https://www.calhr.ca.gov,,07/27/2021,,,True,
2020,State Department,"Conservation Corps, California",,Corpsmember,False,False,,31199,31199,,3405,2640,75,0,6120,0,0,0,0,0,,https://www.calhr.ca.gov,,07/27/2021,,,True,
2020,State Department,"Conservation Corps, California",,Corpsmember,False,False,,31199,31199,,6105,0,0,0,6105,0,0,0,0,0,,https://www.calhr.ca.gov,,07/27/2021,,,True,
2020,State Department,"Conservation Corps, California",,Corpsmember,False,False,,31199,31199,,6030,0,75,0,6105,0,0,0,0,0,,https://www.calhr.ca.gov,,07/27/2021,,,True,
2020,State Department,"Conservation Corps, California",,Corpsmember,False,False,,31199,31199,,6090,0,0,0,6090,0,0,0,0,0,,https://www.calhr.ca.gov,,07/27/2021,,,True,
2020,State Department,"Conservation Corps, California",,Corpsmember,False,False,,31199,31199,,5430,660,0,0,6090,0,0,0,0,0,,https://www.calhr.ca.gov,,07/27/2021,,,True,
2020,State Department,"Conservation Corps, California",,Corpsmember,False,False,,31199,31199,,3510,2580,0,0,6090,0,0,0,0,0,,https://www.calhr.ca.gov,,07/27/2021,,,True,
2020,State Department,"Conservation Corps, California",,Corpsmember,False,False,,31199,31199,,3075,2910,75,0,6060,0,0,0,0,0,,https://www.calhr.ca.gov,,07/27/2021,,,True,
2020,State Department,"Conservation Corps, California",,Corpsmember,False,False,,31199,31199,,2985,2985,75,0,6045,0,0,0,0,0,,https://www.calhr.ca.gov,,07/27/2021,,,True,
2020,State Department,"Conservation Corps, California",,Corpsmember,False,False,,31199,31199,,6045,0,0,0,6045,0,0,0,0,0,,https://www.calhr.ca.gov,,07/27/2021,,,True,
2020,State Department,"Conservation Corps, California",,Corpsmember,False,False,,31199,31199,,5970,0,75,0,6045,0,0,0,0,0,,https://www.calhr.ca.gov,,07/27/2021,,,True,
2020,State Department,"Conservation Corps, California",,Corpsmember,False,False,,31199,31199,,3570,2460,0,0,6030,0,0,0,0,0,,https://www.calhr.ca.gov,,07/27/2021,,,True,
2020,State Department,"Conservation Corps, California",,Corpsmember,False,False,,31199,31199,,6030,0,0,0,6030,0,0,0,0,0,,https://www.calhr.ca.gov,,07/27/2021,,,True,
2020,State Department,"Conservation Corps, California",,Corpsmember,False,False,,31199,31199,,6015,0,0,0,6015,0,0,0,0,0,,https://www.calhr.ca.gov,,07/27/2021,,,True,
2020,State Department,"Conservation Corps, California",,Corpsmember,False,False,,31199,31199,,5970,0,0,0,5970,0,0,0,0,0,,https://www.calhr.ca.gov,,07/27/2021,,,True,
2020,State Department,"Conservation Corps, California",,Corpsmember,False,False,,31199,31199,,5970,0,0,0,5970,0,0,0,0,0,,https://www.calhr.ca.gov,,07/27/2021,,,True,
2020,State Department,"Conservation Corps, California",,Corpsmember,False,False,,31199,31199,,3540,2430,0,0,5970,0,0,0,0,0,,https://www.calhr.ca.gov,,07/27/2021,,,True,
2020,State Department,"Conservation Corps, California",,"Associate Governmental Program Analyst, Range A",False,False,,61788,77352,,5664,0,293,0,5957,1986,0,0,834,2821,2.00% @ 55,https://www.calhr.ca.gov,,07/27/2021,,,True,
2020,State Department,"Conservation Corps, California",,Corpsmember,False,False,,31199,31199,,3510,2445,0,0,5955,0,0,0,0,0,,https://www.calhr.ca.gov,,07/27/2021,,,True,
2020,State Department,"Conservation Corps, California",,Corpsmember,False,False,,31199,31199,,4890,1065,0,0,5955,0,0,0,0,0,,https://www.calhr.ca.gov,,07/27/2021,,,True,
2020,State Department,"Conservation Corps, California",,Corpsmember,False,False,,31199,31199,,4890,1065,0,0,5955,0,0,0,0,0,,https://www.calhr.ca.gov,,07/27/2021,,,True,
2020,State Department,"Conservation Corps, California",,Corpsmember,False,False,,31199,31199,,4890,1065,0,0,5955,0,0,0,0,0,,https://www.calhr.ca.gov,,07/27/2021,,,True,
2020,State Department,"Conservation Corps, California",,Corpsmember,False,False,,31199,31199,,4890,1065,0,0,5955,0,0,0,0,0,,https://www.calhr.ca.gov,,07/27/2021,,,True,
2020,State Department,"Conservation Corps, California",,Corpsmember,False,False,,31199,31199,,4890,1050,0,0,5940,0,0,0,0,0,,https://www.calhr.ca.gov,,07/27/2021,,,True,
2020,State Department,"Conservation Corps, California",,Corpsmember,False,False,,31199,31199,,4890,1050,0,0,5940,0,0,0,0,0,,https://www.calhr.ca.gov,,07/27/2021,,,True,
2020,State Department,"Conservation Corps, California",,Corpsmember,False,False,,31199,31199,,4890,1050,0,0,5940,0,0,0,0,0,,https://www.calhr.ca.gov,,07/27/2021,,,True,
2020,State Department,"Conservation Corps, California",,Corpsmember Promo 2,False,False,,32239,32239,,5937,0,0,0,5937,0,0,0,0,0,,https://www.calhr.ca.gov,,07/27/2021,,,True,
2020,State Department,"Conservation Corps, California",,Corpsmember,False,False,,31199,31199,,3570,2355,0,0,5925,0,0,0,0,0,,https://www.calhr.ca.gov,,07/27/2021,,,True,
2020,State Department,"Conservation Corps, California",,Corpsmember,False,False,,31199,31199,,5910,0,0,0,5910,0,0,0,0,0,,https://www.calhr.ca.gov,,07/27/2021,,,True,
2020,State Department,"Conservation Corps, California",,Corpsmember,False,False,,31199,31199,,5805,90,0,0,5895,0,0,0,0,0,,https://www.calhr.ca.gov,,07/27/2021,,,True,
2020,State Department,"Conservation Corps, California",,Corpsmember,False,False,,31199,31199,,2760,3135,0,0,5895,0,0,0,0,0,,https://www.calhr.ca.gov,,07/27/2021,,,True,
2020,State Department,"Conservation Corps, California",,Corpsmember,False,False,,31199,31199,,5715,0,150,0,5865,0,0,0,0,0,,https://www.calhr.ca.gov,,07/27/2021,,,True,
2020,State Department,"Conservation Corps, California",,Corpsmember,False,False,,31199,31199,,5850,0,0,0,5850,0,0,0,0,0,,https://www.calhr.ca.gov,,07/27/2021,,,True,
2020,State Department,"Conservation Corps, California",,Corpsmember,False,False,,31199,31199,,5850,0,0,0,5850,0,0,0,0,0,,https://www.calhr.ca.gov,,07/27/2021,,,True,
2020,State Department,"Conservation Corps, California",,Corpsmember,False,False,,31199,31199,,5850,0,0,0,5850,0,0,0,0,0,,https://www.calhr.ca.gov,,07/27/2021,,,True,
2020,State Department,"Conservation Corps, California",,Corpsmember,False,False,,31199,31199,,5805,30,0,0,5835,0,0,0,0,0,,https://www.calhr.ca.gov,,07/27/2021,,,True,
2020,State Department,"Conservation Corps, California",,Corpsmember,False,False,,31199,31199,,3270,2490,75,0,5835,0,0,0,0,0,,https://www.calhr.ca.gov,,07/27/2021,,,True,
2020,State Department,"Conservation Corps, California",,Corpsmember,False,False,,31199,31199,,5175,660,0,0,5835,0,0,0,0,0,,https://www.calhr.ca.gov,,07/27/2021,,,True,
2020,State Department,"Conservation Corps, California",,Corpsmember,False,False,,31199,31199,,5745,0,75,0,5820,0,0,0,0,0,,https://www.calhr.ca.gov,,07/27/2021,,,True,
2020,State Department,"Conservation Corps, California",,Corpsmember,False,False,,31199,31199,,3345,2460,0,0,5805,0,0,0,0,0,,https://www.calhr.ca.gov,,07/27/2021,,,True,
2020,State Department,"Conservation Corps, California",,Corpsmember,False,False,,31199,31199,,5400,405,0,0,5805,0,0,0,0,0,,https://www.calhr.ca.gov,,07/27/2021,,,True,
2020,State Department,"Conservation Corps, California",,Corpsmember,False,False,,31199,31199,,3345,2460,0,0,5805,0,0,0,0,0,,https://www.calhr.ca.gov,,07/27/2021,,,True,
2020,State Department,"Conservation Corps, California",,Corpsmember,False,False,,31199,31199,,5805,0,0,0,5805,0,0,0,0,0,,https://www.calhr.ca.gov,,07/27/2021,,,True,
2020,State Department,"Conservation Corps, California",,Corpsmember,False,False,,31199,31199,,3150,2580,75,0,5805,0,0,0,0,0,,https://www.calhr.ca.gov,,07/27/2021,,,True,
2020,State Department,"Conservation Corps, California",,Corpsmember,False,False,,31199,31199,,2955,2775,75,0,5805,0,0,0,0,0,,https://www.calhr.ca.gov,,07/27/2021,,,True,
2020,State Department,"Conservation Corps, California",,Corpsmember,False,False,,31199,31199,,3570,2220,0,0,5790,0,0,0,0,0,,https://www.calhr.ca.gov,,07/27/2021,,,True,
2020,State Department,"Conservation Corps, California",,Corpsmember,False,False,,31199,31199,,5715,0,75,0,5790,0,0,0,0,0,,https://www.calhr.ca.gov,,07/27/2021,,,True,
2020,State Department,"Conservation Corps, California",,Corpsmember,False,False,,31199,31199,,5715,0,75,0,5790,0,0,0,0,0,,https://www.calhr.ca.gov,,07/27/2021,,,True,
2020,State Department,"Conservation Corps, California",,Corpsmember,False,False,,31199,31199,,5715,0,75,0,5790,0,0,0,0,0,,https://www.calhr.ca.gov,,07/27/2021,,,True,
2020,State Department,"Conservation Corps, California",,Corpsmember,False,False,,31199,31199,,5790,0,0,0,5790,0,0,0,0,0,,https://www.calhr.ca.gov,,07/27/2021,,,True,
2020,State Department,"Conservation Corps, California",,Corpsmember,False,False,,31199,31199,,3570,2220,0,0,5790,0,0,0,0,0,,https://www.calhr.ca.gov,,07/27/2021,,,True,
2020,State Department,"Conservation Corps, California",,Corpsmember,False,False,,31199,31199,,5790,0,0,0,5790,0,0,0,0,0,,https://www.calhr.ca.gov,,07/27/2021,,,True,
2020,State Department,"Conservation Corps, California",,Corpsmember,False,False,,31199,31199,,4395,1395,0,0,5790,0,0,0,0,0,,https://www.calhr.ca.gov,,07/27/2021,,,True,
2020,State Department,"Conservation Corps, California",,Corpsmember,False,False,,31199,31199,,4155,1545,75,0,5775,0,0,0,0,0,,https://www.calhr.ca.gov,,07/27/2021,,,True,
2020,State Department,"Conservation Corps, California",,Corpsmember,False,False,,31199,31199,,3945,1815,0,0,5760,0,0,0,0,0,,https://www.calhr.ca.gov,,07/27/2021,,,True,
2020,State Department,"Conservation Corps, California",,Corpsmember,False,False,,31199,31199,,4755,990,0,0,5745,0,0,0,0,0,,https://www.calhr.ca.gov,,07/27/2021,,,True,
2020,State Department,"Conservation Corps, California",,Corpsmember,False,False,,31199,31199,,4530,1200,0,0,5730,0,0,0,0,0,,https://www.calhr.ca.gov,,07/27/2021,,,True,
2020,State Department,"Conservation Corps, California",,Corpsmember,False,False,,31199,31199,,5730,0,0,0,5730,0,0,0,0,0,,https://www.calhr.ca.gov,,07/27/2021,,,True,
2020,State Department,"Conservation Corps, California",,Corpsmember,False,False,,31199,31199,,5730,0,0,0,5730,0,0,0,0,0,,https://www.calhr.ca.gov,,07/27/2021,,,True,
2020,State Department,"Conservation Corps, California",,Corpsmember,False,False,,31199,31199,,5730,0,0,0,5730,0,0,0,0,0,,https://www.calhr.ca.gov,,07/27/2021,,,True,
2020,State Department,"Conservation Corps, California",,Corpsmember,False,False,,31199,31199,,5715,0,0,0,5715,0,0,0,0,0,,https://www.calhr.ca.gov,,07/27/2021,,,True,
2020,State Department,"Conservation Corps, California",,Corpsmember,False,False,,31199,31199,,5715,0,0,0,5715,0,0,0,0,0,,https://www.calhr.ca.gov,,07/27/2021,,,True,
2020,State Department,"Conservation Corps, California",,Corpsmember,False,False,,31199,31199,,5715,0,0,0,5715,0,0,0,0,0,,https://www.calhr.ca.gov,,07/27/2021,,,True,
2020,State Department,"Conservation Corps, California",,Corpsmember,False,False,,31199,31199,,5715,0,0,0,5715,0,0,0,0,0,,https://www.calhr.ca.gov,,07/27/2021,,,True,
2020,State Department,"Conservation Corps, California",,Corpsmember,False,False,,31199,31199,,5715,0,0,0,5715,0,0,0,0,0,,https://www.calhr.ca.gov,,07/27/2021,,,True,
2020,State Department,"Conservation Corps, California",,Corpsmember,False,False,,31199,31199,,5715,0,0,0,5715,0,0,0,0,0,,https://www.calhr.ca.gov,,07/27/2021,,,True,
2020,State Department,"Conservation Corps, California",,Corpsmember,False,False,,31199,31199,,5715,0,0,0,5715,0,0,0,0,0,,https://www.calhr.ca.gov,,07/27/2021,,,True,
2020,State Department,"Conservation Corps, California",,Corpsmember,False,False,,31199,31199,,5715,0,0,0,5715,0,0,0,0,0,,https://www.calhr.ca.gov,,07/27/2021,,,True,
2020,State Department,"Conservation Corps, California",,Corpsmember,False,False,,31199,31199,,5715,0,0,0,5715,0,0,0,0,0,,https://www.calhr.ca.gov,,07/27/2021,,,True,
2020,State Department,"Conservation Corps, California",,Corpsmember,False,False,,31199,31199,,5715,0,0,0,5715,0,0,0,0,0,,https://www.calhr.ca.gov,,07/27/2021,,,True,
2020,State Department,"Conservation Corps, California",,Corpsmember,False,False,,31199,31199,,5715,0,0,0,5715,0,0,0,0,0,,https://www.calhr.ca.gov,,07/27/2021,,,True,
2020,State Department,"Conservation Corps, California",,Special Corpsmember,False,False,,34319,34319,,5115,594,0,0,5709,0,0,0,0,0,,https://www.calhr.ca.gov,,07/27/2021,,,True,
2020,State Department,"Conservation Corps, California",,Corpsmember,False,False,,31199,31199,,3570,2130,0,0,5700,0,0,0,0,0,,https://www.calhr.ca.gov,,07/27/2021,,,True,
2020,State Department,"Conservation Corps, California",,Corpsmember,False,False,,31199,31199,,4095,1590,0,0,5685,0,0,0,0,0,,https://www.calhr.ca.gov,,07/27/2021,,,True,
2020,State Department,"Conservation Corps, California",,Corpsmember,False,False,,31199,31199,,4890,795,0,0,5685,0,0,0,0,0,,https://www.calhr.ca.gov,,07/27/2021,,,True,
2020,State Department,"Conservation Corps, California",,Corpsmember,False,False,,31199,31199,,4095,1590,0,0,5685,0,0,0,0,0,,https://www.calhr.ca.gov,,07/27/2021,,,True,
2020,State Department,"Conservation Corps, California",,Corpsmember,False,False,,31199,31199,,4890,795,0,0,5685,0,0,0,0,0,,https://www.calhr.ca.gov,,07/27/2021,,,True,
2020,State Department,"Conservation Corps, California",,Corpsmember,False,False,,31199,31199,,4890,795,0,0,5685,0,0,0,0,0,,https://www.calhr.ca.gov,,07/27/2021,,,True,
2020,State Department,"Conservation Corps, California",,Corpsmember,False,False,,31199,31199,,4005,1665,0,0,5670,0,0,0,0,0,,https://www.calhr.ca.gov,,07/27/2021,,,True,
2020,State Department,"Conservation Corps, California",,Corpsmember,False,False,,31199,31199,,5670,0,0,0,5670,0,0,0,0,0,,https://www.calhr.ca.gov,,07/27/2021,,,True,
2020,State Department,"Conservation Corps, California",,Corpsmember,False,False,,31199,31199,,5655,0,0,0,5655,0,0,0,0,0,,https://www.calhr.ca.gov,,07/27/2021,,,True,
2020,State Department,"Conservation Corps, California",,Corpsmember,False,False,,31199,31199,,3510,2130,0,0,5640,0,0,0,0,0,,https://www.calhr.ca.gov,,07/27/2021,,,True,
2020,State Department,"Conservation Corps, California",,Special Corpsmember,False,False,,34319,34319,,5337,279,0,0,5616,0,0,0,0,0,,https://www.calhr.ca.gov,,07/27/2021,,,True,
2020,State Department,"Conservation Corps, California",,Corpsmember Promo 1,False,False,,31719,31719,,5612,0,0,0,5612,0,0,0,0,0,,https://www.calhr.ca.gov,,07/27/2021,,,True,
2020,State Department,"Conservation Corps, California",,Corpsmember,False,False,,31199,31199,,5535,0,75,0,5610,0,0,0,0,0,,https://www.calhr.ca.gov,,07/27/2021,,,True,
2020,State Department,"Conservation Corps, California",,Corpsmember,False,False,,31199,31199,,3570,2040,0,0,5610,0,0,0,0,0,,https://www.calhr.ca.gov,,07/27/2021,,,True,
2020,State Department,"Conservation Corps, California",,Corpsmember,False,False,,31199,31199,,5595,0,0,0,5595,0,0,0,0,0,,https://www.calhr.ca.gov,,07/27/2021,,,True,
2020,State Department,"Conservation Corps, California",,Corpsmember,False,False,,31199,31199,,5595,0,0,0,5595,0,0,0,0,0,,https://www.calhr.ca.gov,,07/27/2021,,,True,
2020,State Department,"Conservation Corps, California",,Corpsmember,False,False,,31199,31199,,3570,2025,0,0,5595,0,0,0,0,0,,https://www.calhr.ca.gov,,07/27/2021,,,True,
2020,State Department,"Conservation Corps, California",,Corpsmember,False,False,,31199,31199,,5595,0,0,0,5595,0,0,0,0,0,,https://www.calhr.ca.gov,,07/27/2021,,,True,
2020,State Department,"Conservation Corps, California",,Corpsmember,False,False,,31199,31199,,2730,2760,75,0,5565,0,0,0,0,0,,https://www.calhr.ca.gov,,07/27/2021,,,True,
2020,State Department,"Conservation Corps, California",,Corpsmember,False,False,,31199,31199,,5340,210,0,0,5550,0,0,0,0,0,,https://www.calhr.ca.gov,,07/27/2021,,,True,
2020,State Department,"Conservation Corps, California",,Corpsmember,False,False,,31199,31199,,2505,3030,0,0,5535,0,0,0,0,0,,https://www.calhr.ca.gov,,07/27/2021,,,True,
2020,State Department,"Conservation Corps, California",,Corpsmember,False,False,,31199,31199,,5535,0,0,0,5535,0,0,0,0,0,,https://www.calhr.ca.gov,,07/27/2021,,,True,
2020,State Department,"Conservation Corps, California",,Corpsmember,False,False,,31199,31199,,2700,2835,0,0,5535,0,0,0,0,0,,https://www.calhr.ca.gov,,07/27/2021,,,True,
2020,State Department,"Conservation Corps, California",,Corpsmember,False,False,,31199,31199,,5535,0,0,0,5535,0,0,0,0,0,,https://www.calhr.ca.gov,,07/27/2021,,,True,
2020,State Department,"Conservation Corps, California",,Corpsmember,False,False,,31199,31199,,4890,630,0,0,5520,0,0,0,0,0,,https://www.calhr.ca.gov,,07/27/2021,,,True,
2020,State Department,"Conservation Corps, California",,Corpsmember,False,False,,31199,31199,,3570,1950,0,0,5520,0,0,0,0,0,,https://www.calhr.ca.gov,,07/27/2021,,,True,
2020,State Department,"Conservation Corps, California",,Corpsmember,False,False,,31199,31199,,4200,1320,0,0,5520,0,0,0,0,0,,https://www.calhr.ca.gov,,07/27/2021,,,True,
2020,State Department,"Conservation Corps, California",,Corpsmember,False,False,,31199,31199,,5505,0,0,0,5505,0,0,0,0,0,,https://www.calhr.ca.gov,,07/27/2021,,,True,
2020,State Department,"Conservation Corps, California",,Corpsmember,False,False,,31199,31199,,2340,3090,75,0,5505,0,0,0,0,0,,https://www.calhr.ca.gov,,07/27/2021,,,True,
2020,State Department,"Conservation Corps, California",,Corpsmember,False,False,,31199,31199,,4155,1335,0,0,5490,0,0,0,0,0,,https://www.calhr.ca.gov,,07/27/2021,,,True,
2020,State Department,"Conservation Corps, California",,Corpsmember,False,False,,31199,31199,,5475,0,0,0,5475,0,0,0,0,0,,https://www.calhr.ca.gov,,07/27/2021,,,True,
2020,State Department,"Conservation Corps, California",,Corpsmember,False,False,,31199,31199,,5475,0,0,0,5475,0,0,0,0,0,,https://www.calhr.ca.gov,,07/27/2021,,,True,
2020,State Department,"Conservation Corps, California",,Special Corpsmember,False,False,,34319,34319,,4993,248,231,0,5472,0,0,0,0,0,,https://www.calhr.ca.gov,,07/27/2021,,,True,
2020,State Department,"Conservation Corps, California",,Corpsmember,False,False,,31199,31199,,5220,0,225,0,5445,0,0,0,0,0,,https://www.calhr.ca.gov,,07/27/2021,,,True,
2020,State Department,"Conservation Corps, California",,"Conservationist I, Range B",False,False,,46068,57000,,5338,100,0,0,5438,0,0,0,0,0,,https://www.calhr.ca.gov,,07/27/2021,,,True,
2020,State Department,"Conservation Corps, California",,Corpsmember,False,False,,31199,31199,,5430,0,0,0,5430,0,0,0,0,0,,https://www.calhr.ca.gov,,07/27/2021,,,True,
2020,State Department,"Conservation Corps, California",,Corpsmember,False,False,,31199,31199,,5400,0,0,0,5400,0,0,0,0,0,,https://www.calhr.ca.gov,,07/27/2021,,,True,
2020,State Department,"Conservation Corps, California",,Corpsmember,False,False,,31199,31199,,5400,0,0,0,5400,0,0,0,0,0,,https://www.calhr.ca.gov,,07/27/2021,,,True,
2020,State Department,"Conservation Corps, California",,Corpsmember,False,False,,31199,31199,,3945,1440,0,0,5385,0,0,0,0,0,,https://www.calhr.ca.gov,,07/27/2021,,,True,
2020,State Department,"Conservation Corps, California",,Corpsmember,False,False,,31199,31199,,3570,1815,0,0,5385,0,0,0,0,0,,https://www.calhr.ca.gov,,07/27/2021,,,True,
2020,State Department,"Conservation Corps, California",,Corpsmember,False,False,,31199,31199,,2640,2715,0,0,5355,0,0,0,0,0,,https://www.calhr.ca.gov,,07/27/2021,,,True,
2020,State Department,"Conservation Corps, California",,Corpsmember,False,False,,31199,31199,,2580,2760,0,0,5340,0,0,0,0,0,,https://www.calhr.ca.gov,,07/27/2021,,,True,
2020,State Department,"Conservation Corps, California",,Corpsmember,False,False,,31199,31199,,2640,2625,75,0,5340,0,0,0,0,0,,https://www.calhr.ca.gov,,07/27/2021,,,True,
2020,State Department,"Conservation Corps, California",,Corpsmember,False,False,,31199,31199,,5340,0,0,0,5340,0,0,0,0,0,,https://www.calhr.ca.gov,,07/27/2021,,,True,
2020,State Department,"Conservation Corps, California",,Corpsmember,False,False,,31199,31199,,4245,1080,0,0,5325,0,0,0,0,0,,https://www.calhr.ca.gov,,07/27/2021,,,True,
2020,State Department,"Conservation Corps, California",,Corpsmember,False,False,,31199,31199,,3270,2055,0,0,5325,0,0,0,0,0,,https://www.calhr.ca.gov,,07/27/2021,,,True,
2020,State Department,"Conservation Corps, California",,Corpsmember,False,False,,31199,31199,,3510,1800,0,0,5310,0,0,0,0,0,,https://www.calhr.ca.gov,,07/27/2021,,,True,
2020,State Department,"Conservation Corps, California",,Corpsmember,False,False,,31199,31199,,3510,1800,0,0,5310,0,0,0,0,0,,https://www.calhr.ca.gov,,07/27/2021,,,True,
2020,State Department,"Conservation Corps, California",,Corpsmember Promo 1,False,False,,31719,31719,,5078,0,229,0,5307,0,0,0,0,0,,https://www.calhr.ca.gov,,07/27/2021,,,True,
2020,State Department,"Conservation Corps, California",,Special Corpsmember,False,False,,34319,34319,,5280,25,0,0,5305,0,0,0,0,0,,https://www.calhr.ca.gov,,07/27/2021,,,True,
2020,State Department,"Conservation Corps, California",,Corpsmember,False,False,,31199,31199,,3570,1725,0,0,5295,0,0,0,0,0,,https://www.calhr.ca.gov,,07/27/2021,,,True,
2020,State Department,"Conservation Corps, California",,Corpsmember,False,False,,31199,31199,,5295,0,0,0,5295,0,0,0,0,0,,https://www.calhr.ca.gov,,07/27/2021,,,True,
2020,State Department,"Conservation Corps, California",,Corpsmember,False,False,,31199,31199,,5280,0,0,0,5280,0,0,0,0,0,,https://www.calhr.ca.gov,,07/27/2021,,,True,
2020,State Department,"Conservation Corps, California",,Corpsmember,False,False,,31199,31199,,3825,1455,0,0,5280,0,0,0,0,0,,https://www.calhr.ca.gov,,07/27/2021,,,True,
2020,State Department,"Conservation Corps, California",,Corpsmember,False,False,,31199,31199,,3570,1710,0,0,5280,0,0,0,0,0,,https://www.calhr.ca.gov,,07/27/2021,,,True,
2020,State Department,"Conservation Corps, California",,Corpsmember,False,False,,31199,31199,,2850,2415,0,0,5265,0,0,0,0,0,,https://www.calhr.ca.gov,,07/27/2021,,,True,
2020,State Department,"Conservation Corps, California",,Corpsmember,False,False,,31199,31199,,3870,1320,75,0,5265,0,0,0,0,0,,https://www.calhr.ca.gov,,07/27/2021,,,True,
2020,State Department,"Conservation Corps, California",,Corpsmember,False,False,,31199,31199,,3570,1695,0,0,5265,0,0,0,0,0,,https://www.calhr.ca.gov,,07/27/2021,,,True,
2020,State Department,"Conservation Corps, California",,Corpsmember,False,False,,31199,31199,,5250,15,0,0,5265,0,0,0,0,0,,https://www.calhr.ca.gov,,07/27/2021,,,True,
2020,State Department,"Conservation Corps, California",,Corpsmember,False,False,,31199,31199,,3570,1680,0,0,5250,0,0,0,0,0,,https://www.calhr.ca.gov,,07/27/2021,,,True,
2020,State Department,"Conservation Corps, California",,Corpsmember,False,False,,31199,31199,,3810,1440,0,0,5250,0,0,0,0,0,,https://www.calhr.ca.gov,,07/27/2021,,,True,
2020,State Department,"Conservation Corps, California",,Corpsmember,False,False,,31199,31199,,3810,1440,0,0,5250,0,0,0,0,0,,https://www.calhr.ca.gov,,07/27/2021,,,True,
2020,State Department,"Conservation Corps, California",,Corpsmember,False,False,,31199,31199,,3810,1440,0,0,5250,0,0,0,0,0,,https://www.calhr.ca.gov,,07/27/2021,,,True,
2020,State Department,"Conservation Corps, California",,Corpsmember,False,False,,31199,31199,,3810,1440,0,0,5250,0,0,0,0,0,,https://www.calhr.ca.gov,,07/27/2021,,,True,
2020,State Department,"Conservation Corps, California",,Special Corpsmember,False,False,,34319,34319,,5239,0,0,0,5239,0,0,0,0,0,,https://www.calhr.ca.gov,,07/27/2021,,,True,
2020,State Department,"Conservation Corps, California",,Corpsmember,False,False,,31199,31199,,5145,0,75,0,5220,0,0,0,0,0,,https://www.calhr.ca.gov,,07/27/2021,,,True,
2020,State Department,"Conservation Corps, California",,Corpsmember,False,False,,31199,31199,,3750,1440,0,0,5190,0,0,0,0,0,,https://www.calhr.ca.gov,,07/27/2021,,,True,
2020,State Department,"Conservation Corps, California",,Corpsmember,False,False,,31199,31199,,5040,0,150,0,5190,0,0,0,0,0,,https://www.calhr.ca.gov,,07/27/2021,,,True,
2020,State Department,"Conservation Corps, California",,Corpsmember,False,False,,31199,31199,,5175,0,0,0,5175,0,0,0,0,0,,https://www.calhr.ca.gov,,07/27/2021,,,True,
2020,State Department,"Conservation Corps, California",,Corpsmember,False,False,,31199,31199,,2400,2700,75,0,5175,0,0,0,0,0,,https://www.calhr.ca.gov,,07/27/2021,,,True,
2020,State Department,"Conservation Corps, California",,Corpsmember,False,False,,31199,31199,,5085,0,75,0,5160,0,0,0,0,0,,https://www.calhr.ca.gov,,07/27/2021,,,True,
2020,State Department,"Conservation Corps, California",,Corpsmember,False,False,,31199,31199,,4050,1035,75,0,5160,0,0,0,0,0,,https://www.calhr.ca.gov,,07/27/2021,,,True,
2020,State Department,"Conservation Corps, California",,Corpsmember,False,False,,31199,31199,,5160,0,0,0,5160,0,0,0,0,0,,https://www.calhr.ca.gov,,07/27/2021,,,True,
2020,State Department,"Conservation Corps, California",,Corpsmember Promo 1,False,False,,31719,31719,,5078,0,76,0,5155,0,0,0,0,0,,https://www.calhr.ca.gov,,07/27/2021,,,True,
2020,State Department,"Conservation Corps, California",,Corpsmember,False,False,,31199,31199,,3810,1335,0,0,5145,0,0,0,0,0,,https://www.calhr.ca.gov,,07/27/2021,,,True,
2020,State Department,"Conservation Corps, California",,Corpsmember,False,False,,31199,31199,,3810,1335,0,0,5145,0,0,0,0,0,,https://www.calhr.ca.gov,,07/27/2021,,,True,
2020,State Department,"Conservation Corps, California",,Corpsmember,False,False,,31199,31199,,5145,0,0,0,5145,0,0,0,0,0,,https://www.calhr.ca.gov,,07/27/2021,,,True,
2020,State Department,"Conservation Corps, California",,Corpsmember,False,False,,31199,31199,,5145,0,0,0,5145,0,0,0,0,0,,https://www.calhr.ca.gov,,07/27/2021,,,True,
2020,State Department,"Conservation Corps, California",,Corpsmember,False,False,,31199,31199,,5145,0,0,0,5145,0,0,0,0,0,,https://www.calhr.ca.gov,,07/27/2021,,,True,
2020,State Department,"Conservation Corps, California",,Corpsmember,False,False,,31199,31199,,5100,45,0,0,5145,0,0,0,0,0,,https://www.calhr.ca.gov,,07/27/2021,,,True,
2020,State Department,"Conservation Corps, California",,Corpsmember,False,False,,31199,31199,,5145,0,0,0,5145,0,0,0,0,0,,https://www.calhr.ca.gov,,07/27/2021,,,True,
2020,State Department,"Conservation Corps, California",,Corpsmember,False,False,,31199,31199,,3810,1335,0,0,5145,0,0,0,0,0,,https://www.calhr.ca.gov,,07/27/2021,,,True,
2020,State Department,"Conservation Corps, California",,Corpsmember,False,False,,31199,31199,,3765,1365,0,0,5130,0,0,0,0,0,,https://www.calhr.ca.gov,,07/27/2021,,,True,
2020,State Department,"Conservation Corps, California",,Corpsmember,False,False,,31199,31199,,5040,0,75,0,5115,0,0,0,0,0,,https://www.calhr.ca.gov,,07/27/2021,,,True,
2020,State Department,"Conservation Corps, California",,Corpsmember,False,False,,31199,31199,,5115,0,0,0,5115,0,0,0,0,0,,https://www.calhr.ca.gov,,07/27/2021,,,True,
2020,State Department,"Conservation Corps, California",,Corpsmember,False,False,,31199,31199,,5100,0,0,0,5100,0,0,0,0,0,,https://www.calhr.ca.gov,,07/27/2021,,,True,
2020,State Department,"Conservation Corps, California",,Corpsmember,False,False,,31199,31199,,4275,810,0,0,5085,0,0,0,0,0,,https://www.calhr.ca.gov,,07/27/2021,,,True,
2020,State Department,"Conservation Corps, California",,Corpsmember,False,False,,31199,31199,,5085,0,0,0,5085,0,0,0,0,0,,https://www.calhr.ca.gov,,07/27/2021,,,True,
2020,State Department,"Conservation Corps, California",,Corpsmember,False,False,,31199,31199,,3270,1710,75,0,5055,0,0,0,0,0,,https://www.calhr.ca.gov,,07/27/2021,,,True,
2020,State Department,"Conservation Corps, California",,Corpsmember,False,False,,31199,31199,,5055,0,0,0,5055,0,0,0,0,0,,https://www.calhr.ca.gov,,07/27/2021,,,True,
2020,State Department,"Conservation Corps, California",,Corpsmember,False,False,,31199,31199,,5025,0,0,0,5025,0,0,0,0,0,,https://www.calhr.ca.gov,,07/27/2021,,,True,
2020,State Department,"Conservation Corps, California",,Corpsmember,False,False,,31199,31199,,4710,315,0,0,5025,0,0,0,0,0,,https://www.calhr.ca.gov,,07/27/2021,,,True,
2020,State Department,"Conservation Corps, California",,Corpsmember,False,False,,31199,31199,,5025,0,0,0,5025,0,0,0,0,0,,https://www.calhr.ca.gov,,07/27/2021,,,True,
2020,State Department,"Conservation Corps, California",,Corpsmember,False,False,,31199,31199,,5025,0,0,0,5025,0,0,0,0,0,,https://www.calhr.ca.gov,,07/27/2021,,,True,
2020,State Department,"Conservation Corps, California",,Corpsmember,False,False,,31199,31199,,5025,0,0,0,5025,0,0,0,0,0,,https://www.calhr.ca.gov,,07/27/2021,,,True,
2020,State Department,"Conservation Corps, California",,Corpsmember,False,False,,31199,31199,,5025,0,0,0,5025,0,0,0,0,0,,https://www.calhr.ca.gov,,07/27/2021,,,True,
2020,State Department,"Conservation Corps, California",,Corpsmember,False,False,,31199,31199,,4890,120,0,0,5010,0,0,0,0,0,,https://www.calhr.ca.gov,,07/27/2021,,,True,
2020,State Department,"Conservation Corps, California",,Corpsmember,False,False,,31199,31199,,3945,1065,0,0,5010,0,0,0,0,0,,https://www.calhr.ca.gov,,07/27/2021,,,True,
2020,State Department,"Conservation Corps, California",,Corpsmember,False,False,,31199,31199,,3570,1425,0,0,4995,0,0,0,0,0,,https://www.calhr.ca.gov,,07/27/2021,,,True,
2020,State Department,"Conservation Corps, California",,Corpsmember,False,False,,31199,31199,,3570,1425,0,0,4995,0,0,0,0,0,,https://www.calhr.ca.gov,,07/27/2021,,,True,
2020,State Department,"Conservation Corps, California",,Corpsmember,False,False,,31199,31199,,3570,1425,0,0,4995,0,0,0,0,0,,https://www.calhr.ca.gov,,07/27/2021,,,True,
2020,State Department,"Conservation Corps, California",,Corpsmember,False,False,,31199,31199,,3570,1425,0,0,4995,0,0,0,0,0,,https://www.calhr.ca.gov,,07/27/2021,,,True,
2020,State Department,"Conservation Corps, California",,Corpsmember,False,False,,31199,31199,,3510,1485,0,0,4995,0,0,0,0,0,,https://www.calhr.ca.gov,,07/27/2021,,,True,
2020,State Department,"Conservation Corps, California",,Corpsmember,False,False,,31199,31199,,3870,1110,0,0,4980,0,0,0,0,0,,https://www.calhr.ca.gov,,07/27/2021,,,True,
2020,State Department,"Conservation Corps, California",,Corpsmember,False,False,,31199,31199,,4980,0,0,0,4980,0,0,0,0,0,,https://www.calhr.ca.gov,,07/27/2021,,,True,
2020,State Department,"Conservation Corps, California",,Corpsmember,False,False,,31199,31199,,3870,1110,0,0,4980,0,0,0,0,0,,https://www.calhr.ca.gov,,07/27/2021,,,True,
2020,State Department,"Conservation Corps, California",,Corpsmember,False,False,,31199,31199,,3510,1470,0,0,4980,0,0,0,0,0,,https://www.calhr.ca.gov,,07/27/2021,,,True,
2020,State Department,"Conservation Corps, California",,Corpsmember,False,False,,31199,31199,,3870,1110,0,0,4980,0,0,0,0,0,,https://www.calhr.ca.gov,,07/27/2021,,,True,
2020,State Department,"Conservation Corps, California",,Corpsmember,False,False,,31199,31199,,4980,0,0,0,4980,0,0,0,0,0,,https://www.calhr.ca.gov,,07/27/2021,,,True,
2020,State Department,"Conservation Corps, California",,Corpsmember,False,False,,31199,31199,,3510,1470,0,0,4980,0,0,0,0,0,,https://www.calhr.ca.gov,,07/27/2021,,,True,
2020,State Department,"Conservation Corps, California",,Corpsmember,False,False,,31199,31199,,4980,0,0,0,4980,0,0,0,0,0,,https://www.calhr.ca.gov,,07/27/2021,,,True,
2020,State Department,"Conservation Corps, California",,Corpsmember,False,False,,31199,31199,,3870,1110,0,0,4980,0,0,0,0,0,,https://www.calhr.ca.gov,,07/27/2021,,,True,
2020,State Department,"Conservation Corps, California",,Corpsmember,False,False,,31199,31199,,3870,1110,0,0,4980,0,0,0,0,0,,https://www.calhr.ca.gov,,07/27/2021,,,True,
2020,State Department,"Conservation Corps, California",,Corpsmember,False,False,,31199,31199,,3510,1455,0,0,4965,0,0,0,0,0,,https://www.calhr.ca.gov,,07/27/2021,,,True,
2020,State Department,"Conservation Corps, California",,Corpsmember,False,False,,31199,31199,,4965,0,0,0,4965,0,0,0,0,0,,https://www.calhr.ca.gov,,07/27/2021,,,True,
2020,State Department,"Conservation Corps, California",,Corpsmember,False,False,,31199,31199,,3585,1380,0,0,4965,0,0,0,0,0,,https://www.calhr.ca.gov,,07/27/2021,,,True,
2020,State Department,"Conservation Corps, California",,Corpsmember,False,False,,31199,31199,,3795,1155,0,0,4950,0,0,0,0,0,,https://www.calhr.ca.gov,,07/27/2021,,,True,
2020,State Department,"Conservation Corps, California",,Corpsmember,False,False,,31199,31199,,3570,1380,0,0,4950,0,0,0,0,0,,https://www.calhr.ca.gov,,07/27/2021,,,True,
2020,State Department,"Conservation Corps, California",,Corpsmember,False,False,,31199,31199,,3570,1380,0,0,4950,0,0,0,0,0,,https://www.calhr.ca.gov,,07/27/2021,,,True,
2020,State Department,"Conservation Corps, California",,Corpsmember,False,False,,31199,31199,,3570,1380,0,0,4950,0,0,0,0,0,,https://www.calhr.ca.gov,,07/27/2021,,,True,
2020,State Department,"Conservation Corps, California",,Corpsmember,False,False,,31199,31199,,3570,1380,0,0,4950,0,0,0,0,0,,https://www.calhr.ca.gov,,07/27/2021,,,True,
2020,State Department,"Conservation Corps, California",,Corpsmember,False,False,,31199,31199,,3570,1380,0,0,4950,0,0,0,0,0,,https://www.calhr.ca.gov,,07/27/2021,,,True,
2020,State Department,"Conservation Corps, California",,Corpsmember,False,False,,31199,31199,,4890,60,0,0,4950,0,0,0,0,0,,https://www.calhr.ca.gov,,07/27/2021,,,True,
2020,State Department,"Conservation Corps, California",,Corpsmember,False,False,,31199,31199,,3570,1380,0,0,4950,0,0,0,0,0,,https://www.calhr.ca.gov,,07/27/2021,,,True,
2020,State Department,"Conservation Corps, California",,Corpsmember,False,False,,31199,31199,,3570,1380,0,0,4950,0,0,0,0,0,,https://www.calhr.ca.gov,,07/27/2021,,,True,
2020,State Department,"Conservation Corps, California",,Corpsmember Promo 1,False,False,,31719,31719,,4712,0,229,0,4941,0,0,0,0,0,,https://www.calhr.ca.gov,,07/27/2021,,,True,
2020,State Department,"Conservation Corps, California",,Corpsmember,False,False,,31199,31199,,3570,1365,0,0,4935,0,0,0,0,0,,https://www.calhr.ca.gov,,07/27/2021,,,True,
2020,State Department,"Conservation Corps, California",,Corpsmember,False,False,,31199,31199,,4920,0,0,0,4920,0,0,0,0,0,,https://www.calhr.ca.gov,,07/27/2021,,,True,
2020,State Department,"Conservation Corps, California",,Corpsmember,False,False,,31199,31199,,4905,0,0,0,4905,0,0,0,0,0,,https://www.calhr.ca.gov,,07/27/2021,,,True,
2020,State Department,"Conservation Corps, California",,Corpsmember,False,False,,31199,31199,,3765,1140,0,0,4905,0,0,0,0,0,,https://www.calhr.ca.gov,,07/27/2021,,,True,
2020,State Department,"Conservation Corps, California",,Corpsmember,False,False,,31199,31199,,3450,1455,0,0,4905,0,0,0,0,0,,https://www.calhr.ca.gov,,07/27/2021,,,True,
2020,State Department,"Conservation Corps, California",,Corpsmember,False,False,,31199,31199,,4860,0,0,0,4860,0,0,0,0,0,,https://www.calhr.ca.gov,,07/27/2021,,,True,
2020,State Department,"Conservation Corps, California",,Corpsmember,False,False,,31199,31199,,3705,1140,0,0,4845,0,0,0,0,0,,https://www.calhr.ca.gov,,07/27/2021,,,True,
2020,State Department,"Conservation Corps, California",,Corpsmember,False,False,,31199,31199,,4830,0,0,0,4830,0,0,0,0,0,,https://www.calhr.ca.gov,,07/27/2021,,,True,
2020,State Department,"Conservation Corps, California",,Corpsmember,False,False,,31199,31199,,3510,1320,0,0,4830,0,0,0,0,0,,https://www.calhr.ca.gov,,07/27/2021,,,True,
2020,State Department,"Conservation Corps, California",,Corpsmember,False,False,,31199,31199,,4830,0,0,0,4830,0,0,0,0,0,,https://www.calhr.ca.gov,,07/27/2021,,,True,
2020,State Department,"Conservation Corps, California",,Corpsmember,False,False,,31199,31199,,3135,1680,0,0,4815,0,0,0,0,0,,https://www.calhr.ca.gov,,07/27/2021,,,True,
2020,State Department,"Conservation Corps, California",,Corpsmember,False,False,,31199,31199,,3135,1680,0,0,4815,0,0,0,0,0,,https://www.calhr.ca.gov,,07/27/2021,,,True,
2020,State Department,"Conservation Corps, California",,Corpsmember,False,False,,31199,31199,,3135,1680,0,0,4815,0,0,0,0,0,,https://www.calhr.ca.gov,,07/27/2021,,,True,
2020,State Department,"Conservation Corps, California",,Corpsmember,False,False,,31199,31199,,3135,1680,0,0,4815,0,0,0,0,0,,https://www.calhr.ca.gov,,07/27/2021,,,True,
2020,State Department,"Conservation Corps, California",,Corpsmember,False,False,,31199,31199,,3135,1680,0,0,4815,0,0,0,0,0,,https://www.calhr.ca.gov,,07/27/2021,,,True,
2020,State Department,"Conservation Corps, California",,Corpsmember,False,False,,31199,31199,,3135,1680,0,0,4815,0,0,0,0,0,,https://www.calhr.ca.gov,,07/27/2021,,,True,
2020,State Department,"Conservation Corps, California",,Corpsmember,False,False,,31199,31199,,4080,735,0,0,4815,0,0,0,0,0,,https://www.calhr.ca.gov,,07/27/2021,,,True,
2020,State Department,"Conservation Corps, California",,Corpsmember,False,False,,31199,31199,,2220,2580,0,0,4800,0,0,0,0,0,,https://www.calhr.ca.gov,,07/27/2021,,,True,
2020,State Department,"Conservation Corps, California",,Corpsmember,False,False,,31199,31199,,4785,0,0,0,4785,0,0,0,0,0,,https://www.calhr.ca.gov,,07/27/2021,,,True,
2020,State Department,"Conservation Corps, California",,Corpsmember,False,False,,31199,31199,,4380,405,0,0,4785,0,0,0,0,0,,https://www.calhr.ca.gov,,07/27/2021,,,True,
2020,State Department,"Conservation Corps, California",,Corpsmember,False,False,,31199,31199,,2265,2505,0,0,4770,0,0,0,0,0,,https://www.calhr.ca.gov,,07/27/2021,,,True,
2020,State Department,"Conservation Corps, California",,Corpsmember,False,False,,31199,31199,,4770,0,0,0,4770,0,0,0,0,0,,https://www.calhr.ca.gov,,07/27/2021,,,True,
2020,State Department,"Conservation Corps, California",,Corpsmember,False,False,,31199,31199,,4650,75,0,0,4725,0,0,0,0,0,,https://www.calhr.ca.gov,,07/27/2021,,,True,
2020,State Department,"Conservation Corps, California",,Corpsmember,False,False,,31199,31199,,4725,0,0,0,4725,0,0,0,0,0,,https://www.calhr.ca.gov,,07/27/2021,,,True,
2020,State Department,"Conservation Corps, California",,Corpsmember,False,False,,31199,31199,,2790,1935,0,0,4725,0,0,0,0,0,,https://www.calhr.ca.gov,,07/27/2021,,,True,
2020,State Department,"Conservation Corps, California",,Corpsmember,False,False,,31199,31199,,4695,15,0,0,4710,0,0,0,0,0,,https://www.calhr.ca.gov,,07/27/2021,,,True,
2020,State Department,"Conservation Corps, California",,Corpsmember,False,False,,31199,31199,,4710,0,0,0,4710,0,0,0,0,0,,https://www.calhr.ca.gov,,07/27/2021,,,True,
2020,State Department,"Conservation Corps, California",,Corpsmember,False,False,,31199,31199,,4710,0,0,0,4710,0,0,0,0,0,,https://www.calhr.ca.gov,,07/27/2021,,,True,
2020,State Department,"Conservation Corps, California",,Corpsmember Promo 1,False,False,,31719,31719,,4697,0,0,0,4697,0,0,0,0,0,,https://www.calhr.ca.gov,,07/27/2021,,,True,
2020,State Department,"Conservation Corps, California",,Corpsmember,False,False,,31199,31199,,3510,1170,0,0,4680,0,0,0,0,0,,https://www.calhr.ca.gov,,07/27/2021,,,True,
2020,State Department,"Conservation Corps, California",,Corpsmember,False,False,,31199,31199,,3510,1170,0,0,4680,0,0,0,0,0,,https://www.calhr.ca.gov,,07/27/2021,,,True,
2020,State Department,"Conservation Corps, California",,Corpsmember,False,False,,31199,31199,,4665,0,0,0,4665,0,0,0,0,0,,https://www.calhr.ca.gov,,07/27/2021,,,True,
2020,State Department,"Conservation Corps, California",,Corpsmember,False,False,,31199,31199,,3600,1050,0,0,4650,0,0,0,0,0,,https://www.calhr.ca.gov,,07/27/2021,,,True,
2020,State Department,"Conservation Corps, California",,Corpsmember,False,False,,31199,31199,,3570,1065,0,0,4635,0,0,0,0,0,,https://www.calhr.ca.gov,,07/27/2021,,,True,
2020,State Department,"Conservation Corps, California",,Corpsmember,False,False,,31199,31199,,2505,2055,75,0,4635,0,0,0,0,0,,https://www.calhr.ca.gov,,07/27/2021,,,True,
2020,State Department,"Conservation Corps, California",,Corpsmember,False,False,,31199,31199,,3570,1065,0,0,4635,0,0,0,0,0,,https://www.calhr.ca.gov,,07/27/2021,,,True,
2020,State Department,"Conservation Corps, California",,Corpsmember,False,False,,31199,31199,,4515,0,75,0,4590,0,0,0,0,0,,https://www.calhr.ca.gov,,07/27/2021,,,True,
2020,State Department,"Conservation Corps, California",,Corpsmember,False,False,,31199,31199,,4575,0,0,0,4575,0,0,0,0,0,,https://www.calhr.ca.gov,,07/27/2021,,,True,
2020,State Department,"Conservation Corps, California",,Corpsmember,False,False,,31199,31199,,4560,0,0,0,4560,0,0,0,0,0,,https://www.calhr.ca.gov,,07/27/2021,,,True,
2020,State Department,"Conservation Corps, California",,Corpsmember,False,False,,31199,31199,,4545,0,0,0,4545,0,0,0,0,0,,https://www.calhr.ca.gov,,07/27/2021,,,True,
2020,State Department,"Conservation Corps, California",,Special Corpsmember,False,False,,34319,34319,,4488,50,0,0,4538,0,0,0,0,0,,https://www.calhr.ca.gov,,07/27/2021,,,True,
2020,State Department,"Conservation Corps, California",,Corpsmember,False,False,,31199,31199,,3570,960,0,0,4530,0,0,0,0,0,,https://www.calhr.ca.gov,,07/27/2021,,,True,
2020,State Department,"Conservation Corps, California",,Corpsmember,False,False,,31199,31199,,2250,2280,0,0,4530,0,0,0,0,0,,https://www.calhr.ca.gov,,07/27/2021,,,True,
2020,State Department,"Conservation Corps, California",,Corpsmember,False,False,,31199,31199,,3210,1320,0,0,4530,0,0,0,0,0,,https://www.calhr.ca.gov,,07/27/2021,,,True,
2020,State Department,"Conservation Corps, California",,Corpsmember,False,False,,31199,31199,,3135,1395,0,0,4530,0,0,0,0,0,,https://www.calhr.ca.gov,,07/27/2021,,,True,
2020,State Department,"Conservation Corps, California",,Corpsmember,False,False,,31199,31199,,4515,0,0,0,4515,0,0,0,0,0,,https://www.calhr.ca.gov,,07/27/2021,,,True,
2020,State Department,"Conservation Corps, California",,Corpsmember,False,False,,31199,31199,,4515,0,0,0,4515,0,0,0,0,0,,https://www.calhr.ca.gov,,07/27/2021,,,True,
2020,State Department,"Conservation Corps, California",,Corpsmember,False,False,,31199,31199,,4515,0,0,0,4515,0,0,0,0,0,,https://www.calhr.ca.gov,,07/27/2021,,,True,
2020,State Department,"Conservation Corps, California",,Corpsmember,False,False,,31199,31199,,4515,0,0,0,4515,0,0,0,0,0,,https://www.calhr.ca.gov,,07/27/2021,,,True,
2020,State Department,"Conservation Corps, California",,Corpsmember,False,False,,31199,31199,,4515,0,0,0,4515,0,0,0,0,0,,https://www.calhr.ca.gov,,07/27/2021,,,True,
2020,State Department,"Conservation Corps, California",,Corpsmember,False,False,,31199,31199,,4470,0,0,0,4470,0,0,0,0,0,,https://www.calhr.ca.gov,,07/27/2021,,,True,
2020,State Department,"Conservation Corps, California",,Corpsmember,False,False,,31199,31199,,2385,2085,0,0,4470,0,0,0,0,0,,https://www.calhr.ca.gov,,07/27/2021,,,True,
2020,State Department,"Conservation Corps, California",,Corpsmember,False,False,,31199,31199,,4110,330,0,0,4440,0,0,0,0,0,,https://www.calhr.ca.gov,,07/27/2021,,,True,
2020,State Department,"Conservation Corps, California",,Corpsmember,False,False,,31199,31199,,4425,0,0,0,4425,0,0,0,0,0,,https://www.calhr.ca.gov,,07/27/2021,,,True,
2020,State Department,"Conservation Corps, California",,Corpsmember,False,False,,31199,31199,,3540,870,0,0,4410,0,0,0,0,0,,https://www.calhr.ca.gov,,07/27/2021,,,True,
2020,State Department,"Conservation Corps, California",,Corpsmember,False,False,,31199,31199,,4245,150,0,0,4395,0,0,0,0,0,,https://www.calhr.ca.gov,,07/27/2021,,,True,
2020,State Department,"Conservation Corps, California",,Corpsmember,False,False,,31199,31199,,4395,0,0,0,4395,0,0,0,0,0,,https://www.calhr.ca.gov,,07/27/2021,,,True,
2020,State Department,"Conservation Corps, California",,Corpsmember,False,False,,31199,31199,,4395,0,0,0,4395,0,0,0,0,0,,https://www.calhr.ca.gov,,07/27/2021,,,True,
2020,State Department,"Conservation Corps, California",,Corpsmember,False,False,,31199,31199,,4380,0,0,0,4380,0,0,0,0,0,,https://www.calhr.ca.gov,,07/27/2021,,,True,
2020,State Department,"Conservation Corps, California",,Corpsmember,False,False,,31199,31199,,3075,1305,0,0,4380,0,0,0,0,0,,https://www.calhr.ca.gov,,07/27/2021,,,True,
2020,State Department,"Conservation Corps, California",,Corpsmember,False,False,,31199,31199,,4365,0,0,0,4365,0,0,0,0,0,,https://www.calhr.ca.gov,,07/27/2021,,,True,
2020,State Department,"Conservation Corps, California",,Corpsmember,False,False,,31199,31199,,4365,0,0,0,4365,0,0,0,0,0,,https://www.calhr.ca.gov,,07/27/2021,,,True,
2020,State Department,"Conservation Corps, California",,Corpsmember,False,False,,31199,31199,,3135,1215,0,0,4350,0,0,0,0,0,,https://www.calhr.ca.gov,,07/27/2021,,,True,
2020,State Department,"Conservation Corps, California",,Corpsmember,False,False,,31199,31199,,3135,1215,0,0,4350,0,0,0,0,0,,https://www.calhr.ca.gov,,07/27/2021,,,True,
2020,State Department,"Conservation Corps, California",,Corpsmember,False,False,,31199,31199,,3135,1215,0,0,4350,0,0,0,0,0,,https://www.calhr.ca.gov,,07/27/2021,,,True,
2020,State Department,"Conservation Corps, California",,Corpsmember,False,False,,31199,31199,,4350,0,0,0,4350,0,0,0,0,0,,https://www.calhr.ca.gov,,07/27/2021,,,True,
2020,State Department,"Conservation Corps, California",,Corpsmember,False,False,,31199,31199,,4350,0,0,0,4350,0,0,0,0,0,,https://www.calhr.ca.gov,,07/27/2021,,,True,
2020,State Department,"Conservation Corps, California",,Corpsmember,False,False,,31199,31199,,2220,2130,0,0,4350,0,0,0,0,0,,https://www.calhr.ca.gov,,07/27/2021,,,True,
2020,State Department,"Conservation Corps, California",,Corpsmember,False,False,,31199,31199,,3135,1215,0,0,4350,0,0,0,0,0,,https://www.calhr.ca.gov,,07/27/2021,,,True,
2020,State Department,"Conservation Corps, California",,Corpsmember,False,False,,31199,31199,,4335,0,0,0,4335,0,0,0,0,0,,https://www.calhr.ca.gov,,07/27/2021,,,True,
2020,State Department,"Conservation Corps, California",,Corpsmember,False,False,,31199,31199,,3075,1245,0,0,4320,0,0,0,0,0,,https://www.calhr.ca.gov,,07/27/2021,,,True,
2020,State Department,"Conservation Corps, California",,Corpsmember Promo 1,False,False,,31719,31719,,3935,0,381,0,4316,0,0,0,0,0,,https://www.calhr.ca.gov,,07/27/2021,,,True,
2020,State Department,"Conservation Corps, California",,Corpsmember,False,False,,31199,31199,,3570,735,0,0,4305,0,0,0,0,0,,https://www.calhr.ca.gov,,07/27/2021,,,True,
2020,State Department,"Conservation Corps, California",,Corpsmember,False,False,,31199,31199,,4305,0,0,0,4305,0,0,0,0,0,,https://www.calhr.ca.gov,,07/27/2021,,,True,
2020,State Department,"Conservation Corps, California",,Corpsmember,False,False,,31199,31199,,3570,735,0,0,4305,0,0,0,0,0,,https://www.calhr.ca.gov,,07/27/2021,,,True,
2020,State Department,"Conservation Corps, California",,Corpsmember,False,False,,31199,31199,,3570,735,0,0,4305,0,0,0,0,0,,https://www.calhr.ca.gov,,07/27/2021,,,True,
2020,State Department,"Conservation Corps, California",,Corpsmember,False,False,,31199,31199,,3570,735,0,0,4305,0,0,0,0,0,,https://www.calhr.ca.gov,,07/27/2021,,,True,
2020,State Department,"Conservation Corps, California",,Corpsmember,False,False,,31199,31199,,3570,735,0,0,4305,0,0,0,0,0,,https://www.calhr.ca.gov,,07/27/2021,,,True,
2020,State Department,"Conservation Corps, California",,Corpsmember,False,False,,31199,31199,,3570,735,0,0,4305,0,0,0,0,0,,https://www.calhr.ca.gov,,07/27/2021,,,True,
2020,State Department,"Conservation Corps, California",,Corpsmember,False,False,,31199,31199,,3570,735,0,0,4305,0,0,0,0,0,,https://www.calhr.ca.gov,,07/27/2021,,,True,
2020,State Department,"Conservation Corps, California",,Corpsmember,False,False,,31199,31199,,3570,735,0,0,4305,0,0,0,0,0,,https://www.calhr.ca.gov,,07/27/2021,,,True,
2020,State Department,"Conservation Corps, California",,Corpsmember,False,False,,31199,31199,,3570,735,0,0,4305,0,0,0,0,0,,https://www.calhr.ca.gov,,07/27/2021,,,True,
2020,State Department,"Conservation Corps, California",,Corpsmember,False,False,,31199,31199,,3345,930,0,0,4275,0,0,0,0,0,,https://www.calhr.ca.gov,,07/27/2021,,,True,
2020,State Department,"Conservation Corps, California",,Corpsmember,False,False,,31199,31199,,4050,225,0,0,4275,0,0,0,0,0,,https://www.calhr.ca.gov,,07/27/2021,,,True,
2020,State Department,"Conservation Corps, California",,Corpsmember,False,False,,31199,31199,,4275,0,0,0,4275,0,0,0,0,0,,https://www.calhr.ca.gov,,07/27/2021,,,True,
2020,State Department,"Conservation Corps, California",,Corpsmember,False,False,,31199,31199,,4260,0,0,0,4260,0,0,0,0,0,,https://www.calhr.ca.gov,,07/27/2021,,,True,
2020,State Department,"Conservation Corps, California",,Corpsmember,False,False,,31199,31199,,3810,0,450,0,4260,0,0,0,0,0,,https://www.calhr.ca.gov,,07/27/2021,,,True,
2020,State Department,"Conservation Corps, California",,Corpsmember,False,False,,31199,31199,,2955,1215,75,0,4245,0,0,0,0,0,,https://www.calhr.ca.gov,,07/27/2021,,,True,
2020,State Department,"Conservation Corps, California",,Corpsmember,False,False,,31199,31199,,2895,1335,0,0,4230,0,0,0,0,0,,https://www.calhr.ca.gov,,07/27/2021,,,True,
2020,State Department,"Conservation Corps, California",,Corpsmember,False,False,,31199,31199,,4065,0,150,0,4215,0,0,0,0,0,,https://www.calhr.ca.gov,,07/27/2021,,,True,
2020,State Department,"Conservation Corps, California",,Corpsmember,False,False,,31199,31199,,4200,0,0,0,4200,0,0,0,0,0,,https://www.calhr.ca.gov,,07/27/2021,,,True,
2020,State Department,"Conservation Corps, California",,Corpsmember,False,False,,31199,31199,,3870,330,0,0,4200,0,0,0,0,0,,https://www.calhr.ca.gov,,07/27/2021,,,True,
2020,State Department,"Conservation Corps, California",,Corpsmember,False,False,,31199,31199,,4200,0,0,0,4200,0,0,0,0,0,,https://www.calhr.ca.gov,,07/27/2021,,,True,
2020,State Department,"Conservation Corps, California",,Corpsmember,False,False,,31199,31199,,2160,2025,0,0,4185,0,0,0,0,0,,https://www.calhr.ca.gov,,07/27/2021,,,True,
2020,State Department,"Conservation Corps, California",,Corpsmember,False,False,,31199,31199,,2250,1935,0,0,4185,0,0,0,0,0,,https://www.calhr.ca.gov,,07/27/2021,,,True,
2020,State Department,"Conservation Corps, California",,Corpsmember,False,False,,31199,31199,,4170,0,0,0,4170,0,0,0,0,0,,https://www.calhr.ca.gov,,07/27/2021,,,True,
2020,State Department,"Conservation Corps, California",,Corpsmember,False,False,,31199,31199,,4170,0,0,0,4170,0,0,0,0,0,,https://www.calhr.ca.gov,,07/27/2021,,,True,
2020,State Department,"Conservation Corps, California",,Corpsmember,False,False,,31199,31199,,2775,1380,0,0,4155,0,0,0,0,0,,https://www.calhr.ca.gov,,07/27/2021,,,True,
2020,State Department,"Conservation Corps, California",,Corpsmember,False,False,,31199,31199,,3135,1005,0,0,4140,0,0,0,0,0,,https://www.calhr.ca.gov,,07/27/2021,,,True,
2020,State Department,"Conservation Corps, California",,Corpsmember,False,False,,31199,31199,,4125,0,0,0,4125,0,0,0,0,0,,https://www.calhr.ca.gov,,07/27/2021,,,True,
2020,State Department,"Conservation Corps, California",,Corpsmember,False,False,,31199,31199,,3855,270,0,0,4125,0,0,0,0,0,,https://www.calhr.ca.gov,,07/27/2021,,,True,
2020,State Department,"Conservation Corps, California",,Corpsmember,False,False,,31199,31199,,2760,1350,0,0,4110,0,0,0,0,0,,https://www.calhr.ca.gov,,07/27/2021,,,True,
2020,State Department,"Conservation Corps, California",,Corpsmember,False,False,,31199,31199,,4110,0,0,0,4110,0,0,0,0,0,,https://www.calhr.ca.gov,,07/27/2021,,,True,
2020,State Department,"Conservation Corps, California",,Corpsmember,False,False,,31199,31199,,3975,135,0,0,4110,0,0,0,0,0,,https://www.calhr.ca.gov,,07/27/2021,,,True,
2020,State Department,"Conservation Corps, California",,Corpsmember,False,False,,31199,31199,,2100,1980,0,0,4080,0,0,0,0,0,,https://www.calhr.ca.gov,,07/27/2021,,,True,
2020,State Department,"Conservation Corps, California",,Corpsmember,False,False,,31199,31199,,4080,0,0,0,4080,0,0,0,0,0,,https://www.calhr.ca.gov,,07/27/2021,,,True,
2020,State Department,"Conservation Corps, California",,Corpsmember,False,False,,31199,31199,,4080,0,0,0,4080,0,0,0,0,0,,https://www.calhr.ca.gov,,07/27/2021,,,True,
2020,State Department,"Conservation Corps, California",,Corpsmember,False,False,,31199,31199,,2610,1380,75,0,4065,0,0,0,0,0,,https://www.calhr.ca.gov,,07/27/2021,,,True,
2020,State Department,"Conservation Corps, California",,Corpsmember,False,False,,31199,31199,,3195,870,0,0,4065,0,0,0,0,0,,https://www.calhr.ca.gov,,07/27/2021,,,True,
2020,State Department,"Conservation Corps, California",,Corpsmember,False,False,,31199,31199,,2520,1530,0,0,4050,0,0,0,0,0,,https://www.calhr.ca.gov,,07/27/2021,,,True,
2020,State Department,"Conservation Corps, California",,Corpsmember,False,False,,31199,31199,,4050,0,0,0,4050,0,0,0,0,0,,https://www.calhr.ca.gov,,07/27/2021,,,True,
2020,State Department,"Conservation Corps, California",,Corpsmember,False,False,,31199,31199,,1980,2055,0,0,4035,0,0,0,0,0,,https://www.calhr.ca.gov,,07/27/2021,,,True,
2020,State Department,"Conservation Corps, California",,Corpsmember,False,False,,31199,31199,,4020,0,0,0,4020,0,0,0,0,0,,https://www.calhr.ca.gov,,07/27/2021,,,True,
2020,State Department,"Conservation Corps, California",,Corpsmember,False,False,,31199,31199,,4020,0,0,0,4020,0,0,0,0,0,,https://www.calhr.ca.gov,,07/27/2021,,,True,
2020,State Department,"Conservation Corps, California",,Corpsmember,False,False,,31199,31199,,3570,450,0,0,4020,0,0,0,0,0,,https://www.calhr.ca.gov,,07/27/2021,,,True,
2020,State Department,"Conservation Corps, California",,Corpsmember,False,False,,31199,31199,,4020,0,0,0,4020,0,0,0,0,0,,https://www.calhr.ca.gov,,07/27/2021,,,True,
2020,State Department,"Conservation Corps, California",,Corpsmember,False,False,,31199,31199,,4005,0,0,0,4005,0,0,0,0,0,,https://www.calhr.ca.gov,,07/27/2021,,,True,
2020,State Department,"Conservation Corps, California",,Corpsmember,False,False,,31199,31199,,3810,195,0,0,4005,0,0,0,0,0,,https://www.calhr.ca.gov,,07/27/2021,,,True,
2020,State Department,"Conservation Corps, California",,Corpsmember,False,False,,31199,31199,,4005,0,0,0,4005,0,0,0,0,0,,https://www.calhr.ca.gov,,07/27/2021,,,True,
2020,State Department,"Conservation Corps, California",,Corpsmember,False,False,,31199,31199,,4005,0,0,0,4005,0,0,0,0,0,,https://www.calhr.ca.gov,,07/27/2021,,,True,
2020,State Department,"Conservation Corps, California",,Special Corpsmember,False,False,,34319,34319,,3878,0,116,0,3993,0,0,0,0,0,,https://www.calhr.ca.gov,,07/27/2021,,,True,
2020,State Department,"Conservation Corps, California",,Corpsmember,False,False,,31199,31199,,3840,0,150,0,3990,0,0,0,0,0,,https://www.calhr.ca.gov,,07/27/2021,,,True,
2020,State Department,"Conservation Corps, California",,Corpsmember,False,False,,31199,31199,,3570,420,0,0,3990,0,0,0,0,0,,https://www.calhr.ca.gov,,07/27/2021,,,True,
2020,State Department,"Conservation Corps, California",,Corpsmember,False,False,,31199,31199,,3975,0,0,0,3975,0,0,0,0,0,,https://www.calhr.ca.gov,,07/27/2021,,,True,
2020,State Department,"Conservation Corps, California",,Corpsmember,False,False,,31199,31199,,3885,0,75,0,3960,0,0,0,0,0,,https://www.calhr.ca.gov,,07/27/2021,,,True,
2020,State Department,"Conservation Corps, California",,Corpsmember,False,False,,31199,31199,,3810,0,150,0,3960,0,0,0,0,0,,https://www.calhr.ca.gov,,07/27/2021,,,True,
2020,State Department,"Conservation Corps, California",,Corpsmember,False,False,,31199,31199,,3570,375,0,0,3945,0,0,0,0,0,,https://www.calhr.ca.gov,,07/27/2021,,,True,
2020,State Department,"Conservation Corps, California",,Corpsmember,False,False,,31199,31199,,3195,750,0,0,3945,0,0,0,0,0,,https://www.calhr.ca.gov,,07/27/2021,,,True,
2020,State Department,"Conservation Corps, California",,Corpsmember,False,False,,31199,31199,,3930,0,0,0,3930,0,0,0,0,0,,https://www.calhr.ca.gov,,07/27/2021,,,True,
2020,State Department,"Conservation Corps, California",,Corpsmember,False,False,,31199,31199,,3930,0,0,0,3930,0,0,0,0,0,,https://www.calhr.ca.gov,,07/27/2021,,,True,
2020,State Department,"Conservation Corps, California",,Corpsmember,False,False,,31199,31199,,3075,840,0,0,3915,0,0,0,0,0,,https://www.calhr.ca.gov,,07/27/2021,,,True,
2020,State Department,"Conservation Corps, California",,Corpsmember,False,False,,31199,31199,,3075,840,0,0,3915,0,0,0,0,0,,https://www.calhr.ca.gov,,07/27/2021,,,True,
2020,State Department,"Conservation Corps, California",,Corpsmember Promo 1,False,False,,31719,31719,,3904,0,0,0,3904,0,0,0,0,0,,https://www.calhr.ca.gov,,07/27/2021,,,True,
2020,State Department,"Conservation Corps, California",,"Supervising Cook I, Range A",False,False,,46116,56712,,3896,0,0,0,3896,1184,0,0,786,1970,2.00% @ 55,https://www.calhr.ca.gov,,07/27/2021,,,True,
2020,State Department,"Conservation Corps, California",,Corpsmember,False,False,,31199,31199,,3135,735,0,0,3870,0,0,0,0,0,,https://www.calhr.ca.gov,,07/27/2021,,,True,
2020,State Department,"Conservation Corps, California",,Corpsmember,False,False,,31199,31199,,3135,735,0,0,3870,0,0,0,0,0,,https://www.calhr.ca.gov,,07/27/2021,,,True,
2020,State Department,"Conservation Corps, California",,Corpsmember,False,False,,31199,31199,,3135,735,0,0,3870,0,0,0,0,0,,https://www.calhr.ca.gov,,07/27/2021,,,True,
2020,State Department,"Conservation Corps, California",,Corpsmember,False,False,,31199,31199,,3135,735,0,0,3870,0,0,0,0,0,,https://www.calhr.ca.gov,,07/27/2021,,,True,
2020,State Department,"Conservation Corps, California",,Corpsmember,False,False,,31199,31199,,3135,735,0,0,3870,0,0,0,0,0,,https://www.calhr.ca.gov,,07/27/2021,,,True,
2020,State Department,"Conservation Corps, California",,Corpsmember,False,False,,31199,31199,,3135,735,0,0,3870,0,0,0,0,0,,https://www.calhr.ca.gov,,07/27/2021,,,True,
2020,State Department,"Conservation Corps, California",,Corpsmember,False,False,,31199,31199,,3135,735,0,0,3870,0,0,0,0,0,,https://www.calhr.ca.gov,,07/27/2021,,,True,
2020,State Department,"Conservation Corps, California",,Corpsmember,False,False,,31199,31199,,3195,645,0,0,3840,0,0,0,0,0,,https://www.calhr.ca.gov,,07/27/2021,,,True,
2020,State Department,"Conservation Corps, California",,Corpsmember,False,False,,31199,31199,,3240,585,0,0,3825,0,0,0,0,0,,https://www.calhr.ca.gov,,07/27/2021,,,True,
2020,State Department,"Conservation Corps, California",,Corpsmember,False,False,,31199,31199,,3825,0,0,0,3825,0,0,0,0,0,,https://www.calhr.ca.gov,,07/27/2021,,,True,
2020,State Department,"Conservation Corps, California",,Corpsmember,False,False,,31199,31199,,3825,0,0,0,3825,0,0,0,0,0,,https://www.calhr.ca.gov,,07/27/2021,,,True,
2020,State Department,"Conservation Corps, California",,Corpsmember Promo 2,False,False,,32239,32239,,3813,0,0,0,3813,0,0,0,0,0,,https://www.calhr.ca.gov,,07/27/2021,,,True,
2020,State Department,"Conservation Corps, California",,Corpsmember Promo 2,False,False,,32239,32239,,3813,0,0,0,3813,0,0,0,0,0,,https://www.calhr.ca.gov,,07/27/2021,,,True,
2020,State Department,"Conservation Corps, California",,Corpsmember,False,False,,31199,31199,,3810,0,0,0,3810,0,0,0,0,0,,https://www.calhr.ca.gov,,07/27/2021,,,True,
2020,State Department,"Conservation Corps, California",,Corpsmember,False,False,,31199,31199,,3810,0,0,0,3810,0,0,0,0,0,,https://www.calhr.ca.gov,,07/27/2021,,,True,
2020,State Department,"Conservation Corps, California",,Corpsmember,False,False,,31199,31199,,3810,0,0,0,3810,0,0,0,0,0,,https://www.calhr.ca.gov,,07/27/2021,,,True,
2020,State Department,"Conservation Corps, California",,Corpsmember,False,False,,31199,31199,,3810,0,0,0,3810,0,0,0,0,0,,https://www.calhr.ca.gov,,07/27/2021,,,True,
2020,State Department,"Conservation Corps, California",,Corpsmember,False,False,,31199,31199,,3810,0,0,0,3810,0,0,0,0,0,,https://www.calhr.ca.gov,,07/27/2021,,,True,
2020,State Department,"Conservation Corps, California",,Corpsmember,False,False,,31199,31199,,3570,240,0,0,3810,0,0,0,0,0,,https://www.calhr.ca.gov,,07/27/2021,,,True,
2020,State Department,"Conservation Corps, California",,Corpsmember,False,False,,31199,31199,,3810,0,0,0,3810,0,0,0,0,0,,https://www.calhr.ca.gov,,07/27/2021,,,True,
2020,State Department,"Conservation Corps, California",,Corpsmember,False,False,,31199,31199,,3810,0,0,0,3810,0,0,0,0,0,,https://www.calhr.ca.gov,,07/27/2021,,,True,
2020,State Department,"Conservation Corps, California",,Corpsmember,False,False,,31199,31199,,3810,0,0,0,3810,0,0,0,0,0,,https://www.calhr.ca.gov,,07/27/2021,,,True,
2020,State Department,"Conservation Corps, California",,Corpsmember,False,False,,31199,31199,,3810,0,0,0,3810,0,0,0,0,0,,https://www.calhr.ca.gov,,07/27/2021,,,True,
2020,State Department,"Conservation Corps, California",,Corpsmember,False,False,,31199,31199,,3795,0,0,0,3795,0,0,0,0,0,,https://www.calhr.ca.gov,,07/27/2021,,,True,
2020,State Department,"Conservation Corps, California",,Corpsmember Promo 2,False,False,,32239,32239,,3782,0,0,0,3782,0,0,0,0,0,,https://www.calhr.ca.gov,,07/27/2021,,,True,
2020,State Department,"Conservation Corps, California",,Corpsmember,False,False,,31199,31199,,2490,1215,75,0,3780,0,0,0,0,0,,https://www.calhr.ca.gov,,07/27/2021,,,True,
2020,State Department,"Conservation Corps, California",,Corpsmember,False,False,,31199,31199,,3690,75,0,0,3765,0,0,0,0,0,,https://www.calhr.ca.gov,,07/27/2021,,,True,
2020,State Department,"Conservation Corps, California",,Corpsmember,False,False,,31199,31199,,3135,630,0,0,3765,0,0,0,0,0,,https://www.calhr.ca.gov,,07/27/2021,,,True,
2020,State Department,"Conservation Corps, California",,Corpsmember,False,False,,31199,31199,,3135,630,0,0,3765,0,0,0,0,0,,https://www.calhr.ca.gov,,07/27/2021,,,True,
2020,State Department,"Conservation Corps, California",,Corpsmember,False,False,,31199,31199,,3135,630,0,0,3765,0,0,0,0,0,,https://www.calhr.ca.gov,,07/27/2021,,,True,
2020,State Department,"Conservation Corps, California",,Corpsmember,False,False,,31199,31199,,3765,0,0,0,3765,0,0,0,0,0,,https://www.calhr.ca.gov,,07/27/2021,,,True,
2020,State Department,"Conservation Corps, California",,Corpsmember,False,False,,31199,31199,,3135,630,0,0,3765,0,0,0,0,0,,https://www.calhr.ca.gov,,07/27/2021,,,True,
2020,State Department,"Conservation Corps, California",,Corpsmember,False,False,,31199,31199,,3135,630,0,0,3765,0,0,0,0,0,,https://www.calhr.ca.gov,,07/27/2021,,,True,
2020,State Department,"Conservation Corps, California",,Corpsmember,False,False,,31199,31199,,3135,630,0,0,3765,0,0,0,0,0,,https://www.calhr.ca.gov,,07/27/2021,,,True,
2020,State Department,"Conservation Corps, California",,Corpsmember,False,False,,31199,31199,,3135,630,0,0,3765,0,0,0,0,0,,https://www.calhr.ca.gov,,07/27/2021,,,True,
2020,State Department,"Conservation Corps, California",,Corpsmember,False,False,,31199,31199,,3750,0,0,0,3750,0,0,0,0,0,,https://www.calhr.ca.gov,,07/27/2021,,,True,
2020,State Department,"Conservation Corps, California",,Corpsmember,False,False,,31199,31199,,3750,0,0,0,3750,0,0,0,0,0,,https://www.calhr.ca.gov,,07/27/2021,,,True,
2020,State Department,"Conservation Corps, California",,Corpsmember,False,False,,31199,31199,,3750,0,0,0,3750,0,0,0,0,0,,https://www.calhr.ca.gov,,07/27/2021,,,True,
2020,State Department,"Conservation Corps, California",,Corpsmember,False,False,,31199,31199,,3570,165,0,0,3735,0,0,0,0,0,,https://www.calhr.ca.gov,,07/27/2021,,,True,
2020,State Department,"Conservation Corps, California",,Corpsmember,False,False,,31199,31199,,3510,0,225,0,3735,0,0,0,0,0,,https://www.calhr.ca.gov,,07/27/2021,,,True,
2020,State Department,"Conservation Corps, California",,"Associate Governmental Program Analyst, Range A",False,False,,61788,77352,,3314,0,407,0,3721,1256,0,0,1410,2666,2.00% @ 55,https://www.calhr.ca.gov,,07/27/2021,,,True,
2020,State Department,"Conservation Corps, California",,Corpsmember,False,False,,31199,31199,,3720,0,0,0,3720,0,0,0,0,0,,https://www.calhr.ca.gov,,07/27/2021,,,True,
2020,State Department,"Conservation Corps, California",,Corpsmember,False,False,,31199,31199,,2190,1530,0,0,3720,0,0,0,0,0,,https://www.calhr.ca.gov,,07/27/2021,,,True,
2020,State Department,"Conservation Corps, California",,Corpsmember,False,False,,31199,31199,,3719,0,0,0,3719,0,0,0,0,0,,https://www.calhr.ca.gov,,07/27/2021,,,True,
2020,State Department,"Conservation Corps, California",,Corpsmember,False,False,,31199,31199,,3690,0,0,0,3690,0,0,0,0,0,,https://www.calhr.ca.gov,,07/27/2021,,,True,
2020,State Department,"Conservation Corps, California",,Corpsmember,False,False,,31199,31199,,3690,0,0,0,3690,0,0,0,0,0,,https://www.calhr.ca.gov,,07/27/2021,,,True,
2020,State Department,"Conservation Corps, California",,Corpsmember,False,False,,31199,31199,,3690,0,0,0,3690,0,0,0,0,0,,https://www.calhr.ca.gov,,07/27/2021,,,True,
2020,State Department,"Conservation Corps, California",,Corpsmember,False,False,,31199,31199,,3690,0,0,0,3690,0,0,0,0,0,,https://www.calhr.ca.gov,,07/27/2021,,,True,
2020,State Department,"Conservation Corps, California",,Corpsmember,False,False,,31199,31199,,3210,480,0,0,3690,0,0,0,0,0,,https://www.calhr.ca.gov,,07/27/2021,,,True,
2020,State Department,"Conservation Corps, California",,Corpsmember,False,False,,31199,31199,,3135,525,0,0,3660,0,0,0,0,0,,https://www.calhr.ca.gov,,07/27/2021,,,True,
2020,State Department,"Conservation Corps, California",,Corpsmember,False,False,,31199,31199,,3645,0,0,0,3645,0,0,0,0,0,,https://www.calhr.ca.gov,,07/27/2021,,,True,
2020,State Department,"Conservation Corps, California",,Corpsmember,False,False,,31199,31199,,3645,0,0,0,3645,0,0,0,0,0,,https://www.calhr.ca.gov,,07/27/2021,,,True,
2020,State Department,"Conservation Corps, California",,Corpsmember,False,False,,31199,31199,,3630,0,0,0,3630,0,0,0,0,0,,https://www.calhr.ca.gov,,07/27/2021,,,True,
2020,State Department,"Conservation Corps, California",,Corpsmember,False,False,,31199,31199,,3630,0,0,0,3630,0,0,0,0,0,,https://www.calhr.ca.gov,,07/27/2021,,,True,
2020,State Department,"Conservation Corps, California",,Corpsmember,False,False,,31199,31199,,3630,0,0,0,3630,0,0,0,0,0,,https://www.calhr.ca.gov,,07/27/2021,,,True,
2020,State Department,"Conservation Corps, California",,Corpsmember,False,False,,31199,31199,,3630,0,0,0,3630,0,0,0,0,0,,https://www.calhr.ca.gov,,07/27/2021,,,True,
2020,State Department,"Conservation Corps, California",,Corpsmember,False,False,,31199,31199,,3630,0,0,0,3630,0,0,0,0,0,,https://www.calhr.ca.gov,,07/27/2021,,,True,
2020,State Department,"Conservation Corps, California",,Corpsmember,False,False,,31199,31199,,3630,0,0,0,3630,0,0,0,0,0,,https://www.calhr.ca.gov,,07/27/2021,,,True,
2020,State Department,"Conservation Corps, California",,Corpsmember,False,False,,31199,31199,,3630,0,0,0,3630,0,0,0,0,0,,https://www.calhr.ca.gov,,07/27/2021,,,True,
2020,State Department,"Conservation Corps, California",,Corpsmember,False,False,,31199,31199,,3630,0,0,0,3630,0,0,0,0,0,,https://www.calhr.ca.gov,,07/27/2021,,,True,
2020,State Department,"Conservation Corps, California",,Corpsmember,False,False,,31199,31199,,3630,0,0,0,3630,0,0,0,0,0,,https://www.calhr.ca.gov,,07/27/2021,,,True,
2020,State Department,"Conservation Corps, California",,Corpsmember,False,False,,31199,31199,,3630,0,0,0,3630,0,0,0,0,0,,https://www.calhr.ca.gov,,07/27/2021,,,True,
2020,State Department,"Conservation Corps, California",,Corpsmember,False,False,,31199,31199,,3630,0,0,0,3630,0,0,0,0,0,,https://www.calhr.ca.gov,,07/27/2021,,,True,
2020,State Department,"Conservation Corps, California",,Corpsmember,False,False,,31199,31199,,3630,0,0,0,3630,0,0,0,0,0,,https://www.calhr.ca.gov,,07/27/2021,,,True,
2020,State Department,"Conservation Corps, California",,Corpsmember,False,False,,31199,31199,,3630,0,0,0,3630,0,0,0,0,0,,https://www.calhr.ca.gov,,07/27/2021,,,True,
2020,State Department,"Conservation Corps, California",,Corpsmember,False,False,,31199,31199,,3630,0,0,0,3630,0,0,0,0,0,,https://www.calhr.ca.gov,,07/27/2021,,,True,
2020,State Department,"Conservation Corps, California",,Corpsmember,False,False,,31199,31199,,3630,0,0,0,3630,0,0,0,0,0,,https://www.calhr.ca.gov,,07/27/2021,,,True,
2020,State Department,"Conservation Corps, California",,Corpsmember,False,False,,31199,31199,,3630,0,0,0,3630,0,0,0,0,0,,https://www.calhr.ca.gov,,07/27/2021,,,True,
2020,State Department,"Conservation Corps, California",,Corpsmember,False,False,,31199,31199,,3630,0,0,0,3630,0,0,0,0,0,,https://www.calhr.ca.gov,,07/27/2021,,,True,
2020,State Department,"Conservation Corps, California",,Corpsmember,False,False,,31199,31199,,3630,0,0,0,3630,0,0,0,0,0,,https://www.calhr.ca.gov,,07/27/2021,,,True,
2020,State Department,"Conservation Corps, California",,Corpsmember,False,False,,31199,31199,,3630,0,0,0,3630,0,0,0,0,0,,https://www.calhr.ca.gov,,07/27/2021,,,True,
2020,State Department,"Conservation Corps, California",,Corpsmember,False,False,,31199,31199,,3630,0,0,0,3630,0,0,0,0,0,,https://www.calhr.ca.gov,,07/27/2021,,,True,
2020,State Department,"Conservation Corps, California",,Corpsmember,False,False,,31199,31199,,3630,0,0,0,3630,0,0,0,0,0,,https://www.calhr.ca.gov,,07/27/2021,,,True,
2020,State Department,"Conservation Corps, California",,Corpsmember,False,False,,31199,31199,,3630,0,0,0,3630,0,0,0,0,0,,https://www.calhr.ca.gov,,07/27/2021,,,True,
2020,State Department,"Conservation Corps, California",,Corpsmember,False,False,,31199,31199,,3630,0,0,0,3630,0,0,0,0,0,,https://www.calhr.ca.gov,,07/27/2021,,,True,
2020,State Department,"Conservation Corps, California",,Corpsmember,False,False,,31199,31199,,3630,0,0,0,3630,0,0,0,0,0,,https://www.calhr.ca.gov,,07/27/2021,,,True,
2020,State Department,"Conservation Corps, California",,Corpsmember,False,False,,31199,31199,,3630,0,0,0,3630,0,0,0,0,0,,https://www.calhr.ca.gov,,07/27/2021,,,True,
2020,State Department,"Conservation Corps, California",,Corpsmember,False,False,,31199,31199,,3630,0,0,0,3630,0,0,0,0,0,,https://www.calhr.ca.gov,,07/27/2021,,,True,
2020,State Department,"Conservation Corps, California",,Corpsmember,False,False,,31199,31199,,3630,0,0,0,3630,0,0,0,0,0,,https://www.calhr.ca.gov,,07/27/2021,,,True,
2020,State Department,"Conservation Corps, California",,Corpsmember,False,False,,31199,31199,,2445,1170,0,0,3615,0,0,0,0,0,,https://www.calhr.ca.gov,,07/27/2021,,,True,
2020,State Department,"Conservation Corps, California",,Special Corpsmember,False,False,,34319,34319,,3465,132,0,0,3597,0,0,0,0,0,,https://www.calhr.ca.gov,,07/27/2021,,,True,
2020,State Department,"Conservation Corps, California",,Corpsmember,False,False,,31199,31199,,3585,0,0,0,3585,0,0,0,0,0,,https://www.calhr.ca.gov,,07/27/2021,,,True,
2020,State Department,"Conservation Corps, California",,Corpsmember,False,False,,31199,31199,,1965,1605,0,0,3570,0,0,0,0,0,,https://www.calhr.ca.gov,,07/27/2021,,,True,
2020,State Department,"Conservation Corps, California",,Corpsmember,False,False,,31199,31199,,3570,0,0,0,3570,0,0,0,0,0,,https://www.calhr.ca.gov,,07/27/2021,,,True,
2020,State Department,"Conservation Corps, California",,Corpsmember,False,False,,31199,31199,,3570,0,0,0,3570,0,0,0,0,0,,https://www.calhr.ca.gov,,07/27/2021,,,True,
2020,State Department,"Conservation Corps, California",,Corpsmember,False,False,,31199,31199,,3570,0,0,0,3570,0,0,0,0,0,,https://www.calhr.ca.gov,,07/27/2021,,,True,
2020,State Department,"Conservation Corps, California",,Corpsmember,False,False,,31199,31199,,3570,0,0,0,3570,0,0,0,0,0,,https://www.calhr.ca.gov,,07/27/2021,,,True,
2020,State Department,"Conservation Corps, California",,Corpsmember,False,False,,31199,31199,,3135,420,0,0,3555,0,0,0,0,0,,https://www.calhr.ca.gov,,07/27/2021,,,True,
2020,State Department,"Conservation Corps, California",,Corpsmember,False,False,,31199,31199,,3525,0,0,0,3525,0,0,0,0,0,,https://www.calhr.ca.gov,,07/27/2021,,,True,
2020,State Department,"Conservation Corps, California",,Corpsmember,False,False,,31199,31199,,3510,0,0,0,3510,0,0,0,0,0,,https://www.calhr.ca.gov,,07/27/2021,,,True,
2020,State Department,"Conservation Corps, California",,Corpsmember,False,False,,31199,31199,,3075,420,0,0,3495,0,0,0,0,0,,https://www.calhr.ca.gov,,07/27/2021,,,True,
2020,State Department,"Conservation Corps, California",,Corpsmember,False,False,,31199,31199,,3075,420,0,0,3495,0,0,0,0,0,,https://www.calhr.ca.gov,,07/27/2021,,,True,
2020,State Department,"Conservation Corps, California",,Corpsmember,False,False,,31199,31199,,3075,405,0,0,3480,0,0,0,0,0,,https://www.calhr.ca.gov,,07/27/2021,,,True,
2020,State Department,"Conservation Corps, California",,Corpsmember,False,False,,31199,31199,,3075,405,0,0,3480,0,0,0,0,0,,https://www.calhr.ca.gov,,07/27/2021,,,True,
2020,State Department,"Conservation Corps, California",,Corpsmember,False,False,,31199,31199,,3315,150,0,0,3465,0,0,0,0,0,,https://www.calhr.ca.gov,,07/27/2021,,,True,
2020,State Department,"Conservation Corps, California",,Corpsmember,False,False,,31199,31199,,2970,495,0,0,3465,0,0,0,0,0,,https://www.calhr.ca.gov,,07/27/2021,,,True,
2020,State Department,"Conservation Corps, California",,Corpsmember,False,False,,31199,31199,,2370,1095,0,0,3465,0,0,0,0,0,,https://www.calhr.ca.gov,,07/27/2021,,,True,
2020,State Department,"Conservation Corps, California",,Corpsmember,False,False,,31199,31199,,3450,0,0,0,3450,0,0,0,0,0,,https://www.calhr.ca.gov,,07/27/2021,,,True,
2020,State Department,"Conservation Corps, California",,Corpsmember,False,False,,31199,31199,,3375,0,75,0,3450,0,0,0,0,0,,https://www.calhr.ca.gov,,07/27/2021,,,True,
2020,State Department,"Conservation Corps, California",,Corpsmember,False,False,,31199,31199,,3375,0,75,0,3450,0,0,0,0,0,,https://www.calhr.ca.gov,,07/27/2021,,,True,
2020,State Department,"Conservation Corps, California",,Corpsmember,False,False,,31199,31199,,3375,0,75,0,3450,0,0,0,0,0,,https://www.calhr.ca.gov,,07/27/2021,,,True,
2020,State Department,"Conservation Corps, California",,Corpsmember,False,False,,31199,31199,,3375,0,75,0,3450,0,0,0,0,0,,https://www.calhr.ca.gov,,07/27/2021,,,True,
2020,State Department,"Conservation Corps, California",,Corpsmember,False,False,,31199,31199,,3450,0,0,0,3450,0,0,0,0,0,,https://www.calhr.ca.gov,,07/27/2021,,,True,
2020,State Department,"Conservation Corps, California",,Corpsmember,False,False,,31199,31199,,3450,0,0,0,3450,0,0,0,0,0,,https://www.calhr.ca.gov,,07/27/2021,,,True,
2020,State Department,"Conservation Corps, California",,Corpsmember,False,False,,31199,31199,,3375,0,75,0,3450,0,0,0,0,0,,https://www.calhr.ca.gov,,07/27/2021,,,True,
2020,State Department,"Conservation Corps, California",,Corpsmember,False,False,,31199,31199,,2160,1215,75,0,3450,0,0,0,0,0,,https://www.calhr.ca.gov,,07/27/2021,,,True,
2020,State Department,"Conservation Corps, California",,Corpsmember,False,False,,31199,31199,,3315,120,0,0,3435,0,0,0,0,0,,https://www.calhr.ca.gov,,07/27/2021,,,True,
2020,State Department,"Conservation Corps, California",,Corpsmember,False,False,,31199,31199,,3435,0,0,0,3435,0,0,0,0,0,,https://www.calhr.ca.gov,,07/27/2021,,,True,
2020,State Department,"Conservation Corps, California",,Corpsmember,False,False,,31199,31199,,3435,0,0,0,3435,0,0,0,0,0,,https://www.calhr.ca.gov,,07/27/2021,,,True,
2020,State Department,"Conservation Corps, California",,Corpsmember,False,False,,31199,31199,,3435,0,0,0,3435,0,0,0,0,0,,https://www.calhr.ca.gov,,07/27/2021,,,True,
2020,State Department,"Conservation Corps, California",,Corpsmember,False,False,,31199,31199,,3435,0,0,0,3435,0,0,0,0,0,,https://www.calhr.ca.gov,,07/27/2021,,,True,
2020,State Department,"Conservation Corps, California",,Corpsmember,False,False,,31199,31199,,3435,0,0,0,3435,0,0,0,0,0,,https://www.calhr.ca.gov,,07/27/2021,,,True,
2020,State Department,"Conservation Corps, California",,Corpsmember,False,False,,31199,31199,,3315,90,0,0,3405,0,0,0,0,0,,https://www.calhr.ca.gov,,07/27/2021,,,True,
2020,State Department,"Conservation Corps, California",,Corpsmember,False,False,,31199,31199,,1875,1530,0,0,3405,0,0,0,0,0,,https://www.calhr.ca.gov,,07/27/2021,,,True,
2020,State Department,"Conservation Corps, California",,Corpsmember,False,False,,31199,31199,,1875,1515,0,0,3390,0,0,0,0,0,,https://www.calhr.ca.gov,,07/27/2021,,,True,
2020,State Department,"Conservation Corps, California",,Corpsmember,False,False,,31199,31199,,3390,0,0,0,3390,0,0,0,0,0,,https://www.calhr.ca.gov,,07/27/2021,,,True,
2020,State Department,"Conservation Corps, California",,Corpsmember,False,False,,31199,31199,,3390,0,0,0,3390,0,0,0,0,0,,https://www.calhr.ca.gov,,07/27/2021,,,True,
2020,State Department,"Conservation Corps, California",,Corpsmember Promo 1,False,False,,31719,31719,,3386,0,0,0,3386,0,0,0,0,0,,https://www.calhr.ca.gov,,07/27/2021,,,True,
2020,State Department,"Conservation Corps, California",,Corpsmember Promo 1,False,False,,31719,31719,,3386,0,0,0,3386,0,0,0,0,0,,https://www.calhr.ca.gov,,07/27/2021,,,True,
2020,State Department,"Conservation Corps, California",,Corpsmember,False,False,,31199,31199,,3375,0,0,0,3375,0,0,0,0,0,,https://www.calhr.ca.gov,,07/27/2021,,,True,
2020,State Department,"Conservation Corps, California",,Corpsmember,False,False,,31199,31199,,2955,405,0,0,3360,0,0,0,0,0,,https://www.calhr.ca.gov,,07/27/2021,,,True,
2020,State Department,"Conservation Corps, California",,Corpsmember,False,False,,31199,31199,,3270,0,75,0,3345,0,0,0,0,0,,https://www.calhr.ca.gov,,07/27/2021,,,True,
2020,State Department,"Conservation Corps, California",,Corpsmember Promo 1,False,False,,31719,31719,,2806,0,534,0,3340,0,0,0,0,0,,https://www.calhr.ca.gov,,07/27/2021,,,True,
2020,State Department,"Conservation Corps, California",,Corpsmember,False,False,,31199,31199,,3330,0,0,0,3330,0,0,0,0,0,,https://www.calhr.ca.gov,,07/27/2021,,,True,
2020,State Department,"Conservation Corps, California",,Corpsmember,False,False,,31199,31199,,3255,0,75,0,3330,0,0,0,0,0,,https://www.calhr.ca.gov,,07/27/2021,,,True,
2020,State Department,"Conservation Corps, California",,Corpsmember,False,False,,31199,31199,,3315,0,0,0,3315,0,0,0,0,0,,https://www.calhr.ca.gov,,07/27/2021,,,True,
2020,State Department,"Conservation Corps, California",,Corpsmember,False,False,,31199,31199,,3315,0,0,0,3315,0,0,0,0,0,,https://www.calhr.ca.gov,,07/27/2021,,,True,
2020,State Department,"Conservation Corps, California",,Corpsmember,False,False,,31199,31199,,3315,0,0,0,3315,0,0,0,0,0,,https://www.calhr.ca.gov,,07/27/2021,,,True,
2020,State Department,"Conservation Corps, California",,Corpsmember,False,False,,31199,31199,,3285,0,0,0,3285,0,0,0,0,0,,https://www.calhr.ca.gov,,07/27/2021,,,True,
2020,State Department,"Conservation Corps, California",,Corpsmember,False,False,,31199,31199,,3285,0,0,0,3285,0,0,0,0,0,,https://www.calhr.ca.gov,,07/27/2021,,,True,
2020,State Department,"Conservation Corps, California",,Corpsmember,False,False,,31199,31199,,2760,525,0,0,3285,0,0,0,0,0,,https://www.calhr.ca.gov,,07/27/2021,,,True,
2020,State Department,"Conservation Corps, California",,Corpsmember,False,False,,31199,31199,,3135,135,0,0,3270,0,0,0,0,0,,https://www.calhr.ca.gov,,07/27/2021,,,True,
2020,State Department,"Conservation Corps, California",,Corpsmember,False,False,,31199,31199,,3270,0,0,0,3270,0,0,0,0,0,,https://www.calhr.ca.gov,,07/27/2021,,,True,
2020,State Department,"Conservation Corps, California",,Corpsmember,False,False,,31199,31199,,3135,135,0,0,3270,0,0,0,0,0,,https://www.calhr.ca.gov,,07/27/2021,,,True,
2020,State Department,"Conservation Corps, California",,Corpsmember,False,False,,31199,31199,,3135,135,0,0,3270,0,0,0,0,0,,https://www.calhr.ca.gov,,07/27/2021,,,True,
2020,State Department,"Conservation Corps, California",,Corpsmember,False,False,,31199,31199,,3135,135,0,0,3270,0,0,0,0,0,,https://www.calhr.ca.gov,,07/27/2021,,,True,
2020,State Department,"Conservation Corps, California",,Corpsmember,False,False,,31199,31199,,3270,0,0,0,3270,0,0,0,0,0,,https://www.calhr.ca.gov,,07/27/2021,,,True,
2020,State Department,"Conservation Corps, California",,Corpsmember,False,False,,31199,31199,,1785,1470,0,0,3255,0,0,0,0,0,,https://www.calhr.ca.gov,,07/27/2021,,,True,
2020,State Department,"Conservation Corps, California",,Corpsmember,False,False,,31199,31199,,3255,0,0,0,3255,0,0,0,0,0,,https://www.calhr.ca.gov,,07/27/2021,,,True,
2020,State Department,"Conservation Corps, California",,Corpsmember,False,False,,31199,31199,,1785,1470,0,0,3255,0,0,0,0,0,,https://www.calhr.ca.gov,,07/27/2021,,,True,
2020,State Department,"Conservation Corps, California",,Corpsmember,False,False,,31199,31199,,1785,1470,0,0,3255,0,0,0,0,0,,https://www.calhr.ca.gov,,07/27/2021,,,True,
2020,State Department,"Conservation Corps, California",,Corpsmember,False,False,,31199,31199,,1785,1470,0,0,3255,0,0,0,0,0,,https://www.calhr.ca.gov,,07/27/2021,,,True,
2020,State Department,"Conservation Corps, California",,Corpsmember,False,False,,31199,31199,,3255,0,0,0,3255,0,0,0,0,0,,https://www.calhr.ca.gov,,07/27/2021,,,True,
2020,State Department,"Conservation Corps, California",,Corpsmember,False,False,,31199,31199,,3255,0,0,0,3255,0,0,0,0,0,,https://www.calhr.ca.gov,,07/27/2021,,,True,
2020,State Department,"Conservation Corps, California",,Corpsmember,False,False,,31199,31199,,3240,0,0,0,3240,0,0,0,0,0,,https://www.calhr.ca.gov,,07/27/2021,,,True,
2020,State Department,"Conservation Corps, California",,Corpsmember,False,False,,31199,31199,,3240,0,0,0,3240,0,0,0,0,0,,https://www.calhr.ca.gov,,07/27/2021,,,True,
2020,State Department,"Conservation Corps, California",,Corpsmember,False,False,,31199,31199,,3240,0,0,0,3240,0,0,0,0,0,,https://www.calhr.ca.gov,,07/27/2021,,,True,
2020,State Department,"Conservation Corps, California",,Corpsmember,False,False,,31199,31199,,3165,0,75,0,3240,0,0,0,0,0,,https://www.calhr.ca.gov,,07/27/2021,,,True,
2020,State Department,"Conservation Corps, California",,Corpsmember,False,False,,31199,31199,,3240,0,0,0,3240,0,0,0,0,0,,https://www.calhr.ca.gov,,07/27/2021,,,True,
2020,State Department,"Conservation Corps, California",,Corpsmember,False,False,,31199,31199,,3240,0,0,0,3240,0,0,0,0,0,,https://www.calhr.ca.gov,,07/27/2021,,,True,
2020,State Department,"Conservation Corps, California",,Corpsmember,False,False,,31199,31199,,3135,75,0,0,3210,0,0,0,0,0,,https://www.calhr.ca.gov,,07/27/2021,,,True,
2020,State Department,"Conservation Corps, California",,Corpsmember,False,False,,31199,31199,,2790,420,0,0,3210,0,0,0,0,0,,https://www.calhr.ca.gov,,07/27/2021,,,True,
2020,State Department,"Conservation Corps, California",,Corpsmember,False,False,,31199,31199,,3210,0,0,0,3210,0,0,0,0,0,,https://www.calhr.ca.gov,,07/27/2021,,,True,
2020,State Department,"Conservation Corps, California",,Corpsmember,False,False,,31199,31199,,3210,0,0,0,3210,0,0,0,0,0,,https://www.calhr.ca.gov,,07/27/2021,,,True,
2020,State Department,"Conservation Corps, California",,Corpsmember,False,False,,31199,31199,,3195,0,0,0,3195,0,0,0,0,0,,https://www.calhr.ca.gov,,07/27/2021,,,True,
2020,State Department,"Conservation Corps, California",,Corpsmember,False,False,,31199,31199,,3195,0,0,0,3195,0,0,0,0,0,,https://www.calhr.ca.gov,,07/27/2021,,,True,
2020,State Department,"Conservation Corps, California",,Corpsmember,False,False,,31199,31199,,3195,0,0,0,3195,0,0,0,0,0,,https://www.calhr.ca.gov,,07/27/2021,,,True,
2020,State Department,"Conservation Corps, California",,Corpsmember,False,False,,31199,31199,,3195,0,0,0,3195,0,0,0,0,0,,https://www.calhr.ca.gov,,07/27/2021,,,True,
2020,State Department,"Conservation Corps, California",,Corpsmember,False,False,,31199,31199,,3195,0,0,0,3195,0,0,0,0,0,,https://www.calhr.ca.gov,,07/27/2021,,,True,
2020,State Department,"Conservation Corps, California",,Corpsmember,False,False,,31199,31199,,3195,0,0,0,3195,0,0,0,0,0,,https://www.calhr.ca.gov,,07/27/2021,,,True,
2020,State Department,"Conservation Corps, California",,Corpsmember,False,False,,31199,31199,,3195,0,0,0,3195,0,0,0,0,0,,https://www.calhr.ca.gov,,07/27/2021,,,True,
2020,State Department,"Conservation Corps, California",,Corpsmember,False,False,,31199,31199,,1785,1410,0,0,3195,0,0,0,0,0,,https://www.calhr.ca.gov,,07/27/2021,,,True,
2020,State Department,"Conservation Corps, California",,Corpsmember,False,False,,31199,31199,,3195,0,0,0,3195,0,0,0,0,0,,https://www.calhr.ca.gov,,07/27/2021,,,True,
2020,State Department,"Conservation Corps, California",,Corpsmember,False,False,,31199,31199,,2445,735,0,0,3180,0,0,0,0,0,,https://www.calhr.ca.gov,,07/27/2021,,,True,
2020,State Department,"Conservation Corps, California",,Corpsmember,False,False,,31199,31199,,3180,0,0,0,3180,0,0,0,0,0,,https://www.calhr.ca.gov,,07/27/2021,,,True,
2020,State Department,"Conservation Corps, California",,Corpsmember,False,False,,31199,31199,,3180,0,0,0,3180,0,0,0,0,0,,https://www.calhr.ca.gov,,07/27/2021,,,True,
2020,State Department,"Conservation Corps, California",,Corpsmember,False,False,,31199,31199,,1935,1245,0,0,3180,0,0,0,0,0,,https://www.calhr.ca.gov,,07/27/2021,,,True,
2020,State Department,"Conservation Corps, California",,Special Corpsmember,False,False,,34319,34319,,2852,0,326,0,3178,0,0,0,0,0,,https://www.calhr.ca.gov,,07/27/2021,,,True,
2020,State Department,"Conservation Corps, California",,Corpsmember,False,False,,31199,31199,,3150,0,0,0,3150,0,0,0,0,0,,https://www.calhr.ca.gov,,07/27/2021,,,True,
2020,State Department,"Conservation Corps, California",,Corpsmember,False,False,,31199,31199,,2145,1005,0,0,3150,0,0,0,0,0,,https://www.calhr.ca.gov,,07/27/2021,,,True,
2020,State Department,"Conservation Corps, California",,Corpsmember,False,False,,31199,31199,,3135,0,0,0,3135,0,0,0,0,0,,https://www.calhr.ca.gov,,07/27/2021,,,True,
2020,State Department,"Conservation Corps, California",,Corpsmember,False,False,,31199,31199,,3135,0,0,0,3135,0,0,0,0,0,,https://www.calhr.ca.gov,,07/27/2021,,,True,
2020,State Department,"Conservation Corps, California",,Corpsmember,False,False,,31199,31199,,3135,0,0,0,3135,0,0,0,0,0,,https://www.calhr.ca.gov,,07/27/2021,,,True,
2020,State Department,"Conservation Corps, California",,Corpsmember,False,False,,31199,31199,,3135,0,0,0,3135,0,0,0,0,0,,https://www.calhr.ca.gov,,07/27/2021,,,True,
2020,State Department,"Conservation Corps, California",,Corpsmember,False,False,,31199,31199,,3135,0,0,0,3135,0,0,0,0,0,,https://www.calhr.ca.gov,,07/27/2021,,,True,
2020,State Department,"Conservation Corps, California",,Corpsmember,False,False,,31199,31199,,3135,0,0,0,3135,0,0,0,0,0,,https://www.calhr.ca.gov,,07/27/2021,,,True,
2020,State Department,"Conservation Corps, California",,Corpsmember,False,False,,31199,31199,,3135,0,0,0,3135,0,0,0,0,0,,https://www.calhr.ca.gov,,07/27/2021,,,True,
2020,State Department,"Conservation Corps, California",,Corpsmember,False,False,,31199,31199,,3135,0,0,0,3135,0,0,0,0,0,,https://www.calhr.ca.gov,,07/27/2021,,,True,
2020,State Department,"Conservation Corps, California",,Corpsmember,False,False,,31199,31199,,3135,0,0,0,3135,0,0,0,0,0,,https://www.calhr.ca.gov,,07/27/2021,,,True,
2020,State Department,"Conservation Corps, California",,Corpsmember,False,False,,31199,31199,,3135,0,0,0,3135,0,0,0,0,0,,https://www.calhr.ca.gov,,07/27/2021,,,True,
2020,State Department,"Conservation Corps, California",,Corpsmember,False,False,,31199,31199,,3135,0,0,0,3135,0,0,0,0,0,,https://www.calhr.ca.gov,,07/27/2021,,,True,
2020,State Department,"Conservation Corps, California",,Corpsmember,False,False,,31199,31199,,3135,0,0,0,3135,0,0,0,0,0,,https://www.calhr.ca.gov,,07/27/2021,,,True,
2020,State Department,"Conservation Corps, California",,Corpsmember,False,False,,31199,31199,,3135,0,0,0,3135,0,0,0,0,0,,https://www.calhr.ca.gov,,07/27/2021,,,True,
2020,State Department,"Conservation Corps, California",,Corpsmember,False,False,,31199,31199,,3135,0,0,0,3135,0,0,0,0,0,,https://www.calhr.ca.gov,,07/27/2021,,,True,
2020,State Department,"Conservation Corps, California",,Corpsmember,False,False,,31199,31199,,3135,0,0,0,3135,0,0,0,0,0,,https://www.calhr.ca.gov,,07/27/2021,,,True,
2020,State Department,"Conservation Corps, California",,Corpsmember,False,False,,31199,31199,,3135,0,0,0,3135,0,0,0,0,0,,https://www.calhr.ca.gov,,07/27/2021,,,True,
2020,State Department,"Conservation Corps, California",,Corpsmember,False,False,,31199,31199,,3135,0,0,0,3135,0,0,0,0,0,,https://www.calhr.ca.gov,,07/27/2021,,,True,
2020,State Department,"Conservation Corps, California",,Corpsmember,False,False,,31199,31199,,3135,0,0,0,3135,0,0,0,0,0,,https://www.calhr.ca.gov,,07/27/2021,,,True,
2020,State Department,"Conservation Corps, California",,Corpsmember,False,False,,31199,31199,,3060,0,75,0,3135,0,0,0,0,0,,https://www.calhr.ca.gov,,07/27/2021,,,True,
2020,State Department,"Conservation Corps, California",,Corpsmember,False,False,,31199,31199,,3135,0,0,0,3135,0,0,0,0,0,,https://www.calhr.ca.gov,,07/27/2021,,,True,
2020,State Department,"Conservation Corps, California",,Corpsmember,False,False,,31199,31199,,3135,0,0,0,3135,0,0,0,0,0,,https://www.calhr.ca.gov,,07/27/2021,,,True,
2020,State Department,"Conservation Corps, California",,Corpsmember,False,False,,31199,31199,,3135,0,0,0,3135,0,0,0,0,0,,https://www.calhr.ca.gov,,07/27/2021,,,True,
2020,State Department,"Conservation Corps, California",,Corpsmember,False,False,,31199,31199,,3135,0,0,0,3135,0,0,0,0,0,,https://www.calhr.ca.gov,,07/27/2021,,,True,
2020,State Department,"Conservation Corps, California",,Corpsmember,False,False,,31199,31199,,3120,0,0,0,3120,0,0,0,0,0,,https://www.calhr.ca.gov,,07/27/2021,,,True,
2020,State Department,"Conservation Corps, California",,Corpsmember,False,False,,31199,31199,,3120,0,0,0,3120,0,0,0,0,0,,https://www.calhr.ca.gov,,07/27/2021,,,True,
2020,State Department,"Conservation Corps, California",,Corpsmember,False,False,,31199,31199,,2160,930,0,0,3090,0,0,0,0,0,,https://www.calhr.ca.gov,,07/27/2021,,,True,
2020,State Department,"Conservation Corps, California",,Corpsmember,False,False,,31199,31199,,1785,1305,0,0,3090,0,0,0,0,0,,https://www.calhr.ca.gov,,07/27/2021,,,True,
2020,State Department,"Conservation Corps, California",,Corpsmember,False,False,,31199,31199,,3090,0,0,0,3090,0,0,0,0,0,,https://www.calhr.ca.gov,,07/27/2021,,,True,
2020,State Department,"Conservation Corps, California",,Corpsmember,False,False,,31199,31199,,2670,345,75,0,3090,0,0,0,0,0,,https://www.calhr.ca.gov,,07/27/2021,,,True,
2020,State Department,"Conservation Corps, California",,Corpsmember,False,False,,31199,31199,,2865,0,225,0,3090,0,0,0,0,0,,https://www.calhr.ca.gov,,07/27/2021,,,True,
2020,State Department,"Conservation Corps, California",,Corpsmember,False,False,,31199,31199,,3090,0,0,0,3090,0,0,0,0,0,,https://www.calhr.ca.gov,,07/27/2021,,,True,
2020,State Department,"Conservation Corps, California",,Corpsmember,False,False,,31199,31199,,3075,0,0,0,3075,0,0,0,0,0,,https://www.calhr.ca.gov,,07/27/2021,,,True,
2020,State Department,"Conservation Corps, California",,Corpsmember,False,False,,31199,31199,,3075,0,0,0,3075,0,0,0,0,0,,https://www.calhr.ca.gov,,07/27/2021,,,True,
2020,State Department,"Conservation Corps, California",,Corpsmember,False,False,,31199,31199,,3075,0,0,0,3075,0,0,0,0,0,,https://www.calhr.ca.gov,,07/27/2021,,,True,
2020,State Department,"Conservation Corps, California",,Corpsmember,False,False,,31199,31199,,3075,0,0,0,3075,0,0,0,0,0,,https://www.calhr.ca.gov,,07/27/2021,,,True,
2020,State Department,"Conservation Corps, California",,Corpsmember,False,False,,31199,31199,,3060,0,0,0,3060,0,0,0,0,0,,https://www.calhr.ca.gov,,07/27/2021,,,True,
2020,State Department,"Conservation Corps, California",,Corpsmember,False,False,,31199,31199,,2985,0,75,0,3060,0,0,0,0,0,,https://www.calhr.ca.gov,,07/27/2021,,,True,
2020,State Department,"Conservation Corps, California",,Corpsmember,False,False,,31199,31199,,3060,0,0,0,3060,0,0,0,0,0,,https://www.calhr.ca.gov,,07/27/2021,,,True,
2020,State Department,"Conservation Corps, California",,Corpsmember,False,False,,31199,31199,,3060,0,0,0,3060,0,0,0,0,0,,https://www.calhr.ca.gov,,07/27/2021,,,True,
2020,State Department,"Conservation Corps, California",,Corpsmember,False,False,,31199,31199,,3060,0,0,0,3060,0,0,0,0,0,,https://www.calhr.ca.gov,,07/27/2021,,,True,
2020,State Department,"Conservation Corps, California",,Special Corpsmember,False,False,,34319,34319,,2888,111,50,0,3048,0,0,0,0,0,,https://www.calhr.ca.gov,,07/27/2021,,,True,
2020,State Department,"Conservation Corps, California",,Corpsmember,False,False,,31199,31199,,1800,1245,0,0,3045,0,0,0,0,0,,https://www.calhr.ca.gov,,07/27/2021,,,True,
2020,State Department,"Conservation Corps, California",,Corpsmember,False,False,,31199,31199,,2970,0,75,0,3045,0,0,0,0,0,,https://www.calhr.ca.gov,,07/27/2021,,,True,
2020,State Department,"Conservation Corps, California",,Corpsmember,False,False,,31199,31199,,2805,0,225,0,3030,0,0,0,0,0,,https://www.calhr.ca.gov,,07/27/2021,,,True,
2020,State Department,"Conservation Corps, California",,Corpsmember,False,False,,31199,31199,,2955,0,75,0,3030,0,0,0,0,0,,https://www.calhr.ca.gov,,07/27/2021,,,True,
2020,State Department,"Conservation Corps, California",,Corpsmember,False,False,,31199,31199,,3015,0,0,0,3015,0,0,0,0,0,,https://www.calhr.ca.gov,,07/27/2021,,,True,
2020,State Department,"Conservation Corps, California",,Corpsmember,False,False,,31199,31199,,2865,0,150,0,3015,0,0,0,0,0,,https://www.calhr.ca.gov,,07/27/2021,,,True,
2020,State Department,"Conservation Corps, California",,Corpsmember,False,False,,31199,31199,,3000,0,0,0,3000,0,0,0,0,0,,https://www.calhr.ca.gov,,07/27/2021,,,True,
2020,State Department,"Conservation Corps, California",,Corpsmember,False,False,,31199,31199,,2925,0,75,0,3000,0,0,0,0,0,,https://www.calhr.ca.gov,,07/27/2021,,,True,
2020,State Department,"Conservation Corps, California",,Corpsmember,False,False,,31199,31199,,3000,0,0,0,3000,0,0,0,0,0,,https://www.calhr.ca.gov,,07/27/2021,,,True,
2020,State Department,"Conservation Corps, California",,Corpsmember,False,False,,31199,31199,,2985,0,0,0,2985,0,0,0,0,0,,https://www.calhr.ca.gov,,07/27/2021,,,True,
2020,State Department,"Conservation Corps, California",,Corpsmember,False,False,,31199,31199,,2190,795,0,0,2985,0,0,0,0,0,,https://www.calhr.ca.gov,,07/27/2021,,,True,
2020,State Department,"Conservation Corps, California",,Corpsmember,False,False,,31199,31199,,2985,0,0,0,2985,0,0,0,0,0,,https://www.calhr.ca.gov,,07/27/2021,,,True,
2020,State Department,"Conservation Corps, California",,Corpsmember,False,False,,31199,31199,,2190,795,0,0,2985,0,0,0,0,0,,https://www.calhr.ca.gov,,07/27/2021,,,True,
2020,State Department,"Conservation Corps, California",,Corpsmember,False,False,,31199,31199,,2565,405,0,0,2970,0,0,0,0,0,,https://www.calhr.ca.gov,,07/27/2021,,,True,
2020,State Department,"Conservation Corps, California",,Corpsmember,False,False,,31199,31199,,2745,0,225,0,2970,0,0,0,0,0,,https://www.calhr.ca.gov,,07/27/2021,,,True,
2020,State Department,"Conservation Corps, California",,Corpsmember,False,False,,31199,31199,,1785,1185,0,0,2970,0,0,0,0,0,,https://www.calhr.ca.gov,,07/27/2021,,,True,
2020,State Department,"Conservation Corps, California",,Corpsmember,False,False,,31199,31199,,2955,0,0,0,2955,0,0,0,0,0,,https://www.calhr.ca.gov,,07/27/2021,,,True,
2020,State Department,"Conservation Corps, California",,Corpsmember,False,False,,31199,31199,,2955,0,0,0,2955,0,0,0,0,0,,https://www.calhr.ca.gov,,07/27/2021,,,True,
2020,State Department,"Conservation Corps, California",,Corpsmember,False,False,,31199,31199,,2940,0,0,0,2940,0,0,0,0,0,,https://www.calhr.ca.gov,,07/27/2021,,,True,
2020,State Department,"Conservation Corps, California",,Corpsmember,False,False,,31199,31199,,2865,0,75,0,2940,0,0,0,0,0,,https://www.calhr.ca.gov,,07/27/2021,,,True,
2020,State Department,"Conservation Corps, California",,Corpsmember,False,False,,31199,31199,,2865,0,75,0,2940,0,0,0,0,0,,https://www.calhr.ca.gov,,07/27/2021,,,True,
2020,State Department,"Conservation Corps, California",,Corpsmember,False,False,,31199,31199,,2865,0,75,0,2940,0,0,0,0,0,,https://www.calhr.ca.gov,,07/27/2021,,,True,
2020,State Department,"Conservation Corps, California",,Corpsmember,False,False,,31199,31199,,2925,0,0,0,2925,0,0,0,0,0,,https://www.calhr.ca.gov,,07/27/2021,,,True,
2020,State Department,"Conservation Corps, California",,Corpsmember,False,False,,31199,31199,,2220,705,0,0,2925,0,0,0,0,0,,https://www.calhr.ca.gov,,07/27/2021,,,True,
2020,State Department,"Conservation Corps, California",,Corpsmember,False,False,,31199,31199,,2925,0,0,0,2925,0,0,0,0,0,,https://www.calhr.ca.gov,,07/27/2021,,,True,
2020,State Department,"Conservation Corps, California",,Corpsmember,False,False,,31199,31199,,2910,0,0,0,2910,0,0,0,0,0,,https://www.calhr.ca.gov,,07/27/2021,,,True,
2020,State Department,"Conservation Corps, California",,Corpsmember,False,False,,31199,31199,,2895,0,0,0,2895,0,0,0,0,0,,https://www.calhr.ca.gov,,07/27/2021,,,True,
2020,State Department,"Conservation Corps, California",,Corpsmember,False,False,,31199,31199,,2895,0,0,0,2895,0,0,0,0,0,,https://www.calhr.ca.gov,,07/27/2021,,,True,
2020,State Department,"Conservation Corps, California",,Corpsmember,False,False,,31199,31199,,2895,0,0,0,2895,0,0,0,0,0,,https://www.calhr.ca.gov,,07/27/2021,,,True,
2020,State Department,"Conservation Corps, California",,Corpsmember,False,False,,31199,31199,,2880,0,0,0,2880,0,0,0,0,0,,https://www.calhr.ca.gov,,07/27/2021,,,True,
2020,State Department,"Conservation Corps, California",,Corpsmember,False,False,,31199,31199,,2865,0,0,0,2865,0,0,0,0,0,,https://www.calhr.ca.gov,,07/27/2021,,,True,
2020,State Department,"Conservation Corps, California",,Corpsmember,False,False,,31199,31199,,2865,0,0,0,2865,0,0,0,0,0,,https://www.calhr.ca.gov,,07/27/2021,,,True,
2020,State Department,"Conservation Corps, California",,Corpsmember,False,False,,31199,31199,,2865,0,0,0,2865,0,0,0,0,0,,https://www.calhr.ca.gov,,07/27/2021,,,True,
2020,State Department,"Conservation Corps, California",,Corpsmember,False,False,,31199,31199,,2865,0,0,0,2865,0,0,0,0,0,,https://www.calhr.ca.gov,,07/27/2021,,,True,
2020,State Department,"Conservation Corps, California",,Corpsmember,False,False,,31199,31199,,2865,0,0,0,2865,0,0,0,0,0,,https://www.calhr.ca.gov,,07/27/2021,,,True,
2020,State Department,"Conservation Corps, California",,Corpsmember,False,False,,31199,31199,,2340,525,0,0,2865,0,0,0,0,0,,https://www.calhr.ca.gov,,07/27/2021,,,True,
2020,State Department,"Conservation Corps, California",,Corpsmember,False,False,,31199,31199,,2220,645,0,0,2865,0,0,0,0,0,,https://www.calhr.ca.gov,,07/27/2021,,,True,
2020,State Department,"Conservation Corps, California",,Corpsmember,False,False,,31199,31199,,2865,0,0,0,2865,0,0,0,0,0,,https://www.calhr.ca.gov,,07/27/2021,,,True,
2020,State Department,"Conservation Corps, California",,Corpsmember,False,False,,31199,31199,,2865,0,0,0,2865,0,0,0,0,0,,https://www.calhr.ca.gov,,07/27/2021,,,True,
2020,State Department,"Conservation Corps, California",,Corpsmember,False,False,,31199,31199,,2745,105,0,0,2850,0,0,0,0,0,,https://www.calhr.ca.gov,,07/27/2021,,,True,
2020,State Department,"Conservation Corps, California",,Corpsmember,False,False,,31199,31199,,2820,0,0,0,2820,0,0,0,0,0,,https://www.calhr.ca.gov,,07/27/2021,,,True,
2020,State Department,"Conservation Corps, California",,Corpsmember,False,False,,31199,31199,,2805,0,0,0,2805,0,0,0,0,0,,https://www.calhr.ca.gov,,07/27/2021,,,True,
2020,State Department,"Conservation Corps, California",,Corpsmember,False,False,,31199,31199,,2805,0,0,0,2805,0,0,0,0,0,,https://www.calhr.ca.gov,,07/27/2021,,,True,
2020,State Department,"Conservation Corps, California",,Corpsmember,False,False,,31199,31199,,2805,0,0,0,2805,0,0,0,0,0,,https://www.calhr.ca.gov,,07/27/2021,,,True,
2020,State Department,"Conservation Corps, California",,Corpsmember,False,False,,31199,31199,,2805,0,0,0,2805,0,0,0,0,0,,https://www.calhr.ca.gov,,07/27/2021,,,True,
2020,State Department,"Conservation Corps, California",,Corpsmember,False,False,,31199,31199,,2805,0,0,0,2805,0,0,0,0,0,,https://www.calhr.ca.gov,,07/27/2021,,,True,
2020,State Department,"Conservation Corps, California",,Corpsmember,False,False,,31199,31199,,2805,0,0,0,2805,0,0,0,0,0,,https://www.calhr.ca.gov,,07/27/2021,,,True,
2020,State Department,"Conservation Corps, California",,Corpsmember,False,False,,31199,31199,,2685,90,0,0,2775,0,0,0,0,0,,https://www.calhr.ca.gov,,07/27/2021,,,True,
2020,State Department,"Conservation Corps, California",,Corpsmember,False,False,,31199,31199,,2745,0,0,0,2745,0,0,0,0,0,,https://www.calhr.ca.gov,,07/27/2021,,,True,
2020,State Department,"Conservation Corps, California",,Corpsmember,False,False,,31199,31199,,2370,375,0,0,2745,0,0,0,0,0,,https://www.calhr.ca.gov,,07/27/2021,,,True,
2020,State Department,"Conservation Corps, California",,Corpsmember,False,False,,31199,31199,,2745,0,0,0,2745,0,0,0,0,0,,https://www.calhr.ca.gov,,07/27/2021,,,True,
2020,State Department,"Conservation Corps, California",,Corpsmember,False,False,,31199,31199,,2745,0,0,0,2745,0,0,0,0,0,,https://www.calhr.ca.gov,,07/27/2021,,,True,
2020,State Department,"Conservation Corps, California",,Corpsmember,False,False,,31199,31199,,2745,0,0,0,2745,0,0,0,0,0,,https://www.calhr.ca.gov,,07/27/2021,,,True,
2020,State Department,"Conservation Corps, California",,Corpsmember,False,False,,31199,31199,,2310,420,0,0,2730,0,0,0,0,0,,https://www.calhr.ca.gov,,07/27/2021,,,True,
2020,State Department,"Conservation Corps, California",,Corpsmember,False,False,,31199,31199,,1785,945,0,0,2730,0,0,0,0,0,,https://www.calhr.ca.gov,,07/27/2021,,,True,
2020,State Department,"Conservation Corps, California",,Corpsmember,False,False,,31199,31199,,2715,0,0,0,2715,0,0,0,0,0,,https://www.calhr.ca.gov,,07/27/2021,,,True,
2020,State Department,"Conservation Corps, California",,Corpsmember,False,False,,31199,31199,,2715,0,0,0,2715,0,0,0,0,0,,https://www.calhr.ca.gov,,07/27/2021,,,True,
2020,State Department,"Conservation Corps, California",,Corpsmember,False,False,,31199,31199,,2715,0,0,0,2715,0,0,0,0,0,,https://www.calhr.ca.gov,,07/27/2021,,,True,
2020,State Department,"Conservation Corps, California",,Corpsmember,False,False,,31199,31199,,2700,0,0,0,2700,0,0,0,0,0,,https://www.calhr.ca.gov,,07/27/2021,,,True,
2020,State Department,"Conservation Corps, California",,Corpsmember,False,False,,31199,31199,,2700,0,0,0,2700,0,0,0,0,0,,https://www.calhr.ca.gov,,07/27/2021,,,True,
2020,State Department,"Conservation Corps, California",,Corpsmember,False,False,,31199,31199,,2490,195,0,0,2685,0,0,0,0,0,,https://www.calhr.ca.gov,,07/27/2021,,,True,
2020,State Department,"Conservation Corps, California",,Corpsmember,False,False,,31199,31199,,2685,0,0,0,2685,0,0,0,0,0,,https://www.calhr.ca.gov,,07/27/2021,,,True,
2020,State Department,"Conservation Corps, California",,Corpsmember,False,False,,31199,31199,,2220,450,0,0,2670,0,0,0,0,0,,https://www.calhr.ca.gov,,07/27/2021,,,True,
2020,State Department,"Conservation Corps, California",,Corpsmember,False,False,,31199,31199,,2670,0,0,0,2670,0,0,0,0,0,,https://www.calhr.ca.gov,,07/27/2021,,,True,
2020,State Department,"Conservation Corps, California",,Corpsmember,False,False,,31199,31199,,2670,0,0,0,2670,0,0,0,0,0,,https://www.calhr.ca.gov,,07/27/2021,,,True,
2020,State Department,"Conservation Corps, California",,Corpsmember,False,False,,31199,31199,,1980,690,0,0,2670,0,0,0,0,0,,https://www.calhr.ca.gov,,07/27/2021,,,True,
2020,State Department,"Conservation Corps, California",,Corpsmember,False,False,,31199,31199,,2670,0,0,0,2670,0,0,0,0,0,,https://www.calhr.ca.gov,,07/27/2021,,,True,
2020,State Department,"Conservation Corps, California",,Corpsmember,False,False,,31199,31199,,2580,0,75,0,2655,0,0,0,0,0,,https://www.calhr.ca.gov,,07/27/2021,,,True,
2020,State Department,"Conservation Corps, California",,Corpsmember,False,False,,31199,31199,,2550,0,75,0,2625,0,0,0,0,0,,https://www.calhr.ca.gov,,07/27/2021,,,True,
2020,State Department,"Conservation Corps, California",,Corpsmember Promo 1,False,False,,31719,31719,,2608,0,0,0,2608,0,0,0,0,0,,https://www.calhr.ca.gov,,07/27/2021,,,True,
2020,State Department,"Conservation Corps, California",,Corpsmember,False,False,,31199,31199,,2595,0,0,0,2595,0,0,0,0,0,,https://www.calhr.ca.gov,,07/27/2021,,,True,
2020,State Department,"Conservation Corps, California",,Corpsmember,False,False,,31199,31199,,2580,0,0,0,2580,0,0,0,0,0,,https://www.calhr.ca.gov,,07/27/2021,,,True,
2020,State Department,"Conservation Corps, California",,Corpsmember,False,False,,31199,31199,,2265,315,0,0,2580,0,0,0,0,0,,https://www.calhr.ca.gov,,07/27/2021,,,True,
2020,State Department,"Conservation Corps, California",,Corpsmember,False,False,,31199,31199,,1980,600,0,0,2580,0,0,0,0,0,,https://www.calhr.ca.gov,,07/27/2021,,,True,
2020,State Department,"Conservation Corps, California",,Corpsmember,False,False,,31199,31199,,1215,1365,0,0,2580,0,0,0,0,0,,https://www.calhr.ca.gov,,07/27/2021,,,True,
2020,State Department,"Conservation Corps, California",,Corpsmember,False,False,,31199,31199,,2385,195,0,0,2580,0,0,0,0,0,,https://www.calhr.ca.gov,,07/27/2021,,,True,
2020,State Department,"Conservation Corps, California",,Special Corpsmember,False,False,,34319,34319,,2442,132,0,0,2574,0,0,0,0,0,,https://www.calhr.ca.gov,,07/27/2021,,,True,
2020,State Department,"Conservation Corps, California",,Corpsmember,False,False,,31199,31199,,2490,0,75,0,2565,0,0,0,0,0,,https://www.calhr.ca.gov,,07/27/2021,,,True,
2020,State Department,"Conservation Corps, California",,Corpsmember,False,False,,31199,31199,,2490,0,75,0,2565,0,0,0,0,0,,https://www.calhr.ca.gov,,07/27/2021,,,True,
2020,State Department,"Conservation Corps, California",,Corpsmember,False,False,,31199,31199,,2490,0,75,0,2565,0,0,0,0,0,,https://www.calhr.ca.gov,,07/27/2021,,,True,
2020,State Department,"Conservation Corps, California",,Corpsmember,False,False,,31199,31199,,1440,1125,0,0,2565,0,0,0,0,0,,https://www.calhr.ca.gov,,07/27/2021,,,True,
2020,State Department,"Conservation Corps, California",,Corpsmember,False,False,,31199,31199,,2490,0,75,0,2565,0,0,0,0,0,,https://www.calhr.ca.gov,,07/27/2021,,,True,
2020,State Department,"Conservation Corps, California",,Corpsmember,False,False,,31199,31199,,2505,45,0,0,2550,0,0,0,0,0,,https://www.calhr.ca.gov,,07/27/2021,,,True,
2020,State Department,"Conservation Corps, California",,Corpsmember,False,False,,31199,31199,,2550,0,0,0,2550,0,0,0,0,0,,https://www.calhr.ca.gov,,07/27/2021,,,True,
2020,State Department,"Conservation Corps, California",,Corpsmember,False,False,,31199,31199,,2550,0,0,0,2550,0,0,0,0,0,,https://www.calhr.ca.gov,,07/27/2021,,,True,
2020,State Department,"Conservation Corps, California",,Corpsmember,False,False,,31199,31199,,2550,0,0,0,2550,0,0,0,0,0,,https://www.calhr.ca.gov,,07/27/2021,,,True,
2020,State Department,"Conservation Corps, California",,Corpsmember,False,False,,31199,31199,,2550,0,0,0,2550,0,0,0,0,0,,https://www.calhr.ca.gov,,07/27/2021,,,True,
2020,State Department,"Conservation Corps, California",,Corpsmember,False,False,,31199,31199,,2550,0,0,0,2550,0,0,0,0,0,,https://www.calhr.ca.gov,,07/27/2021,,,True,
2020,State Department,"Conservation Corps, California",,Corpsmember,False,False,,31199,31199,,2385,150,0,0,2535,0,0,0,0,0,,https://www.calhr.ca.gov,,07/27/2021,,,True,
2020,State Department,"Conservation Corps, California",,Corpsmember,False,False,,31199,31199,,1365,1155,0,0,2520,0,0,0,0,0,,https://www.calhr.ca.gov,,07/27/2021,,,True,
2020,State Department,"Conservation Corps, California",,Corpsmember,False,False,,31199,31199,,1845,675,0,0,2520,0,0,0,0,0,,https://www.calhr.ca.gov,,07/27/2021,,,True,
2020,State Department,"Conservation Corps, California",,Corpsmember,False,False,,31199,31199,,2160,360,0,0,2520,0,0,0,0,0,,https://www.calhr.ca.gov,,07/27/2021,,,True,
2020,State Department,"Conservation Corps, California",,Corpsmember,False,False,,31199,31199,,1875,630,0,0,2505,0,0,0,0,0,,https://www.calhr.ca.gov,,07/27/2021,,,True,
2020,State Department,"Conservation Corps, California",,Corpsmember,False,False,,31199,31199,,2490,0,0,0,2490,0,0,0,0,0,,https://www.calhr.ca.gov,,07/27/2021,,,True,
2020,State Department,"Conservation Corps, California",,Corpsmember,False,False,,31199,31199,,2490,0,0,0,2490,0,0,0,0,0,,https://www.calhr.ca.gov,,07/27/2021,,,True,
2020,State Department,"Conservation Corps, California",,Corpsmember,False,False,,31199,31199,,2490,0,0,0,2490,0,0,0,0,0,,https://www.calhr.ca.gov,,07/27/2021,,,True,
2020,State Department,"Conservation Corps, California",,Corpsmember,False,False,,31199,31199,,2490,0,0,0,2490,0,0,0,0,0,,https://www.calhr.ca.gov,,07/27/2021,,,True,
2020,State Department,"Conservation Corps, California",,Corpsmember,False,False,,31199,31199,,2490,0,0,0,2490,0,0,0,0,0,,https://www.calhr.ca.gov,,07/27/2021,,,True,
2020,State Department,"Conservation Corps, California",,Corpsmember,False,False,,31199,31199,,2490,0,0,0,2490,0,0,0,0,0,,https://www.calhr.ca.gov,,07/27/2021,,,True,
2020,State Department,"Conservation Corps, California",,Corpsmember,False,False,,31199,31199,,2490,0,0,0,2490,0,0,0,0,0,,https://www.calhr.ca.gov,,07/27/2021,,,True,
2020,State Department,"Conservation Corps, California",,Corpsmember,False,False,,31199,31199,,2445,45,0,0,2490,0,0,0,0,0,,https://www.calhr.ca.gov,,07/27/2021,,,True,
2020,State Department,"Conservation Corps, California",,Corpsmember,False,False,,31199,31199,,2490,0,0,0,2490,0,0,0,0,0,,https://www.calhr.ca.gov,,07/27/2021,,,True,
2020,State Department,"Conservation Corps, California",,Corpsmember,False,False,,31199,31199,,2490,0,0,0,2490,0,0,0,0,0,,https://www.calhr.ca.gov,,07/27/2021,,,True,
2020,State Department,"Conservation Corps, California",,Corpsmember,False,False,,31199,31199,,2490,0,0,0,2490,0,0,0,0,0,,https://www.calhr.ca.gov,,07/27/2021,,,True,
2020,State Department,"Conservation Corps, California",,Corpsmember Promo 2,False,False,,32239,32239,,2403,0,78,0,2480,0,0,0,0,0,,https://www.calhr.ca.gov,,07/27/2021,,,True,
2020,State Department,"Conservation Corps, California",,Corpsmember,False,False,,31199,31199,,2460,0,0,0,2460,0,0,0,0,0,,https://www.calhr.ca.gov,,07/27/2021,,,True,
2020,State Department,"Conservation Corps, California",,Corpsmember,False,False,,31199,31199,,1890,570,0,0,2460,0,0,0,0,0,,https://www.calhr.ca.gov,,07/27/2021,,,True,
2020,State Department,"Conservation Corps, California",,Corpsmember,False,False,,31199,31199,,1755,690,0,0,2445,0,0,0,0,0,,https://www.calhr.ca.gov,,07/27/2021,,,True,
2020,State Department,"Conservation Corps, California",,Corpsmember,False,False,,31199,31199,,1755,690,0,0,2445,0,0,0,0,0,,https://www.calhr.ca.gov,,07/27/2021,,,True,
2020,State Department,"Conservation Corps, California",,Corpsmember,False,False,,31199,31199,,2445,0,0,0,2445,0,0,0,0,0,,https://www.calhr.ca.gov,,07/27/2021,,,True,
2020,State Department,"Conservation Corps, California",,Corpsmember,False,False,,31199,31199,,2430,0,0,0,2430,0,0,0,0,0,,https://www.calhr.ca.gov,,07/27/2021,,,True,
2020,State Department,"Conservation Corps, California",,Corpsmember,False,False,,31199,31199,,2430,0,0,0,2430,0,0,0,0,0,,https://www.calhr.ca.gov,,07/27/2021,,,True,
2020,State Department,"Conservation Corps, California",,Corpsmember,False,False,,31199,31199,,2430,0,0,0,2430,0,0,0,0,0,,https://www.calhr.ca.gov,,07/27/2021,,,True,
2020,State Department,"Conservation Corps, California",,Corpsmember,False,False,,31199,31199,,1845,585,0,0,2430,0,0,0,0,0,,https://www.calhr.ca.gov,,07/27/2021,,,True,
2020,State Department,"Conservation Corps, California",,Corpsmember,False,False,,31199,31199,,2430,0,0,0,2430,0,0,0,0,0,,https://www.calhr.ca.gov,,07/27/2021,,,True,
2020,State Department,"Conservation Corps, California",,Corpsmember,False,False,,31199,31199,,2430,0,0,0,2430,0,0,0,0,0,,https://www.calhr.ca.gov,,07/27/2021,,,True,
2020,State Department,"Conservation Corps, California",,Corpsmember,False,False,,31199,31199,,2430,0,0,0,2430,0,0,0,0,0,,https://www.calhr.ca.gov,,07/27/2021,,,True,
2020,State Department,"Conservation Corps, California",,Corpsmember,False,False,,31199,31199,,2430,0,0,0,2430,0,0,0,0,0,,https://www.calhr.ca.gov,,07/27/2021,,,True,
2020,State Department,"Conservation Corps, California",,Corpsmember,False,False,,31199,31199,,2415,0,0,0,2415,0,0,0,0,0,,https://www.calhr.ca.gov,,07/27/2021,,,True,
2020,State Department,"Conservation Corps, California",,Corpsmember,False,False,,31199,31199,,2415,0,0,0,2415,0,0,0,0,0,,https://www.calhr.ca.gov,,07/27/2021,,,True,
2020,State Department,"Conservation Corps, California",,Corpsmember,False,False,,31199,31199,,2415,0,0,0,2415,0,0,0,0,0,,https://www.calhr.ca.gov,,07/27/2021,,,True,
2020,State Department,"Conservation Corps, California",,Corpsmember,False,False,,31199,31199,,2415,0,0,0,2415,0,0,0,0,0,,https://www.calhr.ca.gov,,07/27/2021,,,True,
2020,State Department,"Conservation Corps, California",,Corpsmember,False,False,,31199,31199,,2415,0,0,0,2415,0,0,0,0,0,,https://www.calhr.ca.gov,,07/27/2021,,,True,
2020,State Department,"Conservation Corps, California",,Corpsmember,False,False,,31199,31199,,2415,0,0,0,2415,0,0,0,0,0,,https://www.calhr.ca.gov,,07/27/2021,,,True,
2020,State Department,"Conservation Corps, California",,Corpsmember,False,False,,31199,31199,,2415,0,0,0,2415,0,0,0,0,0,,https://www.calhr.ca.gov,,07/27/2021,,,True,
2020,State Department,"Conservation Corps, California",,Corpsmember,False,False,,31199,31199,,2415,0,0,0,2415,0,0,0,0,0,,https://www.calhr.ca.gov,,07/27/2021,,,True,
2020,State Department,"Conservation Corps, California",,Corpsmember,False,False,,31199,31199,,2415,0,0,0,2415,0,0,0,0,0,,https://www.calhr.ca.gov,,07/27/2021,,,True,
2020,State Department,"Conservation Corps, California",,Corpsmember,False,False,,31199,31199,,2415,0,0,0,2415,0,0,0,0,0,,https://www.calhr.ca.gov,,07/27/2021,,,True,
2020,State Department,"Conservation Corps, California",,Corpsmember,False,False,,31199,31199,,2415,0,0,0,2415,0,0,0,0,0,,https://www.calhr.ca.gov,,07/27/2021,,,True,
2020,State Department,"Conservation Corps, California",,Special Corpsmember,False,False,,34319,34319,,2409,0,0,0,2409,0,0,0,0,0,,https://www.calhr.ca.gov,,07/27/2021,,,True,
2020,State Department,"Conservation Corps, California",,Corpsmember,False,False,,31199,31199,,1830,570,0,0,2400,0,0,0,0,0,,https://www.calhr.ca.gov,,07/27/2021,,,True,
2020,State Department,"Conservation Corps, California",,Corpsmember,False,False,,31199,31199,,1020,1380,0,0,2400,0,0,0,0,0,,https://www.calhr.ca.gov,,07/27/2021,,,True,
2020,State Department,"Conservation Corps, California",,Corpsmember,False,False,,31199,31199,,2385,0,0,0,2385,0,0,0,0,0,,https://www.calhr.ca.gov,,07/27/2021,,,True,
2020,State Department,"Conservation Corps, California",,Corpsmember,False,False,,31199,31199,,2370,0,0,0,2370,0,0,0,0,0,,https://www.calhr.ca.gov,,07/27/2021,,,True,
2020,State Department,"Conservation Corps, California",,Corpsmember,False,False,,31199,31199,,2370,0,0,0,2370,0,0,0,0,0,,https://www.calhr.ca.gov,,07/27/2021,,,True,
2020,State Department,"Conservation Corps, California",,Corpsmember,False,False,,31199,31199,,1875,480,0,0,2355,0,0,0,0,0,,https://www.calhr.ca.gov,,07/27/2021,,,True,
2020,State Department,"Conservation Corps, California",,Corpsmember,False,False,,31199,31199,,2355,0,0,0,2355,0,0,0,0,0,,https://www.calhr.ca.gov,,07/27/2021,,,True,
2020,State Department,"Conservation Corps, California",,Corpsmember,False,False,,31199,31199,,2355,0,0,0,2355,0,0,0,0,0,,https://www.calhr.ca.gov,,07/27/2021,,,True,
2020,State Department,"Conservation Corps, California",,Corpsmember,False,False,,31199,31199,,2355,0,0,0,2355,0,0,0,0,0,,https://www.calhr.ca.gov,,07/27/2021,,,True,
2020,State Department,"Conservation Corps, California",,Corpsmember,False,False,,31199,31199,,2100,255,0,0,2355,0,0,0,0,0,,https://www.calhr.ca.gov,,07/27/2021,,,True,
2020,State Department,"Conservation Corps, California",,Corpsmember,False,False,,31199,31199,,2355,0,0,0,2355,0,0,0,0,0,,https://www.calhr.ca.gov,,07/27/2021,,,True,
2020,State Department,"Conservation Corps, California",,Corpsmember,False,False,,31199,31199,,2355,0,0,0,2355,0,0,0,0,0,,https://www.calhr.ca.gov,,07/27/2021,,,True,
2020,State Department,"Conservation Corps, California",,Corpsmember,False,False,,31199,31199,,2355,0,0,0,2355,0,0,0,0,0,,https://www.calhr.ca.gov,,07/27/2021,,,True,
2020,State Department,"Conservation Corps, California",,Corpsmember,False,False,,31199,31199,,2355,0,0,0,2355,0,0,0,0,0,,https://www.calhr.ca.gov,,07/27/2021,,,True,
2020,State Department,"Conservation Corps, California",,Corpsmember,False,False,,31199,31199,,2355,0,0,0,2355,0,0,0,0,0,,https://www.calhr.ca.gov,,07/27/2021,,,True,
2020,State Department,"Conservation Corps, California",,Corpsmember Promo 1,False,False,,31719,31719,,2349,0,0,0,2349,0,0,0,0,0,,https://www.calhr.ca.gov,,07/27/2021,,,True,
2020,State Department,"Conservation Corps, California",,Corpsmember,False,False,,31199,31199,,2340,0,0,0,2340,0,0,0,0,0,,https://www.calhr.ca.gov,,07/27/2021,,,True,
2020,State Department,"Conservation Corps, California",,Corpsmember,False,False,,31199,31199,,2340,0,0,0,2340,0,0,0,0,0,,https://www.calhr.ca.gov,,07/27/2021,,,True,
2020,State Department,"Conservation Corps, California",,Corpsmember,False,False,,31199,31199,,2340,0,0,0,2340,0,0,0,0,0,,https://www.calhr.ca.gov,,07/27/2021,,,True,
2020,State Department,"Conservation Corps, California",,Corpsmember,False,False,,31199,31199,,2325,0,0,0,2325,0,0,0,0,0,,https://www.calhr.ca.gov,,07/27/2021,,,True,
2020,State Department,"Conservation Corps, California",,Corpsmember,False,False,,31199,31199,,2310,0,0,0,2310,0,0,0,0,0,,https://www.calhr.ca.gov,,07/27/2021,,,True,
2020,State Department,"Conservation Corps, California",,Corpsmember,False,False,,31199,31199,,2295,0,0,0,2295,0,0,0,0,0,,https://www.calhr.ca.gov,,07/27/2021,,,True,
2020,State Department,"Conservation Corps, California",,Corpsmember,False,False,,31199,31199,,2295,0,0,0,2295,0,0,0,0,0,,https://www.calhr.ca.gov,,07/27/2021,,,True,
2020,State Department,"Conservation Corps, California",,Corpsmember,False,False,,31199,31199,,2295,0,0,0,2295,0,0,0,0,0,,https://www.calhr.ca.gov,,07/27/2021,,,True,
2020,State Department,"Conservation Corps, California",,Corpsmember,False,False,,31199,31199,,2295,0,0,0,2295,0,0,0,0,0,,https://www.calhr.ca.gov,,07/27/2021,,,True,
2020,State Department,"Conservation Corps, California",,Corpsmember,False,False,,31199,31199,,2295,0,0,0,2295,0,0,0,0,0,,https://www.calhr.ca.gov,,07/27/2021,,,True,
2020,State Department,"Conservation Corps, California",,Corpsmember,False,False,,31199,31199,,2295,0,0,0,2295,0,0,0,0,0,,https://www.calhr.ca.gov,,07/27/2021,,,True,
2020,State Department,"Conservation Corps, California",,Corpsmember,False,False,,31199,31199,,2295,0,0,0,2295,0,0,0,0,0,,https://www.calhr.ca.gov,,07/27/2021,,,True,
2020,State Department,"Conservation Corps, California",,Corpsmember,False,False,,31199,31199,,2295,0,0,0,2295,0,0,0,0,0,,https://www.calhr.ca.gov,,07/27/2021,,,True,
2020,State Department,"Conservation Corps, California",,Corpsmember,False,False,,31199,31199,,2295,0,0,0,2295,0,0,0,0,0,,https://www.calhr.ca.gov,,07/27/2021,,,True,
2020,State Department,"Conservation Corps, California",,Corpsmember,False,False,,31199,31199,,2295,0,0,0,2295,0,0,0,0,0,,https://www.calhr.ca.gov,,07/27/2021,,,True,
2020,State Department,"Conservation Corps, California",,Corpsmember,False,False,,31199,31199,,1020,1260,0,0,2280,0,0,0,0,0,,https://www.calhr.ca.gov,,07/27/2021,,,True,
2020,State Department,"Conservation Corps, California",,Corpsmember,False,False,,31199,31199,,1020,1260,0,0,2280,0,0,0,0,0,,https://www.calhr.ca.gov,,07/27/2021,,,True,
2020,State Department,"Conservation Corps, California",,Corpsmember,False,False,,31199,31199,,2265,0,0,0,2265,0,0,0,0,0,,https://www.calhr.ca.gov,,07/27/2021,,,True,
2020,State Department,"Conservation Corps, California",,Corpsmember,False,False,,31199,31199,,2265,0,0,0,2265,0,0,0,0,0,,https://www.calhr.ca.gov,,07/27/2021,,,True,
2020,State Department,"Conservation Corps, California",,Corpsmember,False,False,,31199,31199,,2265,0,0,0,2265,0,0,0,0,0,,https://www.calhr.ca.gov,,07/27/2021,,,True,
2020,State Department,"Conservation Corps, California",,Corpsmember,False,False,,31199,31199,,2265,0,0,0,2265,0,0,0,0,0,,https://www.calhr.ca.gov,,07/27/2021,,,True,
2020,State Department,"Conservation Corps, California",,Corpsmember,False,False,,31199,31199,,2250,0,0,0,2250,0,0,0,0,0,,https://www.calhr.ca.gov,,07/27/2021,,,True,
2020,State Department,"Conservation Corps, California",,Corpsmember,False,False,,31199,31199,,1785,465,0,0,2250,0,0,0,0,0,,https://www.calhr.ca.gov,,07/27/2021,,,True,
2020,State Department,"Conservation Corps, California",,Corpsmember,False,False,,31199,31199,,2235,0,0,0,2235,0,0,0,0,0,,https://www.calhr.ca.gov,,07/27/2021,,,True,
2020,State Department,"Conservation Corps, California",,Corpsmember,False,False,,31199,31199,,2235,0,0,0,2235,0,0,0,0,0,,https://www.calhr.ca.gov,,07/27/2021,,,True,
2020,State Department,"Conservation Corps, California",,Corpsmember,False,False,,31199,31199,,2010,0,225,0,2235,0,0,0,0,0,,https://www.calhr.ca.gov,,07/27/2021,,,True,
2020,State Department,"Conservation Corps, California",,Corpsmember,False,False,,31199,31199,,2235,0,0,0,2235,0,0,0,0,0,,https://www.calhr.ca.gov,,07/27/2021,,,True,
2020,State Department,"Conservation Corps, California",,Corpsmember,False,False,,31199,31199,,2235,0,0,0,2235,0,0,0,0,0,,https://www.calhr.ca.gov,,07/27/2021,,,True,
2020,State Department,"Conservation Corps, California",,Corpsmember,False,False,,31199,31199,,2235,0,0,0,2235,0,0,0,0,0,,https://www.calhr.ca.gov,,07/27/2021,,,True,
2020,State Department,"Conservation Corps, California",,Corpsmember,False,False,,31199,31199,,1485,735,0,0,2220,0,0,0,0,0,,https://www.calhr.ca.gov,,07/27/2021,,,True,
2020,State Department,"Conservation Corps, California",,Corpsmember,False,False,,31199,31199,,2205,0,0,0,2205,0,0,0,0,0,,https://www.calhr.ca.gov,,07/27/2021,,,True,
2020,State Department,"Conservation Corps, California",,Corpsmember,False,False,,31199,31199,,2175,0,0,0,2175,0,0,0,0,0,,https://www.calhr.ca.gov,,07/27/2021,,,True,
2020,State Department,"Conservation Corps, California",,Corpsmember,False,False,,31199,31199,,1020,1155,0,0,2175,0,0,0,0,0,,https://www.calhr.ca.gov,,07/27/2021,,,True,
2020,State Department,"Conservation Corps, California",,Corpsmember,False,False,,31199,31199,,2160,0,0,0,2160,0,0,0,0,0,,https://www.calhr.ca.gov,,07/27/2021,,,True,
2020,State Department,"Conservation Corps, California",,Corpsmember,False,False,,31199,31199,,1935,150,75,0,2160,0,0,0,0,0,,https://www.calhr.ca.gov,,07/27/2021,,,True,
2020,State Department,"Conservation Corps, California",,Corpsmember,False,False,,31199,31199,,2160,0,0,0,2160,0,0,0,0,0,,https://www.calhr.ca.gov,,07/27/2021,,,True,
2020,State Department,"Conservation Corps, California",,Corpsmember,False,False,,31199,31199,,2160,0,0,0,2160,0,0,0,0,0,,https://www.calhr.ca.gov,,07/27/2021,,,True,
2020,State Department,"Conservation Corps, California",,Corpsmember,False,False,,31199,31199,,2145,0,0,0,2145,0,0,0,0,0,,https://www.calhr.ca.gov,,07/27/2021,,,True,
2020,State Department,"Conservation Corps, California",,Corpsmember Promo 2,False,False,,32239,32239,,2139,0,0,0,2139,0,0,0,0,0,,https://www.calhr.ca.gov,,07/27/2021,,,True,
2020,State Department,"Conservation Corps, California",,Corpsmember,False,False,,31199,31199,,1815,315,0,0,2130,0,0,0,0,0,,https://www.calhr.ca.gov,,07/27/2021,,,True,
2020,State Department,"Conservation Corps, California",,Corpsmember,False,False,,31199,31199,,1905,0,225,0,2130,0,0,0,0,0,,https://www.calhr.ca.gov,,07/27/2021,,,True,
2020,State Department,"Conservation Corps, California",,Corpsmember,False,False,,31199,31199,,1290,840,0,0,2130,0,0,0,0,0,,https://www.calhr.ca.gov,,07/27/2021,,,True,
2020,State Department,"Conservation Corps, California",,Corpsmember,False,False,,31199,31199,,1620,420,75,0,2115,0,0,0,0,0,,https://www.calhr.ca.gov,,07/27/2021,,,True,
2020,State Department,"Conservation Corps, California",,Corpsmember,False,False,,31199,31199,,2115,0,0,0,2115,0,0,0,0,0,,https://www.calhr.ca.gov,,07/27/2021,,,True,
2020,State Department,"Conservation Corps, California",,Corpsmember,False,False,,31199,31199,,2115,0,0,0,2115,0,0,0,0,0,,https://www.calhr.ca.gov,,07/27/2021,,,True,
2020,State Department,"Conservation Corps, California",,Corpsmember,False,False,,31199,31199,,1845,255,0,0,2100,0,0,0,0,0,,https://www.calhr.ca.gov,,07/27/2021,,,True,
2020,State Department,"Conservation Corps, California",,Corpsmember,False,False,,31199,31199,,2040,30,0,0,2070,0,0,0,0,0,,https://www.calhr.ca.gov,,07/27/2021,,,True,
2020,State Department,"Conservation Corps, California",,Corpsmember,False,False,,31199,31199,,2070,0,0,0,2070,0,0,0,0,0,,https://www.calhr.ca.gov,,07/27/2021,,,True,
2020,State Department,"Conservation Corps, California",,Corpsmember,False,False,,31199,31199,,2055,0,0,0,2055,0,0,0,0,0,,https://www.calhr.ca.gov,,07/27/2021,,,True,
2020,State Department,"Conservation Corps, California",,Corpsmember,False,False,,31199,31199,,1905,0,150,0,2055,0,0,0,0,0,,https://www.calhr.ca.gov,,07/27/2021,,,True,
2020,State Department,"Conservation Corps, California",,Corpsmember,False,False,,31199,31199,,1980,0,75,0,2055,0,0,0,0,0,,https://www.calhr.ca.gov,,07/27/2021,,,True,
2020,State Department,"Conservation Corps, California",,Corpsmember,False,False,,31199,31199,,2055,0,0,0,2055,0,0,0,0,0,,https://www.calhr.ca.gov,,07/27/2021,,,True,
2020,State Department,"Conservation Corps, California",,Corpsmember,False,False,,31199,31199,,1905,0,150,0,2055,0,0,0,0,0,,https://www.calhr.ca.gov,,07/27/2021,,,True,
2020,State Department,"Conservation Corps, California",,Corpsmember,False,False,,31199,31199,,2040,0,0,0,2040,0,0,0,0,0,,https://www.calhr.ca.gov,,07/27/2021,,,True,
2020,State Department,"Conservation Corps, California",,Corpsmember,False,False,,31199,31199,,2040,0,0,0,2040,0,0,0,0,0,,https://www.calhr.ca.gov,,07/27/2021,,,True,
2020,State Department,"Conservation Corps, California",,Corpsmember,False,False,,31199,31199,,2040,0,0,0,2040,0,0,0,0,0,,https://www.calhr.ca.gov,,07/27/2021,,,True,
2020,State Department,"Conservation Corps, California",,Corpsmember,False,False,,31199,31199,,2040,0,0,0,2040,0,0,0,0,0,,https://www.calhr.ca.gov,,07/27/2021,,,True,
2020,State Department,"Conservation Corps, California",,Corpsmember,False,False,,31199,31199,,2040,0,0,0,2040,0,0,0,0,0,,https://www.calhr.ca.gov,,07/27/2021,,,True,
2020,State Department,"Conservation Corps, California",,Corpsmember,False,False,,31199,31199,,2040,0,0,0,2040,0,0,0,0,0,,https://www.calhr.ca.gov,,07/27/2021,,,True,
2020,State Department,"Conservation Corps, California",,Corpsmember,False,False,,31199,31199,,1845,180,0,0,2025,0,0,0,0,0,,https://www.calhr.ca.gov,,07/27/2021,,,True,
2020,State Department,"Conservation Corps, California",,Corpsmember,False,False,,31199,31199,,1935,0,75,0,2010,0,0,0,0,0,,https://www.calhr.ca.gov,,07/27/2021,,,True,
2020,State Department,"Conservation Corps, California",,Corpsmember,False,False,,31199,31199,,2010,0,0,0,2010,0,0,0,0,0,,https://www.calhr.ca.gov,,07/27/2021,,,True,
2020,State Department,"Conservation Corps, California",,Corpsmember,False,False,,31199,31199,,1980,0,0,0,1980,0,0,0,0,0,,https://www.calhr.ca.gov,,07/27/2021,,,True,
2020,State Department,"Conservation Corps, California",,Corpsmember,False,False,,31199,31199,,1140,840,0,0,1980,0,0,0,0,0,,https://www.calhr.ca.gov,,07/27/2021,,,True,
2020,State Department,"Conservation Corps, California",,Corpsmember,False,False,,31199,31199,,1980,0,0,0,1980,0,0,0,0,0,,https://www.calhr.ca.gov,,07/27/2021,,,True,
2020,State Department,"Conservation Corps, California",,Corpsmember,False,False,,31199,31199,,1980,0,0,0,1980,0,0,0,0,0,,https://www.calhr.ca.gov,,07/27/2021,,,True,
2020,State Department,"Conservation Corps, California",,Corpsmember,False,False,,31199,31199,,1980,0,0,0,1980,0,0,0,0,0,,https://www.calhr.ca.gov,,07/27/2021,,,True,
2020,State Department,"Conservation Corps, California",,Corpsmember,False,False,,31199,31199,,1905,0,75,0,1980,0,0,0,0,0,,https://www.calhr.ca.gov,,07/27/2021,,,True,
2020,State Department,"Conservation Corps, California",,Corpsmember,False,False,,31199,31199,,1980,0,0,0,1980,0,0,0,0,0,,https://www.calhr.ca.gov,,07/27/2021,,,True,
2020,State Department,"Conservation Corps, California",,Corpsmember,False,False,,31199,31199,,1980,0,0,0,1980,0,0,0,0,0,,https://www.calhr.ca.gov,,07/27/2021,,,True,
2020,State Department,"Conservation Corps, California",,Corpsmember,False,False,,31199,31199,,1545,420,0,0,1965,0,0,0,0,0,,https://www.calhr.ca.gov,,07/27/2021,,,True,
2020,State Department,"Conservation Corps, California",,Corpsmember,False,False,,31199,31199,,1950,0,0,0,1950,0,0,0,0,0,,https://www.calhr.ca.gov,,07/27/2021,,,True,
2020,State Department,"Conservation Corps, California",,Corpsmember,False,False,,31199,31199,,1950,0,0,0,1950,0,0,0,0,0,,https://www.calhr.ca.gov,,07/27/2021,,,True,
2020,State Department,"Conservation Corps, California",,Corpsmember,False,False,,31199,31199,,1830,120,0,0,1950,0,0,0,0,0,,https://www.calhr.ca.gov,,07/27/2021,,,True,
2020,State Department,"Conservation Corps, California",,Corpsmember,False,False,,31199,31199,,1935,0,0,0,1935,0,0,0,0,0,,https://www.calhr.ca.gov,,07/27/2021,,,True,
2020,State Department,"Conservation Corps, California",,Corpsmember,False,False,,31199,31199,,1845,0,75,0,1920,0,0,0,0,0,,https://www.calhr.ca.gov,,07/27/2021,,,True,
2020,State Department,"Conservation Corps, California",,Corpsmember,False,False,,31199,31199,,1785,135,0,0,1920,0,0,0,0,0,,https://www.calhr.ca.gov,,07/27/2021,,,True,
2020,State Department,"Conservation Corps, California",,Corpsmember,False,False,,31199,31199,,1785,135,0,0,1920,0,0,0,0,0,,https://www.calhr.ca.gov,,07/27/2021,,,True,
2020,State Department,"Conservation Corps, California",,Corpsmember,False,False,,31199,31199,,1455,465,0,0,1920,0,0,0,0,0,,https://www.calhr.ca.gov,,07/27/2021,,,True,
2020,State Department,"Conservation Corps, California",,Corpsmember,False,False,,31199,31199,,1920,0,0,0,1920,0,0,0,0,0,,https://www.calhr.ca.gov,,07/27/2021,,,True,
2020,State Department,"Conservation Corps, California",,Corpsmember,False,False,,31199,31199,,1920,0,0,0,1920,0,0,0,0,0,,https://www.calhr.ca.gov,,07/27/2021,,,True,
2020,State Department,"Conservation Corps, California",,Corpsmember,False,False,,31199,31199,,1785,135,0,0,1920,0,0,0,0,0,,https://www.calhr.ca.gov,,07/27/2021,,,True,
2020,State Department,"Conservation Corps, California",,Corpsmember,False,False,,31199,31199,,1905,0,0,0,1905,0,0,0,0,0,,https://www.calhr.ca.gov,,07/27/2021,,,True,
2020,State Department,"Conservation Corps, California",,Corpsmember,False,False,,31199,31199,,1905,0,0,0,1905,0,0,0,0,0,,https://www.calhr.ca.gov,,07/27/2021,,,True,
2020,State Department,"Conservation Corps, California",,Corpsmember,False,False,,31199,31199,,1905,0,0,0,1905,0,0,0,0,0,,https://www.calhr.ca.gov,,07/27/2021,,,True,
2020,State Department,"Conservation Corps, California",,Corpsmember,False,False,,31199,31199,,1905,0,0,0,1905,0,0,0,0,0,,https://www.calhr.ca.gov,,07/27/2021,,,True,
2020,State Department,"Conservation Corps, California",,Corpsmember,False,False,,31199,31199,,1905,0,0,0,1905,0,0,0,0,0,,https://www.calhr.ca.gov,,07/27/2021,,,True,
2020,State Department,"Conservation Corps, California",,Corpsmember,False,False,,31199,31199,,1905,0,0,0,1905,0,0,0,0,0,,https://www.calhr.ca.gov,,07/27/2021,,,True,
2020,State Department,"Conservation Corps, California",,Corpsmember,False,False,,31199,31199,,1905,0,0,0,1905,0,0,0,0,0,,https://www.calhr.ca.gov,,07/27/2021,,,True,
2020,State Department,"Conservation Corps, California",,Corpsmember,False,False,,31199,31199,,1905,0,0,0,1905,0,0,0,0,0,,https://www.calhr.ca.gov,,07/27/2021,,,True,
2020,State Department,"Conservation Corps, California",,Corpsmember,False,False,,31199,31199,,1905,0,0,0,1905,0,0,0,0,0,,https://www.calhr.ca.gov,,07/27/2021,,,True,
2020,State Department,"Conservation Corps, California",,Corpsmember,False,False,,31199,31199,,1905,0,0,0,1905,0,0,0,0,0,,https://www.calhr.ca.gov,,07/27/2021,,,True,
2020,State Department,"Conservation Corps, California",,Corpsmember,False,False,,31199,31199,,1905,0,0,0,1905,0,0,0,0,0,,https://www.calhr.ca.gov,,07/27/2021,,,True,
2020,State Department,"Conservation Corps, California",,Corpsmember,False,False,,31199,31199,,1905,0,0,0,1905,0,0,0,0,0,,https://www.calhr.ca.gov,,07/27/2021,,,True,
2020,State Department,"Conservation Corps, California",,Corpsmember,False,False,,31199,31199,,1905,0,0,0,1905,0,0,0,0,0,,https://www.calhr.ca.gov,,07/27/2021,,,True,
2020,State Department,"Conservation Corps, California",,Corpsmember,False,False,,31199,31199,,1905,0,0,0,1905,0,0,0,0,0,,https://www.calhr.ca.gov,,07/27/2021,,,True,
2020,State Department,"Conservation Corps, California",,Corpsmember,False,False,,31199,31199,,1905,0,0,0,1905,0,0,0,0,0,,https://www.calhr.ca.gov,,07/27/2021,,,True,
2020,State Department,"Conservation Corps, California",,Corpsmember,False,False,,31199,31199,,1875,15,0,0,1890,0,0,0,0,0,,https://www.calhr.ca.gov,,07/27/2021,,,True,
2020,State Department,"Conservation Corps, California",,Corpsmember,False,False,,31199,31199,,1875,0,0,0,1875,0,0,0,0,0,,https://www.calhr.ca.gov,,07/27/2021,,,True,
2020,State Department,"Conservation Corps, California",,Corpsmember,False,False,,31199,31199,,1050,825,0,0,1875,0,0,0,0,0,,https://www.calhr.ca.gov,,07/27/2021,,,True,
2020,State Department,"Conservation Corps, California",,Corpsmember,False,False,,31199,31199,,1845,0,0,0,1845,0,0,0,0,0,,https://www.calhr.ca.gov,,07/27/2021,,,True,
2020,State Department,"Conservation Corps, California",,Corpsmember,False,False,,31199,31199,,1845,0,0,0,1845,0,0,0,0,0,,https://www.calhr.ca.gov,,07/27/2021,,,True,
2020,State Department,"Conservation Corps, California",,Corpsmember,False,False,,31199,31199,,1845,0,0,0,1845,0,0,0,0,0,,https://www.calhr.ca.gov,,07/27/2021,,,True,
2020,State Department,"Conservation Corps, California",,Corpsmember,False,False,,31199,31199,,1845,0,0,0,1845,0,0,0,0,0,,https://www.calhr.ca.gov,,07/27/2021,,,True,
2020,State Department,"Conservation Corps, California",,Corpsmember,False,False,,31199,31199,,1845,0,0,0,1845,0,0,0,0,0,,https://www.calhr.ca.gov,,07/27/2021,,,True,
2020,State Department,"Conservation Corps, California",,Corpsmember,False,False,,31199,31199,,1845,0,0,0,1845,0,0,0,0,0,,https://www.calhr.ca.gov,,07/27/2021,,,True,
2020,State Department,"Conservation Corps, California",,Corpsmember,False,False,,31199,31199,,1845,0,0,0,1845,0,0,0,0,0,,https://www.calhr.ca.gov,,07/27/2021,,,True,
2020,State Department,"Conservation Corps, California",,Corpsmember,False,False,,31199,31199,,1845,0,0,0,1845,0,0,0,0,0,,https://www.calhr.ca.gov,,07/27/2021,,,True,
2020,State Department,"Conservation Corps, California",,Corpsmember,False,False,,31199,31199,,1845,0,0,0,1845,0,0,0,0,0,,https://www.calhr.ca.gov,,07/27/2021,,,True,
2020,State Department,"Conservation Corps, California",,Corpsmember,False,False,,31199,31199,,1845,0,0,0,1845,0,0,0,0,0,,https://www.calhr.ca.gov,,07/27/2021,,,True,
2020,State Department,"Conservation Corps, California",,Corpsmember,False,False,,31199,31199,,1845,0,0,0,1845,0,0,0,0,0,,https://www.calhr.ca.gov,,07/27/2021,,,True,
2020,State Department,"Conservation Corps, California",,Corpsmember,False,False,,31199,31199,,1845,0,0,0,1845,0,0,0,0,0,,https://www.calhr.ca.gov,,07/27/2021,,,True,
2020,State Department,"Conservation Corps, California",,Corpsmember,False,False,,31199,31199,,1845,0,0,0,1845,0,0,0,0,0,,https://www.calhr.ca.gov,,07/27/2021,,,True,
2020,State Department,"Conservation Corps, California",,Corpsmember,False,False,,31199,31199,,1845,0,0,0,1845,0,0,0,0,0,,https://www.calhr.ca.gov,,07/27/2021,,,True,
2020,State Department,"Conservation Corps, California",,Corpsmember,False,False,,31199,31199,,1845,0,0,0,1845,0,0,0,0,0,,https://www.calhr.ca.gov,,07/27/2021,,,True,
2020,State Department,"Conservation Corps, California",,Corpsmember,False,False,,31199,31199,,1845,0,0,0,1845,0,0,0,0,0,,https://www.calhr.ca.gov,,07/27/2021,,,True,
2020,State Department,"Conservation Corps, California",,Corpsmember,False,False,,31199,31199,,1845,0,0,0,1845,0,0,0,0,0,,https://www.calhr.ca.gov,,07/27/2021,,,True,
2020,State Department,"Conservation Corps, California",,Corpsmember,False,False,,31199,31199,,1845,0,0,0,1845,0,0,0,0,0,,https://www.calhr.ca.gov,,07/27/2021,,,True,
2020,State Department,"Conservation Corps, California",,Corpsmember,False,False,,31199,31199,,1845,0,0,0,1845,0,0,0,0,0,,https://www.calhr.ca.gov,,07/27/2021,,,True,
2020,State Department,"Conservation Corps, California",,Corpsmember,False,False,,31199,31199,,1845,0,0,0,1845,0,0,0,0,0,,https://www.calhr.ca.gov,,07/27/2021,,,True,
2020,State Department,"Conservation Corps, California",,Corpsmember,False,False,,31199,31199,,1845,0,0,0,1845,0,0,0,0,0,,https://www.calhr.ca.gov,,07/27/2021,,,True,
2020,State Department,"Conservation Corps, California",,Corpsmember,False,False,,31199,31199,,1845,0,0,0,1845,0,0,0,0,0,,https://www.calhr.ca.gov,,07/27/2021,,,True,
2020,State Department,"Conservation Corps, California",,Corpsmember,False,False,,31199,31199,,1845,0,0,0,1845,0,0,0,0,0,,https://www.calhr.ca.gov,,07/27/2021,,,True,
2020,State Department,"Conservation Corps, California",,Corpsmember,False,False,,31199,31199,,1845,0,0,0,1845,0,0,0,0,0,,https://www.calhr.ca.gov,,07/27/2021,,,True,
2020,State Department,"Conservation Corps, California",,Corpsmember,False,False,,31199,31199,,1845,0,0,0,1845,0,0,0,0,0,,https://www.calhr.ca.gov,,07/27/2021,,,True,
2020,State Department,"Conservation Corps, California",,Corpsmember,False,False,,31199,31199,,1845,0,0,0,1845,0,0,0,0,0,,https://www.calhr.ca.gov,,07/27/2021,,,True,
2020,State Department,"Conservation Corps, California",,Corpsmember,False,False,,31199,31199,,1845,0,0,0,1845,0,0,0,0,0,,https://www.calhr.ca.gov,,07/27/2021,,,True,
2020,State Department,"Conservation Corps, California",,Corpsmember,False,False,,31199,31199,,1845,0,0,0,1845,0,0,0,0,0,,https://www.calhr.ca.gov,,07/27/2021,,,True,
2020,State Department,"Conservation Corps, California",,Corpsmember,False,False,,31199,31199,,1845,0,0,0,1845,0,0,0,0,0,,https://www.calhr.ca.gov,,07/27/2021,,,True,
2020,State Department,"Conservation Corps, California",,Corpsmember,False,False,,31199,31199,,1845,0,0,0,1845,0,0,0,0,0,,https://www.calhr.ca.gov,,07/27/2021,,,True,
2020,State Department,"Conservation Corps, California",,Corpsmember,False,False,,31199,31199,,1815,0,0,0,1815,0,0,0,0,0,,https://www.calhr.ca.gov,,07/27/2021,,,True,
2020,State Department,"Conservation Corps, California",,Corpsmember,False,False,,31199,31199,,1800,0,0,0,1800,0,0,0,0,0,,https://www.calhr.ca.gov,,07/27/2021,,,True,
2020,State Department,"Conservation Corps, California",,Corpsmember,False,False,,31199,31199,,1455,345,0,0,1800,0,0,0,0,0,,https://www.calhr.ca.gov,,07/27/2021,,,True,
2020,State Department,"Conservation Corps, California",,Corpsmember,False,False,,31199,31199,,1800,0,0,0,1800,0,0,0,0,0,,https://www.calhr.ca.gov,,07/27/2021,,,True,
2020,State Department,"Conservation Corps, California",,Corpsmember,False,False,,31199,31199,,1785,0,0,0,1785,0,0,0,0,0,,https://www.calhr.ca.gov,,07/27/2021,,,True,
2020,State Department,"Conservation Corps, California",,Corpsmember,False,False,,31199,31199,,1785,0,0,0,1785,0,0,0,0,0,,https://www.calhr.ca.gov,,07/27/2021,,,True,
2020,State Department,"Conservation Corps, California",,Corpsmember,False,False,,31199,31199,,1785,0,0,0,1785,0,0,0,0,0,,https://www.calhr.ca.gov,,07/27/2021,,,True,
2020,State Department,"Conservation Corps, California",,Corpsmember,False,False,,31199,31199,,1785,0,0,0,1785,0,0,0,0,0,,https://www.calhr.ca.gov,,07/27/2021,,,True,
2020,State Department,"Conservation Corps, California",,Corpsmember,False,False,,31199,31199,,1050,735,0,0,1785,0,0,0,0,0,,https://www.calhr.ca.gov,,07/27/2021,,,True,
2020,State Department,"Conservation Corps, California",,Corpsmember,False,False,,31199,31199,,1785,0,0,0,1785,0,0,0,0,0,,https://www.calhr.ca.gov,,07/27/2021,,,True,
2020,State Department,"Conservation Corps, California",,Corpsmember,False,False,,31199,31199,,1785,0,0,0,1785,0,0,0,0,0,,https://www.calhr.ca.gov,,07/27/2021,,,True,
2020,State Department,"Conservation Corps, California",,Corpsmember,False,False,,31199,31199,,1785,0,0,0,1785,0,0,0,0,0,,https://www.calhr.ca.gov,,07/27/2021,,,True,
2020,State Department,"Conservation Corps, California",,Corpsmember,False,False,,31199,31199,,1785,0,0,0,1785,0,0,0,0,0,,https://www.calhr.ca.gov,,07/27/2021,,,True,
2020,State Department,"Conservation Corps, California",,Corpsmember,False,False,,31199,31199,,1785,0,0,0,1785,0,0,0,0,0,,https://www.calhr.ca.gov,,07/27/2021,,,True,
2020,State Department,"Conservation Corps, California",,Corpsmember,False,False,,31199,31199,,1785,0,0,0,1785,0,0,0,0,0,,https://www.calhr.ca.gov,,07/27/2021,,,True,
2020,State Department,"Conservation Corps, California",,Corpsmember,False,False,,31199,31199,,1785,0,0,0,1785,0,0,0,0,0,,https://www.calhr.ca.gov,,07/27/2021,,,True,
2020,State Department,"Conservation Corps, California",,Corpsmember,False,False,,31199,31199,,1785,0,0,0,1785,0,0,0,0,0,,https://www.calhr.ca.gov,,07/27/2021,,,True,
2020,State Department,"Conservation Corps, California",,Corpsmember,False,False,,31199,31199,,1785,0,0,0,1785,0,0,0,0,0,,https://www.calhr.ca.gov,,07/27/2021,,,True,
2020,State Department,"Conservation Corps, California",,Corpsmember,False,False,,31199,31199,,1785,0,0,0,1785,0,0,0,0,0,,https://www.calhr.ca.gov,,07/27/2021,,,True,
2020,State Department,"Conservation Corps, California",,Corpsmember,False,False,,31199,31199,,1785,0,0,0,1785,0,0,0,0,0,,https://www.calhr.ca.gov,,07/27/2021,,,True,
2020,State Department,"Conservation Corps, California",,Corpsmember,False,False,,31199,31199,,1785,0,0,0,1785,0,0,0,0,0,,https://www.calhr.ca.gov,,07/27/2021,,,True,
2020,State Department,"Conservation Corps, California",,Corpsmember,False,False,,31199,31199,,1785,0,0,0,1785,0,0,0,0,0,,https://www.calhr.ca.gov,,07/27/2021,,,True,
2020,State Department,"Conservation Corps, California",,Corpsmember,False,False,,31199,31199,,1215,540,0,0,1755,0,0,0,0,0,,https://www.calhr.ca.gov,,07/27/2021,,,True,
2020,State Department,"Conservation Corps, California",,Corpsmember,False,False,,31199,31199,,1725,0,0,0,1725,0,0,0,0,0,,https://www.calhr.ca.gov,,07/27/2021,,,True,
2020,State Department,"Conservation Corps, California",,Corpsmember,False,False,,31199,31199,,960,765,0,0,1725,0,0,0,0,0,,https://www.calhr.ca.gov,,07/27/2021,,,True,
2020,State Department,"Conservation Corps, California",,Corpsmember,False,False,,31199,31199,,1725,0,0,0,1725,0,0,0,0,0,,https://www.calhr.ca.gov,,07/27/2021,,,True,
2020,State Department,"Conservation Corps, California",,Corpsmember,False,False,,31199,31199,,1725,0,0,0,1725,0,0,0,0,0,,https://www.calhr.ca.gov,,07/27/2021,,,True,
2020,State Department,"Conservation Corps, California",,Corpsmember,False,False,,31199,31199,,1725,0,0,0,1725,0,0,0,0,0,,https://www.calhr.ca.gov,,07/27/2021,,,True,
2020,State Department,"Conservation Corps, California",,Corpsmember,False,False,,31199,31199,,870,840,0,0,1710,0,0,0,0,0,,https://www.calhr.ca.gov,,07/27/2021,,,True,
2020,State Department,"Conservation Corps, California",,Corpsmember,False,False,,31199,31199,,1710,0,0,0,1710,0,0,0,0,0,,https://www.calhr.ca.gov,,07/27/2021,,,True,
2020,State Department,"Conservation Corps, California",,Corpsmember,False,False,,31199,31199,,1425,270,0,0,1695,0,0,0,0,0,,https://www.calhr.ca.gov,,07/27/2021,,,True,
2020,State Department,"Conservation Corps, California",,Corpsmember,False,False,,31199,31199,,1605,75,0,0,1680,0,0,0,0,0,,https://www.calhr.ca.gov,,07/27/2021,,,True,
2020,State Department,"Conservation Corps, California",,Corpsmember,False,False,,31199,31199,,1680,0,0,0,1680,0,0,0,0,0,,https://www.calhr.ca.gov,,07/27/2021,,,True,
2020,State Department,"Conservation Corps, California",,Corpsmember,False,False,,31199,31199,,1680,0,0,0,1680,0,0,0,0,0,,https://www.calhr.ca.gov,,07/27/2021,,,True,
2020,State Department,"Conservation Corps, California",,Corpsmember,False,False,,31199,31199,,1080,600,0,0,1680,0,0,0,0,0,,https://www.calhr.ca.gov,,07/27/2021,,,True,
2020,State Department,"Conservation Corps, California",,Corpsmember,False,False,,31199,31199,,1680,0,0,0,1680,0,0,0,0,0,,https://www.calhr.ca.gov,,07/27/2021,,,True,
2020,State Department,"Conservation Corps, California",,Corpsmember,False,False,,31199,31199,,1665,0,0,0,1665,0,0,0,0,0,,https://www.calhr.ca.gov,,07/27/2021,,,True,
2020,State Department,"Conservation Corps, California",,Corpsmember,False,False,,31199,31199,,1665,0,0,0,1665,0,0,0,0,0,,https://www.calhr.ca.gov,,07/27/2021,,,True,
2020,State Department,"Conservation Corps, California",,Corpsmember,False,False,,31199,31199,,1665,0,0,0,1665,0,0,0,0,0,,https://www.calhr.ca.gov,,07/27/2021,,,True,
2020,State Department,"Conservation Corps, California",,Corpsmember,False,False,,31199,31199,,1665,0,0,0,1665,0,0,0,0,0,,https://www.calhr.ca.gov,,07/27/2021,,,True,
2020,State Department,"Conservation Corps, California",,Corpsmember,False,False,,31199,31199,,1665,0,0,0,1665,0,0,0,0,0,,https://www.calhr.ca.gov,,07/27/2021,,,True,
2020,State Department,"Conservation Corps, California",,Corpsmember,False,False,,31199,31199,,1470,195,0,0,1665,0,0,0,0,0,,https://www.calhr.ca.gov,,07/27/2021,,,True,
2020,State Department,"Conservation Corps, California",,Corpsmember,False,False,,31199,31199,,990,660,0,0,1650,0,0,0,0,0,,https://www.calhr.ca.gov,,07/27/2021,,,True,
2020,State Department,"Conservation Corps, California",,Corpsmember,False,False,,31199,31199,,1620,0,0,0,1620,0,0,0,0,0,,https://www.calhr.ca.gov,,07/27/2021,,,True,
2020,State Department,"Conservation Corps, California",,Corpsmember,False,False,,31199,31199,,1605,0,0,0,1605,0,0,0,0,0,,https://www.calhr.ca.gov,,07/27/2021,,,True,
2020,State Department,"Conservation Corps, California",,Corpsmember,False,False,,31199,31199,,1605,0,0,0,1605,0,0,0,0,0,,https://www.calhr.ca.gov,,07/27/2021,,,True,
2020,State Department,"Conservation Corps, California",,Corpsmember,False,False,,31199,31199,,1605,0,0,0,1605,0,0,0,0,0,,https://www.calhr.ca.gov,,07/27/2021,,,True,
2020,State Department,"Conservation Corps, California",,Corpsmember,False,False,,31199,31199,,1605,0,0,0,1605,0,0,0,0,0,,https://www.calhr.ca.gov,,07/27/2021,,,True,
2020,State Department,"Conservation Corps, California",,Corpsmember,False,False,,31199,31199,,1605,0,0,0,1605,0,0,0,0,0,,https://www.calhr.ca.gov,,07/27/2021,,,True,
2020,State Department,"Conservation Corps, California",,Corpsmember,False,False,,31199,31199,,1605,0,0,0,1605,0,0,0,0,0,,https://www.calhr.ca.gov,,07/27/2021,,,True,
2020,State Department,"Conservation Corps, California",,Corpsmember,False,False,,31199,31199,,1590,0,0,0,1590,0,0,0,0,0,,https://www.calhr.ca.gov,,07/27/2021,,,True,
2020,State Department,"Conservation Corps, California",,Corpsmember,False,False,,31199,31199,,765,810,0,0,1575,0,0,0,0,0,,https://www.calhr.ca.gov,,07/27/2021,,,True,
2020,State Department,"Conservation Corps, California",,Corpsmember,False,False,,31199,31199,,1545,0,0,0,1545,0,0,0,0,0,,https://www.calhr.ca.gov,,07/27/2021,,,True,
2020,State Department,"Conservation Corps, California",,Corpsmember,False,False,,31199,31199,,1545,0,0,0,1545,0,0,0,0,0,,https://www.calhr.ca.gov,,07/27/2021,,,True,
2020,State Department,"Conservation Corps, California",,Corpsmember,False,False,,31199,31199,,1530,0,0,0,1530,0,0,0,0,0,,https://www.calhr.ca.gov,,07/27/2021,,,True,
2020,State Department,"Conservation Corps, California",,Corpsmember,False,False,,31199,31199,,1530,0,0,0,1530,0,0,0,0,0,,https://www.calhr.ca.gov,,07/27/2021,,,True,
2020,State Department,"Conservation Corps, California",,Corpsmember,False,False,,31199,31199,,1530,0,0,0,1530,0,0,0,0,0,,https://www.calhr.ca.gov,,07/27/2021,,,True,
2020,State Department,"Conservation Corps, California",,Corpsmember,False,False,,31199,31199,,1200,330,0,0,1530,0,0,0,0,0,,https://www.calhr.ca.gov,,07/27/2021,,,True,
2020,State Department,"Conservation Corps, California",,Corpsmember,False,False,,31199,31199,,1500,30,0,0,1530,0,0,0,0,0,,https://www.calhr.ca.gov,,07/27/2021,,,True,
2020,State Department,"Conservation Corps, California",,Corpsmember,False,False,,31199,31199,,1425,90,0,0,1515,0,0,0,0,0,,https://www.calhr.ca.gov,,07/27/2021,,,True,
2020,State Department,"Conservation Corps, California",,Corpsmember,False,False,,31199,31199,,765,735,0,0,1500,0,0,0,0,0,,https://www.calhr.ca.gov,,07/27/2021,,,True,
2020,State Department,"Conservation Corps, California",,Business Service Officer I (Supervisor),False,False,,55632,68856,,1494,0,0,0,1494,439,0,0,0,439,2.00% @ 55,https://www.calhr.ca.gov,,07/27/2021,,,True,
2020,State Department,"Conservation Corps, California",,Corpsmember,False,False,,31199,31199,,1485,0,0,0,1485,0,0,0,0,0,,https://www.calhr.ca.gov,,07/27/2021,,,True,
2020,State Department,"Conservation Corps, California",,Corpsmember,False,False,,31199,31199,,1485,0,0,0,1485,0,0,0,0,0,,https://www.calhr.ca.gov,,07/27/2021,,,True,
2020,State Department,"Conservation Corps, California",,Corpsmember,False,False,,31199,31199,,1485,0,0,0,1485,0,0,0,0,0,,https://www.calhr.ca.gov,,07/27/2021,,,True,
2020,State Department,"Conservation Corps, California",,Corpsmember,False,False,,31199,31199,,1485,0,0,0,1485,0,0,0,0,0,,https://www.calhr.ca.gov,,07/27/2021,,,True,
2020,State Department,"Conservation Corps, California",,Corpsmember,False,False,,31199,31199,,1485,0,0,0,1485,0,0,0,0,0,,https://www.calhr.ca.gov,,07/27/2021,,,True,
2020,State Department,"Conservation Corps, California",,Corpsmember,False,False,,31199,31199,,1485,0,0,0,1485,0,0,0,0,0,,https://www.calhr.ca.gov,,07/27/2021,,,True,
2020,State Department,"Conservation Corps, California",,Corpsmember,False,False,,31199,31199,,855,615,0,0,1470,0,0,0,0,0,,https://www.calhr.ca.gov,,07/27/2021,,,True,
2020,State Department,"Conservation Corps, California",,Corpsmember,False,False,,31199,31199,,1455,0,0,0,1455,0,0,0,0,0,,https://www.calhr.ca.gov,,07/27/2021,,,True,
2020,State Department,"Conservation Corps, California",,Corpsmember,False,False,,31199,31199,,1455,0,0,0,1455,0,0,0,0,0,,https://www.calhr.ca.gov,,07/27/2021,,,True,
2020,State Department,"Conservation Corps, California",,Corpsmember,False,False,,31199,31199,,1425,0,0,0,1425,0,0,0,0,0,,https://www.calhr.ca.gov,,07/27/2021,,,True,
2020,State Department,"Conservation Corps, California",,Corpsmember,False,False,,31199,31199,,1425,0,0,0,1425,0,0,0,0,0,,https://www.calhr.ca.gov,,07/27/2021,,,True,
2020,State Department,"Conservation Corps, California",,Corpsmember,False,False,,31199,31199,,1425,0,0,0,1425,0,0,0,0,0,,https://www.calhr.ca.gov,,07/27/2021,,,True,
2020,State Department,"Conservation Corps, California",,Corpsmember,False,False,,31199,31199,,1425,0,0,0,1425,0,0,0,0,0,,https://www.calhr.ca.gov,,07/27/2021,,,True,
2020,State Department,"Conservation Corps, California",,Corpsmember,False,False,,31199,31199,,1425,0,0,0,1425,0,0,0,0,0,,https://www.calhr.ca.gov,,07/27/2021,,,True,
2020,State Department,"Conservation Corps, California",,Corpsmember,False,False,,31199,31199,,1425,0,0,0,1425,0,0,0,0,0,,https://www.calhr.ca.gov,,07/27/2021,,,True,
2020,State Department,"Conservation Corps, California",,Corpsmember,False,False,,31199,31199,,1425,0,0,0,1425,0,0,0,0,0,,https://www.calhr.ca.gov,,07/27/2021,,,True,
2020,State Department,"Conservation Corps, California",,Corpsmember,False,False,,31199,31199,,1425,0,0,0,1425,0,0,0,0,0,,https://www.calhr.ca.gov,,07/27/2021,,,True,
2020,State Department,"Conservation Corps, California",,Corpsmember,False,False,,31199,31199,,1425,0,0,0,1425,0,0,0,0,0,,https://www.calhr.ca.gov,,07/27/2021,,,True,
2020,State Department,"Conservation Corps, California",,Corpsmember,False,False,,31199,31199,,1425,0,0,0,1425,0,0,0,0,0,,https://www.calhr.ca.gov,,07/27/2021,,,True,
2020,State Department,"Conservation Corps, California",,Corpsmember,False,False,,31199,31199,,1425,0,0,0,1425,0,0,0,0,0,,https://www.calhr.ca.gov,,07/27/2021,,,True,
2020,State Department,"Conservation Corps, California",,Corpsmember,False,False,,31199,31199,,1425,0,0,0,1425,0,0,0,0,0,,https://www.calhr.ca.gov,,07/27/2021,,,True,
2020,State Department,"Conservation Corps, California",,Corpsmember,False,False,,31199,31199,,1425,0,0,0,1425,0,0,0,0,0,,https://www.calhr.ca.gov,,07/27/2021,,,True,
2020,State Department,"Conservation Corps, California",,Corpsmember,False,False,,31199,31199,,1425,0,0,0,1425,0,0,0,0,0,,https://www.calhr.ca.gov,,07/27/2021,,,True,
2020,State Department,"Conservation Corps, California",,Corpsmember,False,False,,31199,31199,,1425,0,0,0,1425,0,0,0,0,0,,https://www.calhr.ca.gov,,07/27/2021,,,True,
2020,State Department,"Conservation Corps, California",,Corpsmember,False,False,,31199,31199,,840,585,0,0,1425,0,0,0,0,0,,https://www.calhr.ca.gov,,07/27/2021,,,True,
2020,State Department,"Conservation Corps, California",,Corpsmember,False,False,,31199,31199,,1425,0,0,0,1425,0,0,0,0,0,,https://www.calhr.ca.gov,,07/27/2021,,,True,
2020,State Department,"Conservation Corps, California",,Corpsmember,False,False,,31199,31199,,1425,0,0,0,1425,0,0,0,0,0,,https://www.calhr.ca.gov,,07/27/2021,,,True,
2020,State Department,"Conservation Corps, California",,Corpsmember,False,False,,31199,31199,,1425,0,0,0,1425,0,0,0,0,0,,https://www.calhr.ca.gov,,07/27/2021,,,True,
2020,State Department,"Conservation Corps, California",,Corpsmember,False,False,,31199,31199,,1425,0,0,0,1425,0,0,0,0,0,,https://www.calhr.ca.gov,,07/27/2021,,,True,
2020,State Department,"Conservation Corps, California",,Corpsmember,False,False,,31199,31199,,1425,0,0,0,1425,0,0,0,0,0,,https://www.calhr.ca.gov,,07/27/2021,,,True,
2020,State Department,"Conservation Corps, California",,Corpsmember,False,False,,31199,31199,,1425,0,0,0,1425,0,0,0,0,0,,https://www.calhr.ca.gov,,07/27/2021,,,True,
2020,State Department,"Conservation Corps, California",,Corpsmember,False,False,,31199,31199,,1425,0,0,0,1425,0,0,0,0,0,,https://www.calhr.ca.gov,,07/27/2021,,,True,
2020,State Department,"Conservation Corps, California",,Corpsmember,False,False,,31199,31199,,1425,0,0,0,1425,0,0,0,0,0,,https://www.calhr.ca.gov,,07/27/2021,,,True,
2020,State Department,"Conservation Corps, California",,Corpsmember,False,False,,31199,31199,,1425,0,0,0,1425,0,0,0,0,0,,https://www.calhr.ca.gov,,07/27/2021,,,True,
2020,State Department,"Conservation Corps, California",,Corpsmember,False,False,,31199,31199,,1425,0,0,0,1425,0,0,0,0,0,,https://www.calhr.ca.gov,,07/27/2021,,,True,
2020,State Department,"Conservation Corps, California",,Corpsmember,False,False,,31199,31199,,1425,0,0,0,1425,0,0,0,0,0,,https://www.calhr.ca.gov,,07/27/2021,,,True,
2020,State Department,"Conservation Corps, California",,Corpsmember,False,False,,31199,31199,,1410,0,0,0,1410,0,0,0,0,0,,https://www.calhr.ca.gov,,07/27/2021,,,True,
2020,State Department,"Conservation Corps, California",,Corpsmember,False,False,,31199,31199,,900,510,0,0,1410,0,0,0,0,0,,https://www.calhr.ca.gov,,07/27/2021,,,True,
2020,State Department,"Conservation Corps, California",,Corpsmember,False,False,,31199,31199,,1410,0,0,0,1410,0,0,0,0,0,,https://www.calhr.ca.gov,,07/27/2021,,,True,
2020,State Department,"Conservation Corps, California",,Corpsmember,False,False,,31199,31199,,1395,0,0,0,1395,0,0,0,0,0,,https://www.calhr.ca.gov,,07/27/2021,,,True,
2020,State Department,"Conservation Corps, California",,Corpsmember,False,False,,31199,31199,,1380,0,0,0,1380,0,0,0,0,0,,https://www.calhr.ca.gov,,07/27/2021,,,True,
2020,State Department,"Conservation Corps, California",,Corpsmember,False,False,,31199,31199,,990,315,75,0,1380,0,0,0,0,0,,https://www.calhr.ca.gov,,07/27/2021,,,True,
2020,State Department,"Conservation Corps, California",,Corpsmember,False,False,,31199,31199,,1365,0,0,0,1365,0,0,0,0,0,,https://www.calhr.ca.gov,,07/27/2021,,,True,
2020,State Department,"Conservation Corps, California",,Corpsmember,False,False,,31199,31199,,1365,0,0,0,1365,0,0,0,0,0,,https://www.calhr.ca.gov,,07/27/2021,,,True,
2020,State Department,"Conservation Corps, California",,Corpsmember,False,False,,31199,31199,,1365,0,0,0,1365,0,0,0,0,0,,https://www.calhr.ca.gov,,07/27/2021,,,True,
2020,State Department,"Conservation Corps, California",,Corpsmember,False,False,,31199,31199,,1365,0,0,0,1365,0,0,0,0,0,,https://www.calhr.ca.gov,,07/27/2021,,,True,
2020,State Department,"Conservation Corps, California",,Corpsmember,False,False,,31199,31199,,1365,0,0,0,1365,0,0,0,0,0,,https://www.calhr.ca.gov,,07/27/2021,,,True,
2020,State Department,"Conservation Corps, California",,Corpsmember,False,False,,31199,31199,,1365,0,0,0,1365,0,0,0,0,0,,https://www.calhr.ca.gov,,07/27/2021,,,True,
2020,State Department,"Conservation Corps, California",,Corpsmember,False,False,,31199,31199,,1350,0,0,0,1350,0,0,0,0,0,,https://www.calhr.ca.gov,,07/27/2021,,,True,
2020,State Department,"Conservation Corps, California",,Corpsmember,False,False,,31199,31199,,1110,135,75,0,1320,0,0,0,0,0,,https://www.calhr.ca.gov,,07/27/2021,,,True,
2020,State Department,"Conservation Corps, California",,Corpsmember,False,False,,31199,31199,,1305,0,0,0,1305,0,0,0,0,0,,https://www.calhr.ca.gov,,07/27/2021,,,True,
2020,State Department,"Conservation Corps, California",,Corpsmember,False,False,,31199,31199,,930,360,0,0,1290,0,0,0,0,0,,https://www.calhr.ca.gov,,07/27/2021,,,True,
2020,State Department,"Conservation Corps, California",,Corpsmember,False,False,,31199,31199,,1275,0,0,0,1275,0,0,0,0,0,,https://www.calhr.ca.gov,,07/27/2021,,,True,
2020,State Department,"Conservation Corps, California",,Corpsmember,False,False,,31199,31199,,1275,0,0,0,1275,0,0,0,0,0,,https://www.calhr.ca.gov,,07/27/2021,,,True,
2020,State Department,"Conservation Corps, California",,Corpsmember,False,False,,31199,31199,,1155,120,0,0,1275,0,0,0,0,0,,https://www.calhr.ca.gov,,07/27/2021,,,True,
2020,State Department,"Conservation Corps, California",,Corpsmember,False,False,,31199,31199,,1275,0,0,0,1275,0,0,0,0,0,,https://www.calhr.ca.gov,,07/27/2021,,,True,
2020,State Department,"Conservation Corps, California",,Corpsmember,False,False,,31199,31199,,1275,0,0,0,1275,0,0,0,0,0,,https://www.calhr.ca.gov,,07/27/2021,,,True,
2020,State Department,"Conservation Corps, California",,Corpsmember,False,False,,31199,31199,,1275,0,0,0,1275,0,0,0,0,0,,https://www.calhr.ca.gov,,07/27/2021,,,True,
2020,State Department,"Conservation Corps, California",,Corpsmember,False,False,,31199,31199,,1260,0,0,0,1260,0,0,0,0,0,,https://www.calhr.ca.gov,,07/27/2021,,,True,
2020,State Department,"Conservation Corps, California",,Corpsmember,False,False,,31199,31199,,1260,0,0,0,1260,0,0,0,0,0,,https://www.calhr.ca.gov,,07/27/2021,,,True,
2020,State Department,"Conservation Corps, California",,Corpsmember,False,False,,31199,31199,,840,420,0,0,1260,0,0,0,0,0,,https://www.calhr.ca.gov,,07/27/2021,,,True,
2020,State Department,"Conservation Corps, California",,Corpsmember,False,False,,31199,31199,,645,600,0,0,1245,0,0,0,0,0,,https://www.calhr.ca.gov,,07/27/2021,,,True,
2020,State Department,"Conservation Corps, California",,Corpsmember,False,False,,31199,31199,,720,510,0,0,1230,0,0,0,0,0,,https://www.calhr.ca.gov,,07/27/2021,,,True,
2020,State Department,"Conservation Corps, California",,Corpsmember,False,False,,31199,31199,,1230,0,0,0,1230,0,0,0,0,0,,https://www.calhr.ca.gov,,07/27/2021,,,True,
2020,State Department,"Conservation Corps, California",,Corpsmember,False,False,,31199,31199,,1230,0,0,0,1230,0,0,0,0,0,,https://www.calhr.ca.gov,,07/27/2021,,,True,
2020,State Department,"Conservation Corps, California",,Corpsmember,False,False,,31199,31199,,1230,0,0,0,1230,0,0,0,0,0,,https://www.calhr.ca.gov,,07/27/2021,,,True,
2020,State Department,"Conservation Corps, California",,Corpsmember,False,False,,31199,31199,,1215,0,0,0,1215,0,0,0,0,0,,https://www.calhr.ca.gov,,07/27/2021,,,True,
2020,State Department,"Conservation Corps, California",,Corpsmember,False,False,,31199,31199,,1200,0,0,0,1200,0,0,0,0,0,,https://www.calhr.ca.gov,,07/27/2021,,,True,
2020,State Department,"Conservation Corps, California",,Corpsmember,False,False,,31199,31199,,1170,0,0,0,1170,0,0,0,0,0,,https://www.calhr.ca.gov,,07/27/2021,,,True,
2020,State Department,"Conservation Corps, California",,Corpsmember,False,False,,31199,31199,,1170,0,0,0,1170,0,0,0,0,0,,https://www.calhr.ca.gov,,07/27/2021,,,True,
2020,State Department,"Conservation Corps, California",,Corpsmember,False,False,,31199,31199,,1170,0,0,0,1170,0,0,0,0,0,,https://www.calhr.ca.gov,,07/27/2021,,,True,
2020,State Department,"Conservation Corps, California",,Corpsmember,False,False,,31199,31199,,1155,0,0,0,1155,0,0,0,0,0,,https://www.calhr.ca.gov,,07/27/2021,,,True,
2020,State Department,"Conservation Corps, California",,Corpsmember,False,False,,31199,31199,,1155,0,0,0,1155,0,0,0,0,0,,https://www.calhr.ca.gov,,07/27/2021,,,True,
2020,State Department,"Conservation Corps, California",,Corpsmember,False,False,,31199,31199,,1110,0,0,0,1110,0,0,0,0,0,,https://www.calhr.ca.gov,,07/27/2021,,,True,
2020,State Department,"Conservation Corps, California",,Corpsmember,False,False,,31199,31199,,540,570,0,0,1110,0,0,0,0,0,,https://www.calhr.ca.gov,,07/27/2021,,,True,
2020,State Department,"Conservation Corps, California",,Corpsmember,False,False,,31199,31199,,540,570,0,0,1110,0,0,0,0,0,,https://www.calhr.ca.gov,,07/27/2021,,,True,
2020,State Department,"Conservation Corps, California",,Corpsmember,False,False,,31199,31199,,1020,0,75,0,1095,0,0,0,0,0,,https://www.calhr.ca.gov,,07/27/2021,,,True,
2020,State Department,"Conservation Corps, California",,Corpsmember,False,False,,31199,31199,,510,570,0,0,1080,0,0,0,0,0,,https://www.calhr.ca.gov,,07/27/2021,,,True,
2020,State Department,"Conservation Corps, California",,Corpsmember,False,False,,31199,31199,,1080,0,0,0,1080,0,0,0,0,0,,https://www.calhr.ca.gov,,07/27/2021,,,True,
2020,State Department,"Conservation Corps, California",,Corpsmember,False,False,,31199,31199,,1080,0,0,0,1080,0,0,0,0,0,,https://www.calhr.ca.gov,,07/27/2021,,,True,
2020,State Department,"Conservation Corps, California",,Corpsmember,False,False,,31199,31199,,1050,0,0,0,1050,0,0,0,0,0,,https://www.calhr.ca.gov,,07/27/2021,,,True,
2020,State Department,"Conservation Corps, California",,Corpsmember,False,False,,31199,31199,,1050,0,0,0,1050,0,0,0,0,0,,https://www.calhr.ca.gov,,07/27/2021,,,True,
2020,State Department,"Conservation Corps, California",,Corpsmember,False,False,,31199,31199,,1020,0,0,0,1020,0,0,0,0,0,,https://www.calhr.ca.gov,,07/27/2021,,,True,
2020,State Department,"Conservation Corps, California",,Corpsmember,False,False,,31199,31199,,1020,0,0,0,1020,0,0,0,0,0,,https://www.calhr.ca.gov,,07/27/2021,,,True,
2020,State Department,"Conservation Corps, California",,Corpsmember,False,False,,31199,31199,,990,0,0,0,990,0,0,0,0,0,,https://www.calhr.ca.gov,,07/27/2021,,,True,
2020,State Department,"Conservation Corps, California",,Corpsmember,False,False,,31199,31199,,990,0,0,0,990,0,0,0,0,0,,https://www.calhr.ca.gov,,07/27/2021,,,True,
2020,State Department,"Conservation Corps, California",,Corpsmember,False,False,,31199,31199,,990,0,0,0,990,0,0,0,0,0,,https://www.calhr.ca.gov,,07/27/2021,,,True,
2020,State Department,"Conservation Corps, California",,Corpsmember,False,False,,31199,31199,,990,0,0,0,990,0,0,0,0,0,,https://www.calhr.ca.gov,,07/27/2021,,,True,
2020,State Department,"Conservation Corps, California",,Corpsmember,False,False,,31199,31199,,990,0,0,0,990,0,0,0,0,0,,https://www.calhr.ca.gov,,07/27/2021,,,True,
2020,State Department,"Conservation Corps, California",,Corpsmember,False,False,,31199,31199,,990,0,0,0,990,0,0,0,0,0,,https://www.calhr.ca.gov,,07/27/2021,,,True,
2020,State Department,"Conservation Corps, California",,Corpsmember,False,False,,31199,31199,,990,0,0,0,990,0,0,0,0,0,,https://www.calhr.ca.gov,,07/27/2021,,,True,
2020,State Department,"Conservation Corps, California",,Corpsmember,False,False,,31199,31199,,990,0,0,0,990,0,0,0,0,0,,https://www.calhr.ca.gov,,07/27/2021,,,True,
2020,State Department,"Conservation Corps, California",,Corpsmember,False,False,,31199,31199,,990,0,0,0,990,0,0,0,0,0,,https://www.calhr.ca.gov,,07/27/2021,,,True,
2020,State Department,"Conservation Corps, California",,Corpsmember,False,False,,31199,31199,,990,0,0,0,990,0,0,0,0,0,,https://www.calhr.ca.gov,,07/27/2021,,,True,
2020,State Department,"Conservation Corps, California",,Corpsmember,False,False,,31199,31199,,990,0,0,0,990,0,0,0,0,0,,https://www.calhr.ca.gov,,07/27/2021,,,True,
2020,State Department,"Conservation Corps, California",,Corpsmember,False,False,,31199,31199,,990,0,0,0,990,0,0,0,0,0,,https://www.calhr.ca.gov,,07/27/2021,,,True,
2020,State Department,"Conservation Corps, California",,Corpsmember,False,False,,31199,31199,,960,0,0,0,960,0,0,0,0,0,,https://www.calhr.ca.gov,,07/27/2021,,,True,
2020,State Department,"Conservation Corps, California",,Corpsmember,False,False,,31199,31199,,960,0,0,0,960,0,0,0,0,0,,https://www.calhr.ca.gov,,07/27/2021,,,True,
2020,State Department,"Conservation Corps, California",,Corpsmember,False,False,,31199,31199,,960,0,0,0,960,0,0,0,0,0,,https://www.calhr.ca.gov,,07/27/2021,,,True,
2020,State Department,"Conservation Corps, California",,Corpsmember,False,False,,31199,31199,,840,90,0,0,930,0,0,0,0,0,,https://www.calhr.ca.gov,,07/27/2021,,,True,
2020,State Department,"Conservation Corps, California",,Corpsmember,False,False,,31199,31199,,930,0,0,0,930,0,0,0,0,0,,https://www.calhr.ca.gov,,07/27/2021,,,True,
2020,State Department,"Conservation Corps, California",,Corpsmember,False,False,,31199,31199,,900,0,0,0,900,0,0,0,0,0,,https://www.calhr.ca.gov,,07/27/2021,,,True,
2020,State Department,"Conservation Corps, California",,Corpsmember,False,False,,31199,31199,,900,0,0,0,900,0,0,0,0,0,,https://www.calhr.ca.gov,,07/27/2021,,,True,
2020,State Department,"Conservation Corps, California",,Corpsmember,False,False,,31199,31199,,900,0,0,0,900,0,0,0,0,0,,https://www.calhr.ca.gov,,07/27/2021,,,True,
2020,State Department,"Conservation Corps, California",,Corpsmember,False,False,,31199,31199,,900,0,0,0,900,0,0,0,0,0,,https://www.calhr.ca.gov,,07/27/2021,,,True,
2020,State Department,"Conservation Corps, California",,Corpsmember,False,False,,31199,31199,,900,0,0,0,900,0,0,0,0,0,,https://www.calhr.ca.gov,,07/27/2021,,,True,
2020,State Department,"Conservation Corps, California",,Corpsmember,False,False,,31199,31199,,900,0,0,0,900,0,0,0,0,0,,https://www.calhr.ca.gov,,07/27/2021,,,True,
2020,State Department,"Conservation Corps, California",,Corpsmember,False,False,,31199,31199,,840,60,0,0,900,0,0,0,0,0,,https://www.calhr.ca.gov,,07/27/2021,,,True,
2020,State Department,"Conservation Corps, California",,Corpsmember,False,False,,31199,31199,,840,0,0,0,840,0,0,0,0,0,,https://www.calhr.ca.gov,,07/27/2021,,,True,
2020,State Department,"Conservation Corps, California",,Corpsmember,False,False,,31199,31199,,840,0,0,0,840,0,0,0,0,0,,https://www.calhr.ca.gov,,07/27/2021,,,True,
2020,State Department,"Conservation Corps, California",,Corpsmember,False,False,,31199,31199,,840,0,0,0,840,0,0,0,0,0,,https://www.calhr.ca.gov,,07/27/2021,,,True,
2020,State Department,"Conservation Corps, California",,Corpsmember,False,False,,31199,31199,,840,0,0,0,840,0,0,0,0,0,,https://www.calhr.ca.gov,,07/27/2021,,,True,
2020,State Department,"Conservation Corps, California",,Corpsmember,False,False,,31199,31199,,840,0,0,0,840,0,0,0,0,0,,https://www.calhr.ca.gov,,07/27/2021,,,True,
2020,State Department,"Conservation Corps, California",,Corpsmember,False,False,,31199,31199,,840,0,0,0,840,0,0,0,0,0,,https://www.calhr.ca.gov,,07/27/2021,,,True,
2020,State Department,"Conservation Corps, California",,Corpsmember,False,False,,31199,31199,,840,0,0,0,840,0,0,0,0,0,,https://www.calhr.ca.gov,,07/27/2021,,,True,
2020,State Department,"Conservation Corps, California",,Corpsmember,False,False,,31199,31199,,495,308,0,0,803,0,0,0,0,0,,https://www.calhr.ca.gov,,07/27/2021,,,True,
2020,State Department,"Conservation Corps, California",,Corpsmember,False,False,,31199,31199,,765,0,0,0,765,0,0,0,0,0,,https://www.calhr.ca.gov,,07/27/2021,,,True,
2020,State Department,"Conservation Corps, California",,Corpsmember,False,False,,31199,31199,,765,0,0,0,765,0,0,0,0,0,,https://www.calhr.ca.gov,,07/27/2021,,,True,
2020,State Department,"Conservation Corps, California",,Corpsmember,False,False,,31199,31199,,765,0,0,0,765,0,0,0,0,0,,https://www.calhr.ca.gov,,07/27/2021,,,True,
2020,State Department,"Conservation Corps, California",,Corpsmember,False,False,,31199,31199,,765,0,0,0,765,0,0,0,0,0,,https://www.calhr.ca.gov,,07/27/2021,,,True,
2020,State Department,"Conservation Corps, California",,Corpsmember,False,False,,31199,31199,,750,0,0,0,750,0,0,0,0,0,,https://www.calhr.ca.gov,,07/27/2021,,,True,
2020,State Department,"Conservation Corps, California",,Corpsmember,False,False,,31199,31199,,390,360,0,0,750,0,0,0,0,0,,https://www.calhr.ca.gov,,07/27/2021,,,True,
2020,State Department,"Conservation Corps, California",,Corpsmember,False,False,,31199,31199,,750,0,0,0,750,0,0,0,0,0,,https://www.calhr.ca.gov,,07/27/2021,,,True,
2020,State Department,"Conservation Corps, California",,Corpsmember,False,False,,31199,31199,,750,0,0,0,750,0,0,0,0,0,,https://www.calhr.ca.gov,,07/27/2021,,,True,
2020,State Department,"Conservation Corps, California",,Corpsmember,False,False,,31199,31199,,750,0,0,0,750,0,0,0,0,0,,https://www.calhr.ca.gov,,07/27/2021,,,True,
2020,State Department,"Conservation Corps, California",,Corpsmember,False,False,,31199,31199,,705,0,0,0,705,0,0,0,0,0,,https://www.calhr.ca.gov,,07/27/2021,,,True,
2020,State Department,"Conservation Corps, California",,Corpsmember,False,False,,31199,31199,,705,0,0,0,705,0,0,0,0,0,,https://www.calhr.ca.gov,,07/27/2021,,,True,
2020,State Department,"Conservation Corps, California",,Corpsmember,False,False,,31199,31199,,705,0,0,0,705,0,0,0,0,0,,https://www.calhr.ca.gov,,07/27/2021,,,True,
2020,State Department,"Conservation Corps, California",,Corpsmember,False,False,,31199,31199,,690,0,0,0,690,0,0,0,0,0,,https://www.calhr.ca.gov,,07/27/2021,,,True,
2020,State Department,"Conservation Corps, California",,Corpsmember,False,False,,31199,31199,,690,0,0,0,690,0,0,0,0,0,,https://www.calhr.ca.gov,,07/27/2021,,,True,
2020,State Department,"Conservation Corps, California",,Corpsmember,False,False,,31199,31199,,480,180,0,0,660,0,0,0,0,0,,https://www.calhr.ca.gov,,07/27/2021,,,True,
2020,State Department,"Conservation Corps, California",,Special Corpsmember,False,False,,34319,34319,,660,0,0,0,660,0,0,0,0,0,,https://www.calhr.ca.gov,,07/27/2021,,,True,
2020,State Department,"Conservation Corps, California",,Corpsmember,False,False,,31199,31199,,645,0,0,0,645,0,0,0,0,0,,https://www.calhr.ca.gov,,07/27/2021,,,True,
2020,State Department,"Conservation Corps, California",,Corpsmember,False,False,,31199,31199,,645,0,0,0,645,0,0,0,0,0,,https://www.calhr.ca.gov,,07/27/2021,,,True,
2020,State Department,"Conservation Corps, California",,Corpsmember,False,False,,31199,31199,,645,0,0,0,645,0,0,0,0,0,,https://www.calhr.ca.gov,,07/27/2021,,,True,
2020,State Department,"Conservation Corps, California",,Corpsmember,False,False,,31199,31199,,645,0,0,0,645,0,0,0,0,0,,https://www.calhr.ca.gov,,07/27/2021,,,True,
2020,State Department,"Conservation Corps, California",,Corpsmember,False,False,,31199,31199,,615,0,0,0,615,0,0,0,0,0,,https://www.calhr.ca.gov,,07/27/2021,,,True,
2020,State Department,"Conservation Corps, California",,Corpsmember,False,False,,31199,31199,,615,0,0,0,615,0,0,0,0,0,,https://www.calhr.ca.gov,,07/27/2021,,,True,
2020,State Department,"Conservation Corps, California",,Corpsmember,False,False,,31199,31199,,615,0,0,0,615,0,0,0,0,0,,https://www.calhr.ca.gov,,07/27/2021,,,True,
2020,State Department,"Conservation Corps, California",,Corpsmember,False,False,,31199,31199,,600,0,0,0,600,0,0,0,0,0,,https://www.calhr.ca.gov,,07/27/2021,,,True,
2020,State Department,"Conservation Corps, California",,Corpsmember,False,False,,31199,31199,,600,0,0,0,600,0,0,0,0,0,,https://www.calhr.ca.gov,,07/27/2021,,,True,
2020,State Department,"Conservation Corps, California",,Corpsmember,False,False,,31199,31199,,600,0,0,0,600,0,0,0,0,0,,https://www.calhr.ca.gov,,07/27/2021,,,True,
2020,State Department,"Conservation Corps, California",,Corpsmember,False,False,,31199,31199,,585,0,0,0,585,0,0,0,0,0,,https://www.calhr.ca.gov,,07/27/2021,,,True,
2020,State Department,"Conservation Corps, California",,Corpsmember,False,False,,31199,31199,,585,0,0,0,585,0,0,0,0,0,,https://www.calhr.ca.gov,,07/27/2021,,,True,
2020,State Department,"Conservation Corps, California",,Corpsmember,False,False,,31199,31199,,585,0,0,0,585,0,0,0,0,0,,https://www.calhr.ca.gov,,07/27/2021,,,True,
2020,State Department,"Conservation Corps, California",,Corpsmember,False,False,,31199,31199,,585,0,0,0,585,0,0,0,0,0,,https://www.calhr.ca.gov,,07/27/2021,,,True,
2020,State Department,"Conservation Corps, California",,Corpsmember,False,False,,31199,31199,,585,0,0,0,585,0,0,0,0,0,,https://www.calhr.ca.gov,,07/27/2021,,,True,
2020,State Department,"Conservation Corps, California",,Corpsmember,False,False,,31199,31199,,390,180,0,0,570,0,0,0,0,0,,https://www.calhr.ca.gov,,07/27/2021,,,True,
2020,State Department,"Conservation Corps, California",,Corpsmember,False,False,,31199,31199,,390,180,0,0,570,0,0,0,0,0,,https://www.calhr.ca.gov,,07/27/2021,,,True,
2020,State Department,"Conservation Corps, California",,Corpsmember,False,False,,31199,31199,,390,180,0,0,570,0,0,0,0,0,,https://www.calhr.ca.gov,,07/27/2021,,,True,
2020,State Department,"Conservation Corps, California",,Corpsmember,False,False,,31199,31199,,555,0,0,0,555,0,0,0,0,0,,https://www.calhr.ca.gov,,07/27/2021,,,True,
2020,State Department,"Conservation Corps, California",,Corpsmember,False,False,,31199,31199,,555,0,0,0,555,0,0,0,0,0,,https://www.calhr.ca.gov,,07/27/2021,,,True,
2020,State Department,"Conservation Corps, California",,Corpsmember,False,False,,31199,31199,,540,0,0,0,540,0,0,0,0,0,,https://www.calhr.ca.gov,,07/27/2021,,,True,
2020,State Department,"Conservation Corps, California",,Corpsmember,False,False,,31199,31199,,510,0,0,0,510,0,0,0,0,0,,https://www.calhr.ca.gov,,07/27/2021,,,True,
2020,State Department,"Conservation Corps, California",,Corpsmember,False,False,,31199,31199,,510,0,0,0,510,0,0,0,0,0,,https://www.calhr.ca.gov,,07/27/2021,,,True,
2020,State Department,"Conservation Corps, California",,Corpsmember,False,False,,31199,31199,,510,0,0,0,510,0,0,0,0,0,,https://www.calhr.ca.gov,,07/27/2021,,,True,
2020,State Department,"Conservation Corps, California",,Corpsmember,False,False,,31199,31199,,510,0,0,0,510,0,0,0,0,0,,https://www.calhr.ca.gov,,07/27/2021,,,True,
2020,State Department,"Conservation Corps, California",,Corpsmember,False,False,,31199,31199,,510,0,0,0,510,0,0,0,0,0,,https://www.calhr.ca.gov,,07/27/2021,,,True,
2020,State Department,"Conservation Corps, California",,Corpsmember,False,False,,31199,31199,,510,0,0,0,510,0,0,0,0,0,,https://www.calhr.ca.gov,,07/27/2021,,,True,
2020,State Department,"Conservation Corps, California",,Corpsmember,False,False,,31199,31199,,510,0,0,0,510,0,0,0,0,0,,https://www.calhr.ca.gov,,07/27/2021,,,True,
2020,State Department,"Conservation Corps, California",,Corpsmember,False,False,,31199,31199,,495,0,0,0,495,0,0,0,0,0,,https://www.calhr.ca.gov,,07/27/2021,,,True,
2020,State Department,"Conservation Corps, California",,Corpsmember,False,False,,31199,31199,,330,135,0,0,465,0,0,0,0,0,,https://www.calhr.ca.gov,,07/27/2021,,,True,
2020,State Department,"Conservation Corps, California",,Corpsmember,False,False,,31199,31199,,390,75,0,0,465,0,0,0,0,0,,https://www.calhr.ca.gov,,07/27/2021,,,True,
2020,State Department,"Conservation Corps, California",,Corpsmember,False,False,,31199,31199,,450,0,0,0,450,0,0,0,0,0,,https://www.calhr.ca.gov,,07/27/2021,,,True,
2020,State Department,"Conservation Corps, California",,Corpsmember,False,False,,31199,31199,,450,0,0,0,450,0,0,0,0,0,,https://www.calhr.ca.gov,,07/27/2021,,,True,
2020,State Department,"Conservation Corps, California",,Corpsmember,False,False,,31199,31199,,450,0,0,0,450,0,0,0,0,0,,https://www.calhr.ca.gov,,07/27/2021,,,True,
2020,State Department,"Conservation Corps, California",,Corpsmember,False,False,,31199,31199,,435,0,0,0,435,0,0,0,0,0,,https://www.calhr.ca.gov,,07/27/2021,,,True,
2020,State Department,"Conservation Corps, California",,Corpsmember,False,False,,31199,31199,,435,0,0,0,435,0,0,0,0,0,,https://www.calhr.ca.gov,,07/27/2021,,,True,
2020,State Department,"Conservation Corps, California",,Corpsmember,False,False,,31199,31199,,420,0,0,0,420,0,0,0,0,0,,https://www.calhr.ca.gov,,07/27/2021,,,True,
2020,State Department,"Conservation Corps, California",,Corpsmember,False,False,,31199,31199,,255,150,0,0,405,0,0,0,0,0,,https://www.calhr.ca.gov,,07/27/2021,,,True,
2020,State Department,"Conservation Corps, California",,Corpsmember,False,False,,31199,31199,,390,0,0,0,390,0,0,0,0,0,,https://www.calhr.ca.gov,,07/27/2021,,,True,
2020,State Department,"Conservation Corps, California",,Corpsmember,False,False,,31199,31199,,390,0,0,0,390,0,0,0,0,0,,https://www.calhr.ca.gov,,07/27/2021,,,True,
2020,State Department,"Conservation Corps, California",,Corpsmember,False,False,,31199,31199,,390,0,0,0,390,0,0,0,0,0,,https://www.calhr.ca.gov,,07/27/2021,,,True,
2020,State Department,"Conservation Corps, California",,Corpsmember,False,False,,31199,31199,,390,0,0,0,390,0,0,0,0,0,,https://www.calhr.ca.gov,,07/27/2021,,,True,
2020,State Department,"Conservation Corps, California",,Corpsmember,False,False,,31199,31199,,390,0,0,0,390,0,0,0,0,0,,https://www.calhr.ca.gov,,07/27/2021,,,True,
2020,State Department,"Conservation Corps, California",,Corpsmember,False,False,,31199,31199,,390,0,0,0,390,0,0,0,0,0,,https://www.calhr.ca.gov,,07/27/2021,,,True,
2020,State Department,"Conservation Corps, California",,Corpsmember,False,False,,31199,31199,,390,0,0,0,390,0,0,0,0,0,,https://www.calhr.ca.gov,,07/27/2021,,,True,
2020,State Department,"Conservation Corps, California",,Corpsmember,False,False,,31199,31199,,390,0,0,0,390,0,0,0,0,0,,https://www.calhr.ca.gov,,07/27/2021,,,True,
2020,State Department,"Conservation Corps, California",,Corpsmember,False,False,,31199,31199,,390,0,0,0,390,0,0,0,0,0,,https://www.calhr.ca.gov,,07/27/2021,,,True,
2020,State Department,"Conservation Corps, California",,Corpsmember,False,False,,31199,31199,,390,0,0,0,390,0,0,0,0,0,,https://www.calhr.ca.gov,,07/27/2021,,,True,
2020,State Department,"Conservation Corps, California",,Corpsmember,False,False,,31199,31199,,390,0,0,0,390,0,0,0,0,0,,https://www.calhr.ca.gov,,07/27/2021,,,True,
2020,State Department,"Conservation Corps, California",,Corpsmember,False,False,,31199,31199,,375,0,0,0,375,0,0,0,0,0,,https://www.calhr.ca.gov,,07/27/2021,,,True,
2020,State Department,"Conservation Corps, California",,Corpsmember,False,False,,31199,31199,,375,0,0,0,375,0,0,0,0,0,,https://www.calhr.ca.gov,,07/27/2021,,,True,
2020,State Department,"Conservation Corps, California",,Corpsmember,False,False,,31199,31199,,360,0,0,0,360,0,0,0,0,0,,https://www.calhr.ca.gov,,07/27/2021,,,True,
2020,State Department,"Conservation Corps, California",,Corpsmember,False,False,,31199,31199,,255,30,75,0,360,0,0,0,0,0,,https://www.calhr.ca.gov,,07/27/2021,,,True,
2020,State Department,"Conservation Corps, California",,Corpsmember,False,False,,31199,31199,,360,0,0,0,360,0,0,0,0,0,,https://www.calhr.ca.gov,,07/27/2021,,,True,
2020,State Department,"Conservation Corps, California",,Corpsmember,False,False,,31199,31199,,360,0,0,0,360,0,0,0,0,0,,https://www.calhr.ca.gov,,07/27/2021,,,True,
2020,State Department,"Conservation Corps, California",,Corpsmember,False,False,,31199,31199,,330,0,0,0,330,0,0,0,0,0,,https://www.calhr.ca.gov,,07/27/2021,,,True,
2020,State Department,"Conservation Corps, California",,Corpsmember,False,False,,31199,31199,,330,0,0,0,330,0,0,0,0,0,,https://www.calhr.ca.gov,,07/27/2021,,,True,
2020,State Department,"Conservation Corps, California",,Corpsmember,False,False,,31199,31199,,330,0,0,0,330,0,0,0,0,0,,https://www.calhr.ca.gov,,07/27/2021,,,True,
2020,State Department,"Conservation Corps, California",,Corpsmember,False,False,,31199,31199,,330,0,0,0,330,0,0,0,0,0,,https://www.calhr.ca.gov,,07/27/2021,,,True,
2020,State Department,"Conservation Corps, California",,Corpsmember,False,False,,31199,31199,,330,0,0,0,330,0,0,0,0,0,,https://www.calhr.ca.gov,,07/27/2021,,,True,
2020,State Department,"Conservation Corps, California",,Corpsmember,False,False,,31199,31199,,330,0,0,0,330,0,0,0,0,0,,https://www.calhr.ca.gov,,07/27/2021,,,True,
2020,State Department,"Conservation Corps, California",,Corpsmember,False,False,,31199,31199,,315,0,0,0,315,0,0,0,0,0,,https://www.calhr.ca.gov,,07/27/2021,,,True,
2020,State Department,"Conservation Corps, California",,Corpsmember,False,False,,31199,31199,,315,0,0,0,315,0,0,0,0,0,,https://www.calhr.ca.gov,,07/27/2021,,,True,
2020,State Department,"Conservation Corps, California",,Corpsmember,False,False,,31199,31199,,315,0,0,0,315,0,0,0,0,0,,https://www.calhr.ca.gov,,07/27/2021,,,True,
2020,State Department,"Conservation Corps, California",,Corpsmember,False,False,,31199,31199,,300,0,0,0,300,0,0,0,0,0,,https://www.calhr.ca.gov,,07/27/2021,,,True,
2020,State Department,"Conservation Corps, California",,Corpsmember,False,False,,31199,31199,,300,0,0,0,300,0,0,0,0,0,,https://www.calhr.ca.gov,,07/27/2021,,,True,
2020,State Department,"Conservation Corps, California",,Corpsmember,False,False,,31199,31199,,255,0,0,0,255,0,0,0,0,0,,https://www.calhr.ca.gov,,07/27/2021,,,True,
2020,State Department,"Conservation Corps, California",,Corpsmember,False,False,,31199,31199,,255,0,0,0,255,0,0,0,0,0,,https://www.calhr.ca.gov,,07/27/2021,,,True,
2020,State Department,"Conservation Corps, California",,Corpsmember,False,False,,31199,31199,,255,0,0,0,255,0,0,0,0,0,,https://www.calhr.ca.gov,,07/27/2021,,,True,
2020,State Department,"Conservation Corps, California",,Corpsmember,False,False,,31199,31199,,255,0,0,0,255,0,0,0,0,0,,https://www.calhr.ca.gov,,07/27/2021,,,True,
2020,State Department,"Conservation Corps, California",,Corpsmember,False,False,,31199,31199,,255,0,0,0,255,0,0,0,0,0,,https://www.calhr.ca.gov,,07/27/2021,,,True,
2020,State Department,"Conservation Corps, California",,Corpsmember,False,False,,31199,31199,,255,0,0,0,255,0,0,0,0,0,,https://www.calhr.ca.gov,,07/27/2021,,,True,
2020,State Department,"Conservation Corps, California",,Corpsmember,False,False,,31199,31199,,255,0,0,0,255,0,0,0,0,0,,https://www.calhr.ca.gov,,07/27/2021,,,True,
2020,State Department,"Conservation Corps, California",,Corpsmember,False,False,,31199,31199,,255,0,0,0,255,0,0,0,0,0,,https://www.calhr.ca.gov,,07/27/2021,,,True,
2020,State Department,"Conservation Corps, California",,Corpsmember,False,False,,31199,31199,,195,0,0,0,195,0,0,0,0,0,,https://www.calhr.ca.gov,,07/27/2021,,,True,
2020,State Department,"Conservation Corps, California",,Corpsmember,False,False,,31199,31199,,195,0,0,0,195,0,0,0,0,0,,https://www.calhr.ca.gov,,07/27/2021,,,True,
2020,State Department,"Conservation Corps, California",,Corpsmember,False,False,,31199,31199,,195,0,0,0,195,0,0,0,0,0,,https://www.calhr.ca.gov,,07/27/2021,,,True,
2020,State Department,"Conservation Corps, California",,Corpsmember,False,False,,31199,31199,,195,0,0,0,195,0,0,0,0,0,,https://www.calhr.ca.gov,,07/27/2021,,,True,
2020,State Department,"Conservation Corps, California",,Corpsmember,False,False,,31199,31199,,195,0,0,0,195,0,0,0,0,0,,https://www.calhr.ca.gov,,07/27/2021,,,True,
2020,State Department,"Conservation Corps, California",,Corpsmember,False,False,,31199,31199,,195,0,0,0,195,0,0,0,0,0,,https://www.calhr.ca.gov,,07/27/2021,,,True,
2020,State Department,"Conservation Corps, California",,Corpsmember,False,False,,31199,31199,,195,0,0,0,195,0,0,0,0,0,,https://www.calhr.ca.gov,,07/27/2021,,,True,
2020,State Department,"Conservation Corps, California",,Corpsmember,False,False,,31199,31199,,195,0,0,0,195,0,0,0,0,0,,https://www.calhr.ca.gov,,07/27/2021,,,True,
2020,State Department,"Conservation Corps, California",,Corpsmember,False,False,,31199,31199,,135,0,0,0,135,0,0,0,0,0,,https://www.calhr.ca.gov,,07/27/2021,,,True,
2020,State Department,"Conservation Corps, California",,Corpsmember,False,False,,31199,31199,,60,0,75,0,135,0,0,0,0,0,,https://www.calhr.ca.gov,,07/27/2021,,,True,
2020,State Department,"Conservation Corps, California",,Corpsmember,False,False,,31199,31199,,135,0,0,0,135,0,0,0,0,0,,https://www.calhr.ca.gov,,07/27/2021,,,True,
2020,State Department,"Conservation Corps, California",,Corpsmember,False,False,,31199,31199,,135,0,0,0,135,0,0,0,0,0,,https://www.calhr.ca.gov,,07/27/2021,,,True,
2020,State Department,"Conservation Corps, California",,Corpsmember,False,False,,31199,31199,,135,0,0,0,135,0,0,0,0,0,,https://www.calhr.ca.gov,,07/27/2021,,,True,
2020,State Department,"Conservation Corps, California",,Corpsmember,False,False,,31199,31199,,135,0,0,0,135,0,0,0,0,0,,https://www.calhr.ca.gov,,07/27/2021,,,True,
2020,State Department,"Conservation Corps, California",,Corpsmember,False,False,,31199,31199,,135,0,0,0,135,0,0,0,0,0,,https://www.calhr.ca.gov,,07/27/2021,,,True,
2020,State Department,"Conservation Corps, California",,Corpsmember,False,False,,31199,31199,,135,0,0,0,135,0,0,0,0,0,,https://www.calhr.ca.gov,,07/27/2021,,,True,
2020,State Department,"Conservation Corps, California",,Corpsmember,False,False,,31199,31199,,120,0,0,0,120,0,0,0,0,0,,https://www.calhr.ca.gov,,07/27/2021,,,True,
2020,State Department,"Conservation Corps, California",,Corpsmember,False,False,,31199,31199,,75,0,0,0,75,0,0,0,0,0,,https://www.calhr.ca.gov,,07/27/2021,,,True,
2020,State Department,"Conservation Corps, California",,Corpsmember,False,False,,31199,31199,,75,0,0,0,75,0,0,0,0,0,,https://www.calhr.ca.gov,,07/27/2021,,,True,
2020,State Department,"Conservation Corps, California",,Corpsmember,False,False,,31199,31199,,75,0,0,0,75,0,0,0,0,0,,https://www.calhr.ca.gov,,07/27/2021,,,True,
2020,State Department,"Conservation Corps, California",,Corpsmember,False,False,,31199,31199,,75,0,0,0,75,0,0,0,0,0,,https://www.calhr.ca.gov,,07/27/2021,,,True,
2020,State Department,"Conservation Corps, California",,Corpsmember,False,False,,31199,31199,,0,0,75,0,75,0,0,0,0,0,,https://www.calhr.ca.gov,,07/27/2021,,,True,

