Year,EmployerType,EmployerName,DepartmentOrSubdivision,Position,ElectedOfficial,Judicial,OtherPositions,MinPositionSalary,MaxPositionSalary,ReportedBaseWage,RegularPay,OvertimePay,LumpSumPay,OtherPay,TotalWages,DefinedBenefitPlanContribution,EmployeesRetirementCostCovered,DeferredCompensationPlan,HealthDentalVision,TotalRetirementAndHealthContribution,PensionFormula,EmployerURL,EmployerPopulation,LastUpdatedDate,EmployerCounty,SpecialDistrictActivities,IncludesUnfundedLiability,SpecialDistrictType
2010,State Department,"Health Care Services, Department of",,"C.E.A., Range 4",,,,74076,160572,,110869,0,157648,0,268517,20562,0,0,11832,32394,2.00% @ 55,https://www.calhr.ca.gov,,07/01/2014,,,,
2010,State Department,"Health Care Services, Department of",,"Medical Program Consultant, Department Of Health Services",,,,140064,162444,,151723,0,16970,76,168769,27646,0,0,2993,30640,2.00% @ 55,https://www.calhr.ca.gov,,07/01/2014,,,,
2010,State Department,"Health Care Services, Department of",,"C.E.A., Range 1",,,,74076,160572,,94704,0,73150,60,167915,17805,0,0,10844,28650,2.00% @ 55,https://www.calhr.ca.gov,,07/01/2014,,,,
2010,State Department,"Health Care Services, Department of",,"C.E.A., Range 5",,,,74076,160572,,59749,0,99399,1756,160903,10635,0,0,3758,14392,2.00% @ 55,https://www.calhr.ca.gov,,07/01/2014,,,,
2010,State Department,"Health Care Services, Department of",,"Director, Department Of Health Care Services",,,,147105,165000,,141299,0,0,60,141359,26402,0,0,10844,37246,2.00% @ 55,https://www.calhr.ca.gov,,07/01/2014,,,,
2010,State Department,"Health Care Services, Department of",,"Medical Program Consultant, Department Of Health Services",,,,140064,162444,,139031,0,0,8,139039,25993,0,0,14084,40077,2.00% @ 55,https://www.calhr.ca.gov,,07/01/2014,,,,
2010,State Department,"Health Care Services, Department of",,"Medical Consultant II, Department Of Health Services, Range C",,,,115440,158388,,138471,0,0,0,138471,10013,0,0,2796,12808,2.00% @ 55,https://www.calhr.ca.gov,,07/01/2014,,,,
2010,State Department,"Health Care Services, Department of",,"Public Health Medical Officer III, Range T",,,,118392,154716,,137104,0,0,0,137104,24756,0,0,1991,26747,2.00% @ 55,https://www.calhr.ca.gov,,07/01/2014,,,,
2010,State Department,"Health Care Services, Department of",,"Medical Consultant II, Department Of Health Services, Range C",,,,115440,158388,,136210,0,0,500,136710,24910,0,0,5312,30222,2.00% @ 55,https://www.calhr.ca.gov,,07/01/2014,,,,
2010,State Department,"Health Care Services, Department of",,"Medical Consultant II, Department Of Health Services, Range C",,,,115440,158388,,135841,0,0,689,136530,25079,0,0,5312,30391,2.00% @ 55,https://www.calhr.ca.gov,,07/01/2014,,,,
2010,State Department,"Health Care Services, Department of",,"Medical Consultant I, Department Of Health Services, Range C",,,,112776,154728,,135613,0,0,0,135613,24387,0,0,1991,26377,2.00% @ 55,https://www.calhr.ca.gov,,07/01/2014,,,,
2010,State Department,"Health Care Services, Department of",,"Public Health Medical Officer III, Range C",,,,115440,158388,,135531,0,0,42,135573,24963,0,0,5312,30275,2.00% @ 55,https://www.calhr.ca.gov,,07/01/2014,,,,
2010,State Department,"Health Care Services, Department of",,"Medical Consultant I, Department Of Health Services, Range C",,,,112776,154728,,135313,0,0,0,135313,24387,0,0,2796,27182,2.00% @ 55,https://www.calhr.ca.gov,,07/01/2014,,,,
2010,State Department,"Health Care Services, Department of",,"Medical Consultant II, Department Of Health Services, Range T",,,,118392,154716,,134798,0,0,18,134816,24897,0,0,10770,35667,2.00% @ 55,https://www.calhr.ca.gov,,07/01/2014,,,,
2010,State Department,"Health Care Services, Department of",,"Medical Consultant II, Department Of Health Services, Range C",,,,115440,158388,,134641,0,0,0,134641,24963,0,0,8704,33667,2.00% @ 55,https://www.calhr.ca.gov,,07/01/2014,,,,
2010,State Department,"Health Care Services, Department of",,"Public Health Medical Officer III, Range C",,,,115440,158388,,133857,0,0,0,133857,24963,0,0,6160,31123,2.00% @ 55,https://www.calhr.ca.gov,,07/01/2014,,,,
2010,State Department,"Health Care Services, Department of",,"Public Health Medical Officer III, Range C",,,,115440,158388,,133777,0,0,0,133777,24963,0,0,12014,36977,2.00% @ 55,https://www.calhr.ca.gov,,07/01/2014,,,,
2010,State Department,"Health Care Services, Department of",,"Medical Consultant I, Department Of Health Services, Range C",,,,112776,154728,,133753,0,0,0,133753,24387,0,0,1236,25622,2.00% @ 55,https://www.calhr.ca.gov,,07/01/2014,,,,
2010,State Department,"Health Care Services, Department of",,"Public Health Medical Officer III, Range C",,,,115440,158388,,133234,0,0,0,133234,24963,0,0,10400,35363,2.00% @ 55,https://www.calhr.ca.gov,,07/01/2014,,,,
2010,State Department,"Health Care Services, Department of",,"Medical Consultant II, Department Of Health Services, Range C",,,,115440,158388,,132999,0,0,0,132999,24963,0,0,13628,38591,2.00% @ 55,https://www.calhr.ca.gov,,07/01/2014,,,,
2010,State Department,"Health Care Services, Department of",,"Medical Consultant I, Department Of Health Services, Range C",,,,112776,154728,,132465,0,0,0,132465,24387,0,0,5312,29699,2.00% @ 55,https://www.calhr.ca.gov,,07/01/2014,,,,
2010,State Department,"Health Care Services, Department of",,"Medical Consultant I, Department Of Health Services, Range C",,,,112776,154728,,132212,0,0,0,132212,23954,0,0,1991,25944,2.00% @ 55,https://www.calhr.ca.gov,,07/01/2014,,,,
2010,State Department,"Health Care Services, Department of",,"Medical Consultant I, Department Of Health Services, Range C",,,,112776,154728,,131804,0,0,0,131804,24179,0,0,5312,29491,2.00% @ 55,https://www.calhr.ca.gov,,07/01/2014,,,,
2010,State Department,"Health Care Services, Department of",,"Medical Consultant II, Department Of Health Services, Range A",,,,112776,154728,,131330,0,0,0,131330,24387,0,0,10400,34787,2.00% @ 55,https://www.calhr.ca.gov,,07/01/2014,,,,
2010,State Department,"Health Care Services, Department of",,"Medical Consultant I, Department Of Health Services, Range C",,,,112776,154728,,131223,0,0,0,131223,24387,0,0,10400,34787,2.00% @ 55,https://www.calhr.ca.gov,,07/01/2014,,,,
2010,State Department,"Health Care Services, Department of",,"Medical Consultant I, Department Of Health Services, Range C",,,,112776,154728,,130743,0,0,0,130743,24387,0,0,10400,34787,2.00% @ 55,https://www.calhr.ca.gov,,07/01/2014,,,,
2010,State Department,"Health Care Services, Department of",,"Medical Consultant II, Department Of Health Services, Range A",,,,112776,154728,,130012,0,0,0,130012,24387,0,0,13628,38015,2.00% @ 55,https://www.calhr.ca.gov,,07/01/2014,,,,
2010,State Department,"Health Care Services, Department of",,"C.E.A., Range 1",,,,74076,160572,,83138,0,46672,0,129810,15795,0,0,11832,27627,2.00% @ 55,https://www.calhr.ca.gov,,07/01/2014,,,,
2010,State Department,"Health Care Services, Department of",,"Deputy Director And Chief Counsel, Department Of Health Careservices",,,,148860,148860,,129628,0,0,0,129628,24040,0,0,14084,38124,2.00% @ 55,https://www.calhr.ca.gov,,07/01/2014,,,,
2010,State Department,"Health Care Services, Department of",,"Medical Consultant I, Department Of Health Services, Range C",,,,112776,154728,,129532,0,0,0,129532,24387,0,0,13628,38015,2.00% @ 55,https://www.calhr.ca.gov,,07/01/2014,,,,
2010,State Department,"Health Care Services, Department of",,"Medical Consultant I, Department Of Health Services, Range C",,,,112776,154728,,129423,0,0,78,129501,24387,0,0,10400,34787,2.00% @ 55,https://www.calhr.ca.gov,,07/01/2014,,,,
2010,State Department,"Health Care Services, Department of",,"Medical Consultant I, Department Of Health Services, Range C",,,,112776,154728,,129352,0,0,0,129352,24387,0,0,13628,38015,2.00% @ 55,https://www.calhr.ca.gov,,07/01/2014,,,,
2010,State Department,"Health Care Services, Department of",,"Medical Consultant II, Department Of Health Services, Range C",,,,115440,158388,,128656,0,0,66,128722,23643,0,0,5312,28955,2.00% @ 55,https://www.calhr.ca.gov,,07/01/2014,,,,
2010,State Department,"Health Care Services, Department of",,"Medical Consultant I, Department Of Health Services, Range B",,,,109584,150348,,128674,0,0,0,128674,23393,0,0,5312,28706,1.25% @ 65,https://www.calhr.ca.gov,,07/01/2014,,,,
2010,State Department,"Health Care Services, Department of",,"Medical Consultant I, Department Of Health Services, Range C",,,,112776,154728,,128334,0,0,0,128334,24387,0,0,5312,29699,2.00% @ 55,https://www.calhr.ca.gov,,07/01/2014,,,,
2010,State Department,"Health Care Services, Department of",,"Medical Consultant I, Department Of Health Services, Range B",,,,109584,150348,,128316,0,0,0,128316,23696,0,0,5312,29008,2.00% @ 55,https://www.calhr.ca.gov,,07/01/2014,,,,
2010,State Department,"Health Care Services, Department of",,"Medical Consultant I, Department Of Health Services, Range C",,,,112776,154728,,127851,0,0,0,127851,24387,0,0,5312,29699,2.00% @ 55,https://www.calhr.ca.gov,,07/01/2014,,,,
2010,State Department,"Health Care Services, Department of",,"Medical Consultant I, Department Of Health Services, Range C",,,,112776,154728,,127167,0,0,0,127167,19286,0,0,13268,32554,2.00% @ 55,https://www.calhr.ca.gov,,07/01/2014,,,,
2010,State Department,"Health Care Services, Department of",,"Medical Consultant I, Department Of Health Services, Range C",,,,112776,154728,,126779,0,0,-480,126299,24387,0,0,5312,29699,2.00% @ 55,https://www.calhr.ca.gov,,07/01/2014,,,,
2010,State Department,"Health Care Services, Department of",,"Pharmaceutical Consultant II, Department Of Health Services (Specialist)",,,,68076,98472,,92808,0,1209,32036,126054,22932,0,0,2507,25439,2.00% @ 55,https://www.calhr.ca.gov,,07/01/2014,,,,
2010,State Department,"Health Care Services, Department of",,"Medical Consultant I, Department Of Health Services, Range B",,,,109584,150348,,126033,0,0,0,126033,23696,0,0,10400,34096,2.00% @ 55,https://www.calhr.ca.gov,,07/01/2014,,,,
2010,State Department,"Health Care Services, Department of",,"Dental Program Consultant, Department Of Health Services",,,,99972,137172,,125574,0,0,0,125574,23595,0,0,11348,34943,2.00% @ 55,https://www.calhr.ca.gov,,07/01/2014,,,,
2010,State Department,"Health Care Services, Department of",,"Medical Consultant II, Department Of Health Services, Range C",,,,115440,158388,,125487,0,0,0,125487,24803,0,0,13590,38394,2.00% @ 55,https://www.calhr.ca.gov,,07/01/2014,,,,
2010,State Department,"Health Care Services, Department of",,"C.E.A., Range 4",,,,74076,160572,,101522,0,23242,134,124898,19196,0,0,11832,31028,2.00% @ 55,https://www.calhr.ca.gov,,07/01/2014,,,,
2010,State Department,"Health Care Services, Department of",,"Public Health Medical Officer III, Range C",,,,115440,158388,,124320,0,0,0,124320,24963,0,0,10400,35363,2.00% @ 55,https://www.calhr.ca.gov,,07/01/2014,,,,
2010,State Department,"Health Care Services, Department of",,"Medical Consultant II, Department Of Health Services, Range C",,,,115440,158388,,123985,0,0,252,124236,24963,0,0,10400,35363,2.00% @ 55,https://www.calhr.ca.gov,,07/01/2014,,,,
2010,State Department,"Health Care Services, Department of",,"Public Health Medical Officer III, Range B",,,,112776,154728,,124066,0,0,0,124066,24387,0,0,10400,34787,2.00% @ 55,https://www.calhr.ca.gov,,07/01/2014,,,,
2010,State Department,"Health Care Services, Department of",,"C.E.A., Range 4",,,,74076,160572,,123702,0,0,0,123702,22385,0,0,1991,24375,2.00% @ 55,https://www.calhr.ca.gov,,07/01/2014,,,,
2010,State Department,"Health Care Services, Department of",,"C.E.A., Range 4",,,,74076,160572,,123102,0,0,0,123102,22385,0,0,1991,24375,2.00% @ 55,https://www.calhr.ca.gov,,07/01/2014,,,,
2010,State Department,"Health Care Services, Department of",,"Chief Deputy Director, Policy And Program Support, California Department Of Health Services",,,,128064,138528,,123026,0,0,0,123026,22166,0,0,1991,24157,2.00% @ 55,https://www.calhr.ca.gov,,07/01/2014,,,,
2010,State Department,"Health Care Services, Department of",,"Medical Consultant I, Department Of Health Services, Range C",,,,112776,154728,,122184,0,0,0,122184,22949,0,0,13628,36577,2.00% @ 55,https://www.calhr.ca.gov,,07/01/2014,,,,
2010,State Department,"Health Care Services, Department of",,"Medical Consultant II, Department Of Health Services, Range A",,,,112776,154728,,119930,0,0,0,119930,22683,0,0,3299,25982,2.00% @ 55,https://www.calhr.ca.gov,,07/01/2014,,,,
2010,State Department,"Health Care Services, Department of",,"Medical Consultant I, Department Of Health Services, Range C",,,,112776,154728,,119722,0,0,0,119722,24387,0,0,13628,38015,2.00% @ 55,https://www.calhr.ca.gov,,07/01/2014,,,,
2010,State Department,"Health Care Services, Department of",,Staff Services Manager III,,,,81348,89688,,81604,0,38049,0,119654,15591,0,0,15369,30960,2.00% @ 55,https://www.calhr.ca.gov,,07/01/2014,,,,
2010,State Department,"Health Care Services, Department of",,"C.E.A., Range 4",,,,74076,160572,,118847,0,0,0,118847,22385,0,0,13004,35389,2.00% @ 55,https://www.calhr.ca.gov,,07/01/2014,,,,
2010,State Department,"Health Care Services, Department of",,Staff Services Manager I,,,,60948,73524,,45860,0,72689,0,118549,8180,0,0,10563,18743,2.00% @ 55,https://www.calhr.ca.gov,,07/01/2014,,,,
2010,State Department,"Health Care Services, Department of",,"Senior Life Actuary, Range B",,,,100476,122124,,118414,0,0,0,118414,21980,0,0,13625,35604,2.00% @ 55,https://www.calhr.ca.gov,,07/01/2014,,,,
2010,State Department,"Health Care Services, Department of",,"Medical Program Consultant, Department Of Health Services",,,,140064,162444,,117734,0,0,500,118234,21877,0,0,10844,32722,2.00% @ 55,https://www.calhr.ca.gov,,07/01/2014,,,,
2010,State Department,"Health Care Services, Department of",,"Dental Program Consultant, Department Of Health Services",,,,99972,137172,,118180,0,0,0,118180,21620,0,0,5312,26933,2.00% @ 55,https://www.calhr.ca.gov,,07/01/2014,,,,
2010,State Department,"Health Care Services, Department of",,"Medical Consultant I, Department Of Health Services, Range C",,,,112776,154728,,117741,0,0,0,117741,21858,0,0,10400,32258,2.00% @ 55,https://www.calhr.ca.gov,,07/01/2014,,,,
2010,State Department,"Health Care Services, Department of",,"Medical Consultant I, Department Of Health Services, Range C",,,,112776,154728,,117589,0,0,96,117685,21948,0,0,10400,32348,2.00% @ 55,https://www.calhr.ca.gov,,07/01/2014,,,,
2010,State Department,"Health Care Services, Department of",,"Pharmaceutical Program Consultant, Department Of Health Services",,,,77328,103356,,116889,0,0,0,116889,20899,0,0,1991,22889,2.00% @ 55,https://www.calhr.ca.gov,,07/01/2014,,,,
2010,State Department,"Health Care Services, Department of",,"Medical Consultant I, Department Of Health Services, Range A",,,,104532,143400,,116830,0,0,0,116830,22601,0,0,13628,36230,2.00% @ 55,https://www.calhr.ca.gov,,07/01/2014,,,,
2010,State Department,"Health Care Services, Department of",,"C.E.A., Range 2",,,,74076,160572,,71386,0,44255,0,115641,12658,0,0,9048,21706,2.00% @ 55,https://www.calhr.ca.gov,,07/01/2014,,,,
2010,State Department,"Health Care Services, Department of",,"Public Health Medical Officer III, Range T",,,,118392,154716,,112496,0,0,2386,114883,21296,0,0,14084,35380,2.00% @ 55,https://www.calhr.ca.gov,,07/01/2014,,,,
2010,State Department,"Health Care Services, Department of",,Health Education Consultant III (Specialist),,,,59172,77664,,50570,0,62883,500,113954,8916,0,0,4427,13343,2.00% @ 55,https://www.calhr.ca.gov,,07/01/2014,,,,
2010,State Department,"Health Care Services, Department of",,"Medical Consultant I, Department Of Health Services, Range C",,,,112776,154728,,113680,0,0,0,113680,20416,0,0,1991,22407,2.00% @ 55,https://www.calhr.ca.gov,,07/01/2014,,,,
2010,State Department,"Health Care Services, Department of",,"Chief Deputy Director, Health Care Programs, Department Of Health Care Services",,,,128064,138528,,113615,0,0,40,113655,22166,0,0,14084,36250,2.00% @ 55,https://www.calhr.ca.gov,,07/01/2014,,,,
2010,State Department,"Health Care Services, Department of",,"Pharmaceutical Program Consultant, Department Of Health Services",,,,77328,103356,,113159,0,0,0,113159,20634,0,0,10844,31478,1.25% @ 65,https://www.calhr.ca.gov,,07/01/2014,,,,
2010,State Department,"Health Care Services, Department of",,Attorney IV,,,,101832,125724,,102131,0,10358,0,112489,19925,0,0,10052,29977,2.00% @ 55,https://www.calhr.ca.gov,,07/01/2014,,,,
2010,State Department,"Health Care Services, Department of",,"Medical Consultant I, Department Of Health Services, Range B",,,,109584,150348,,111591,0,0,0,111591,20626,0,0,5312,25939,2.00% @ 55,https://www.calhr.ca.gov,,07/01/2014,,,,
2010,State Department,"Health Care Services, Department of",,"Pharmaceutical Consultant II, Department Of Health Services (Specialist)",,,,68076,98472,,110680,0,0,0,110680,19880,0,0,3299,23179,2.00% @ 55,https://www.calhr.ca.gov,,07/01/2014,,,,
2010,State Department,"Health Care Services, Department of",,"Senior Life Actuary, Range A",,,,92004,111840,,110135,0,0,0,110135,20129,0,0,5055,25184,2.00% @ 55,https://www.calhr.ca.gov,,07/01/2014,,,,
2010,State Department,"Health Care Services, Department of",,"Medical Consultant I, Department Of Health Services, Range C",,,,112776,154728,,106437,0,3070,0,109507,18664,0,0,10550,29214,2.00% @ 55,https://www.calhr.ca.gov,,07/01/2014,,,,
2010,State Department,"Health Care Services, Department of",,"Deputy Director, Health Care Benefits And Eligiblelty",,,,114024,126588,,109388,0,0,0,109388,20256,0,0,5636,25892,2.00% @ 55,https://www.calhr.ca.gov,,07/01/2014,,,,
2010,State Department,"Health Care Services, Department of",,"Pharmaceutical Consultant II, Department Of Health Services (Specialist)",,,,68076,98472,,107750,0,0,1408,109158,20721,0,0,13932,34653,2.00% @ 55,https://www.calhr.ca.gov,,07/01/2014,,,,
2010,State Department,"Health Care Services, Department of",,"Pharmaceutical Consultant II, Department Of Health Services (Specialist)",,,,68076,98472,,109120,0,0,0,109120,19880,0,0,753,20633,2.00% @ 55,https://www.calhr.ca.gov,,07/01/2014,,,,
2010,State Department,"Health Care Services, Department of",,"Medical Consultant I, Department Of Health Services, Range C",,,,112776,154728,,108684,0,0,0,108684,20073,0,0,5312,25385,2.00% @ 55,https://www.calhr.ca.gov,,07/01/2014,,,,
2010,State Department,"Health Care Services, Department of",,"Pharmaceutical Consultant II, Department Of Health Services (Supervisory)",,,,70116,93780,,108455,0,0,0,108455,19366,0,0,1991,21357,2.00% @ 55,https://www.calhr.ca.gov,,07/01/2014,,,,
2010,State Department,"Health Care Services, Department of",,"Pharmaceutical Program Consultant, Department Of Health Services",,,,77328,103356,,108400,0,0,0,108400,20031,0,0,14084,34115,2.00% @ 55,https://www.calhr.ca.gov,,07/01/2014,,,,
2010,State Department,"Health Care Services, Department of",,Attorney IV,,,,101832,125724,,107966,0,0,0,107966,19925,0,0,7029,26953,2.00% @ 55,https://www.calhr.ca.gov,,07/01/2014,,,,
2010,State Department,"Health Care Services, Department of",,"Pharmaceutical Consultant II, Department Of Health Services (Specialist)",,,,68076,98472,,107833,0,0,0,107833,19880,0,0,5312,25193,2.00% @ 55,https://www.calhr.ca.gov,,07/01/2014,,,,
2010,State Department,"Health Care Services, Department of",,"Pharmaceutical Consultant II, Department Of Health Services (Specialist)",,,,68076,98472,,107740,0,0,0,107740,19880,0,0,5312,25193,2.00% @ 55,https://www.calhr.ca.gov,,07/01/2014,,,,
2010,State Department,"Health Care Services, Department of",,"Pharmaceutical Consultant II, Department Of Health Services (Specialist)",,,,68076,98472,,107740,0,0,0,107740,19880,0,0,5312,25193,2.00% @ 55,https://www.calhr.ca.gov,,07/01/2014,,,,
2010,State Department,"Health Care Services, Department of",,"Assistant Deputy Director, Health Care Financing",,,,112992,122196,,106994,0,0,720,107714,20256,0,0,10844,31100,2.00% @ 55,https://www.calhr.ca.gov,,07/01/2014,,,,
2010,State Department,"Health Care Services, Department of",,Attorney IV,,,,101832,125724,,107034,0,0,0,107034,19917,0,0,13028,32945,2.00% @ 55,https://www.calhr.ca.gov,,07/01/2014,,,,
2010,State Department,"Health Care Services, Department of",,"Pharmaceutical Consultant II, Department Of Health Services (Specialist)",,,,68076,98472,,106803,0,0,0,106803,19880,0,0,5312,25193,2.00% @ 55,https://www.calhr.ca.gov,,07/01/2014,,,,
2010,State Department,"Health Care Services, Department of",,"Medical Consultant I, Department Of Health Services, Range A",,,,104532,143400,,106759,0,0,0,106759,19536,0,0,753,20289,2.00% @ 55,https://www.calhr.ca.gov,,07/01/2014,,,,
2010,State Department,"Health Care Services, Department of",,"C.E.A., Range 1",,,,74076,160572,,46635,0,59737,0,106372,7818,0,0,1748,9566,2.00% @ 55,https://www.calhr.ca.gov,,07/01/2014,,,,
2010,State Department,"Health Care Services, Department of",,Attorney IV,,,,101832,125724,,106280,0,0,30,106310,19925,0,0,10052,29977,2.00% @ 55,https://www.calhr.ca.gov,,07/01/2014,,,,
2010,State Department,"Health Care Services, Department of",,"Dental Consultant I, Department Of Health Services, Range A",,,,92616,127068,,106291,0,0,0,106291,20028,0,0,13628,33656,2.00% @ 55,https://www.calhr.ca.gov,,07/01/2014,,,,
2010,State Department,"Health Care Services, Department of",,"Pharmaceutical Consultant II, Department Of Health Services (Specialist)",,,,68076,98472,,104726,0,0,1480,106206,20131,0,0,13628,33759,2.00% @ 55,https://www.calhr.ca.gov,,07/01/2014,,,,
2010,State Department,"Health Care Services, Department of",,"Pharmaceutical Program Consultant, Department Of Health Services",,,,77328,103356,,106084,0,0,0,106084,19176,0,0,2990,22167,2.00% @ 55,https://www.calhr.ca.gov,,07/01/2014,,,,
2010,State Department,"Health Care Services, Department of",,Staff Services Manager I,,,,60948,73524,,47014,0,58896,0,105910,8463,0,0,10574,19037,2.00% @ 55,https://www.calhr.ca.gov,,07/01/2014,,,,
2010,State Department,"Health Care Services, Department of",,Staff Services Manager II (Supervisory),,,,66912,80724,,58830,0,47034,0,105864,6813,0,0,8216,15029,,https://www.calhr.ca.gov,,07/01/2014,,,,
2010,State Department,"Health Care Services, Department of",,"Pharmaceutical Consultant II, Department Of Health Services (Specialist)",,,,68076,98472,,105589,0,0,0,105589,19880,0,0,13628,33509,2.00% @ 55,https://www.calhr.ca.gov,,07/01/2014,,,,
2010,State Department,"Health Care Services, Department of",,"Pharmaceutical Consultant II, Department Of Health Services (Specialist)",,,,68076,98472,,105444,0,0,0,105444,18939,0,0,2796,21734,2.00% @ 55,https://www.calhr.ca.gov,,07/01/2014,,,,
2010,State Department,"Health Care Services, Department of",,"Pharmaceutical Consultant II, Department Of Health Services (Supervisory)",,,,70116,93780,,105367,0,0,0,105367,19366,0,0,5636,25003,2.00% @ 55,https://www.calhr.ca.gov,,07/01/2014,,,,
2010,State Department,"Health Care Services, Department of",,"Pharmaceutical Consultant II, Department Of Health Services (Specialist)",,,,68076,98472,,105151,0,0,0,105151,19880,0,0,11476,31357,2.00% @ 55,https://www.calhr.ca.gov,,07/01/2014,,,,
2010,State Department,"Health Care Services, Department of",,"Pharmaceutical Consultant II, Department Of Health Services (Specialist)",,,,68076,98472,,105086,0,0,0,105086,18828,0,0,2796,21624,1.25% @ 65,https://www.calhr.ca.gov,,07/01/2014,,,,
2010,State Department,"Health Care Services, Department of",,"Pharmaceutical Consultant II, Department Of Health Services (Specialist)",,,,68076,98472,,104877,0,0,0,104877,19880,0,0,13628,33509,2.00% @ 55,https://www.calhr.ca.gov,,07/01/2014,,,,
2010,State Department,"Health Care Services, Department of",,"Senior Life Actuary, Range A",,,,92004,111840,,104757,0,0,0,104757,19910,0,0,12563,32473,2.00% @ 55,https://www.calhr.ca.gov,,07/01/2014,,,,
2010,State Department,"Health Care Services, Department of",,"Pharmaceutical Consultant II, Department Of Health Services (Supervisory)",,,,70116,93780,,104741,0,0,0,104741,19366,0,0,14084,33451,2.00% @ 55,https://www.calhr.ca.gov,,07/01/2014,,,,
2010,State Department,"Health Care Services, Department of",,"Administrative Law Judge II (Specialist), Department Of Social Services",,,,94296,114108,,104726,0,0,0,104726,19120,0,0,2313,21433,2.00% @ 55,https://www.calhr.ca.gov,,07/01/2014,,,,
2010,State Department,"Health Care Services, Department of",,Labor Relations Manager I,,,,74076,81696,,78821,0,25881,0,104701,14307,0,0,2535,16842,2.00% @ 55,https://www.calhr.ca.gov,,07/01/2014,,,,
2010,State Department,"Health Care Services, Department of",,"Medical Consultant I, Department Of Health Services, Range C",,,,112776,154728,,104636,0,0,0,104636,0,0,0,1991,1991,Alternate Retirement Plan (ARP),https://www.calhr.ca.gov,,07/01/2014,,,,
2010,State Department,"Health Care Services, Department of",,Staff Services Manager II (Supervisory),,,,66912,80724,,79236,0,24851,500,104587,14137,0,0,2156,16293,2.00% @ 55,https://www.calhr.ca.gov,,07/01/2014,,,,
2010,State Department,"Health Care Services, Department of",,Attorney IV,,,,101832,125724,,104342,0,0,0,104342,19925,0,0,10052,29977,2.00% @ 55,https://www.calhr.ca.gov,,07/01/2014,,,,
2010,State Department,"Health Care Services, Department of",,"Pharmaceutical Consultant II, Department Of Health Services (Supervisory)",,,,70116,93780,,104315,0,0,0,104315,19366,0,0,10844,30211,2.00% @ 55,https://www.calhr.ca.gov,,07/01/2014,,,,
2010,State Department,"Health Care Services, Department of",,Staff Services Manager III,,,,81348,89688,,44489,0,59788,0,104277,7455,0,0,1364,8820,2.00% @ 55,https://www.calhr.ca.gov,,07/01/2014,,,,
2010,State Department,"Health Care Services, Department of",,"Pharmaceutical Consultant II, Department Of Health Services (Specialist)",,,,68076,98472,,104027,0,0,0,104027,19880,0,0,13704,33585,2.00% @ 55,https://www.calhr.ca.gov,,07/01/2014,,,,
2010,State Department,"Health Care Services, Department of",,"Administrative Law Judge II (Specialist), Department Of Social Services",,,,94296,114108,,104015,0,0,0,104015,19120,0,0,5288,24409,2.00% @ 55,https://www.calhr.ca.gov,,07/01/2014,,,,
2010,State Department,"Health Care Services, Department of",,Attorney IV,,,,101832,125724,,103899,0,0,0,103899,19925,0,0,13028,32953,2.00% @ 55,https://www.calhr.ca.gov,,07/01/2014,,,,
2010,State Department,"Health Care Services, Department of",,"Pharmaceutical Consultant II, Department Of Health Services (Supervisory)",,,,70116,93780,,103844,0,0,0,103844,19366,0,0,10844,30211,2.00% @ 55,https://www.calhr.ca.gov,,07/01/2014,,,,
2010,State Department,"Health Care Services, Department of",,"Pharmaceutical Consultant II, Department Of Health Services (Supervisory)",,,,70116,93780,,103557,0,0,0,103557,19366,0,0,10770,30137,2.00% @ 55,https://www.calhr.ca.gov,,07/01/2014,,,,
2010,State Department,"Health Care Services, Department of",,"Pharmaceutical Consultant II, Department Of Health Services (Supervisory)",,,,70116,93780,,103520,0,0,0,103520,19366,0,0,14084,33451,2.00% @ 55,https://www.calhr.ca.gov,,07/01/2014,,,,
2010,State Department,"Health Care Services, Department of",,"Pharmaceutical Consultant II, Department Of Health Services (Specialist)",,,,68076,98472,,103378,0,0,0,103378,19071,0,0,5312,24383,2.00% @ 55,https://www.calhr.ca.gov,,07/01/2014,,,,
2010,State Department,"Health Care Services, Department of",,"Pharmaceutical Consultant II, Department Of Health Services (Specialist)",,,,68076,98472,,101800,0,0,1564,103364,19029,0,0,5312,24341,2.00% @ 55,https://www.calhr.ca.gov,,07/01/2014,,,,
2010,State Department,"Health Care Services, Department of",,Data Processing Manager I,,,,63816,81468,,48375,0,42894,11709,102978,9904,0,0,1947,11851,2.00% @ 55,https://www.calhr.ca.gov,,07/01/2014,,,,
2010,State Department,"Health Care Services, Department of",,"Medical Consultant I, Department Of Health Services, Range C",,,,112776,154728,,101309,0,0,1403,102712,11444,0,0,1991,13434,2.00% @ 55,https://www.calhr.ca.gov,,07/01/2014,,,,
2010,State Department,"Health Care Services, Department of",,"Pharmaceutical Consultant II, Department Of Health Services (Supervisory)",,,,70116,93780,,102580,0,0,0,102580,19366,0,0,14084,33451,2.00% @ 55,https://www.calhr.ca.gov,,07/01/2014,,,,
2010,State Department,"Health Care Services, Department of",,"Administrative Law Judge, Department Of Health Services",,,,89928,108756,,102246,0,0,0,102246,18224,0,0,1991,20214,2.00% @ 55,https://www.calhr.ca.gov,,07/01/2014,,,,
2010,State Department,"Health Care Services, Department of",,"Administrative Law Judge II (Specialist), Department Of Social Services",,,,94296,114108,,102195,0,0,0,102195,18917,0,0,10052,28970,2.00% @ 55,https://www.calhr.ca.gov,,07/01/2014,,,,
2010,State Department,"Health Care Services, Department of",,"Pharmaceutical Consultant II, Department Of Health Services (Supervisory)",,,,70116,93780,,102070,0,0,0,102070,19366,0,0,14084,33451,2.00% @ 55,https://www.calhr.ca.gov,,07/01/2014,,,,
2010,State Department,"Health Care Services, Department of",,"Nurse Consultant III (Specialist), Range A",,,,71436,91728,,85142,0,16330,596,102069,16064,0,0,817,16881,2.00% @ 55,https://www.calhr.ca.gov,,07/01/2014,,,,
2010,State Department,"Health Care Services, Department of",,"Pharmaceutical Consultant II, Department Of Health Services (Supervisory)",,,,70116,93780,,101954,0,0,0,101954,19366,0,0,13932,33299,2.00% @ 55,https://www.calhr.ca.gov,,07/01/2014,,,,
2010,State Department,"Health Care Services, Department of",,"Pharmaceutical Consultant II, Department Of Health Services (Specialist)",,,,68076,98472,,101426,0,0,0,101426,19071,0,0,3276,22347,2.00% @ 55,https://www.calhr.ca.gov,,07/01/2014,,,,
2010,State Department,"Health Care Services, Department of",,"Pharmaceutical Consultant II, Department Of Health Services (Specialist)",,,,68076,98472,,101231,0,0,0,101231,18262,0,0,1991,20252,2.00% @ 55,https://www.calhr.ca.gov,,07/01/2014,,,,
2010,State Department,"Health Care Services, Department of",,"Pharmaceutical Consultant II, Department Of Health Services (Specialist)",,,,68076,98472,,101088,0,0,0,101088,19071,0,0,13628,32699,2.00% @ 55,https://www.calhr.ca.gov,,07/01/2014,,,,
2010,State Department,"Health Care Services, Department of",,Staff Services Manager I,,,,60948,73524,,67467,0,33420,0,100887,12717,0,0,6148,18865,2.00% @ 55,https://www.calhr.ca.gov,,07/01/2014,,,,
2010,State Department,"Health Care Services, Department of",,"Medical Consultant I, Department Of Health Services, Range C",,,,112776,154728,,100582,0,0,54,100636,0,0,0,2737,2737,Alternate Retirement Plan (ARP),https://www.calhr.ca.gov,,07/01/2014,,,,
2010,State Department,"Health Care Services, Department of",,"Health Program Audit Manager III, Department Of Health Services",,,,81876,94800,,77714,0,22573,0,100288,16094,0,0,15369,31463,2.00% @ 55,https://www.calhr.ca.gov,,07/01/2014,,,,
2010,State Department,"Health Care Services, Department of",,"C.E.A., Range 2",,,,74076,160572,,100037,0,0,0,100037,17709,0,0,14084,31794,2.00% @ 55,https://www.calhr.ca.gov,,07/01/2014,,,,
2010,State Department,"Health Care Services, Department of",,"Pharmaceutical Consultant II, Department Of Health Services (Supervisory)",,,,70116,93780,,100024,0,0,0,100024,18824,0,0,14084,32908,2.00% @ 55,https://www.calhr.ca.gov,,07/01/2014,,,,
2010,State Department,"Health Care Services, Department of",,"C.E.A., Range 3",,,,74076,160572,,99292,0,0,6,99298,18195,0,0,14084,32279,2.00% @ 55,https://www.calhr.ca.gov,,07/01/2014,,,,
2010,State Department,"Health Care Services, Department of",,"Medical Consultant I, Department Of Health Services, Range C",,,,112776,154728,,87480,0,1576,10046,99103,16578,0,0,4427,21005,2.00% @ 55,https://www.calhr.ca.gov,,07/01/2014,,,,
2010,State Department,"Health Care Services, Department of",,Attorney IV,,,,101832,125724,,98720,0,0,0,98720,18719,0,0,10052,28771,2.00% @ 55,https://www.calhr.ca.gov,,07/01/2014,,,,
2010,State Department,"Health Care Services, Department of",,"Nurse Consultant III (Specialist), Range P",,,,106188,129072,,98529,0,0,0,98529,17667,0,0,10844,28511,2.00% @ 55,https://www.calhr.ca.gov,,07/01/2014,,,,
2010,State Department,"Health Care Services, Department of",,"C.E.A., Range 3",,,,74076,160572,,98296,0,0,91,98387,18195,0,0,14084,32279,2.00% @ 55,https://www.calhr.ca.gov,,07/01/2014,,,,
2010,State Department,"Health Care Services, Department of",,"Administrative Law Judge II (Specialist), Department Of Social Services",,,,94296,114108,,98133,0,0,30,98163,19120,0,0,10052,29173,2.00% @ 55,https://www.calhr.ca.gov,,07/01/2014,,,,
2010,State Department,"Health Care Services, Department of",,"Attorney III, Range A",,,,92184,113736,,97985,0,0,0,97985,18025,0,0,5288,23313,2.00% @ 55,https://www.calhr.ca.gov,,07/01/2014,,,,
2010,State Department,"Health Care Services, Department of",,"C.E.A., Range 3",,,,74076,160572,,97983,0,0,0,97983,18195,0,0,12194,30389,2.00% @ 55,https://www.calhr.ca.gov,,07/01/2014,,,,
2010,State Department,"Health Care Services, Department of",,"C.E.A., Range 5",,,,74076,160572,,97953,0,0,0,97953,18413,0,0,10844,29257,2.00% @ 55,https://www.calhr.ca.gov,,07/01/2014,,,,
2010,State Department,"Health Care Services, Department of",,"Pharmaceutical Consultant II, Department Of Health Services (Specialist)",,,,68076,98472,,97659,0,0,0,97659,19315,0,0,13590,32905,2.00% @ 55,https://www.calhr.ca.gov,,07/01/2014,,,,
2010,State Department,"Health Care Services, Department of",,"Administrative Law Judge, Department Of Health Services",,,,89928,108756,,97323,0,0,30,97353,18224,0,0,10052,28276,2.00% @ 55,https://www.calhr.ca.gov,,07/01/2014,,,,
2010,State Department,"Health Care Services, Department of",,"Pharmaceutical Consultant I, Department Of Health Services",,,,62004,89508,,97236,0,0,0,97236,9644,0,0,1991,11634,2.00% @ 55,https://www.calhr.ca.gov,,07/01/2014,,,,
2010,State Department,"Health Care Services, Department of",,"C.E.A., Range 3",,,,74076,160572,,97096,0,0,0,97096,18195,0,0,14084,32279,2.00% @ 55,https://www.calhr.ca.gov,,07/01/2014,,,,
2010,State Department,"Health Care Services, Department of",,"Pharmaceutical Consultant I, Department Of Health Services",,,,62004,89508,,96936,0,0,0,96936,17378,0,0,2796,20174,2.00% @ 55,https://www.calhr.ca.gov,,07/01/2014,,,,
2010,State Department,"Health Care Services, Department of",,"Attorney III, Range A",,,,92184,113736,,96872,0,0,0,96872,18025,0,0,5288,23313,2.00% @ 55,https://www.calhr.ca.gov,,07/01/2014,,,,
2010,State Department,"Health Care Services, Department of",,"C.E.A., Range 3",,,,74076,160572,,95295,0,0,1503,96798,18495,0,0,14084,32579,2.00% @ 55,https://www.calhr.ca.gov,,07/01/2014,,,,
2010,State Department,"Health Care Services, Department of",,"Medical Consultant I, Department Of Health Services, Range C",,,,112776,154728,,97279,0,0,-592,96686,0,0,0,7366,7366,Alternate Retirement Plan (ARP),https://www.calhr.ca.gov,,07/01/2014,,,,
2010,State Department,"Health Care Services, Department of",,"Pharmaceutical Consultant I, Department Of Health Services",,,,62004,89508,,96526,0,0,0,96526,17292,0,0,1991,19282,2.00% @ 55,https://www.calhr.ca.gov,,07/01/2014,,,,
2010,State Department,"Health Care Services, Department of",,Research Program Specialist II,,,,63708,77412,,70002,0,26097,0,96100,13309,0,0,5797,19106,2.00% @ 55,https://www.calhr.ca.gov,,07/01/2014,,,,
2010,State Department,"Health Care Services, Department of",,"Administrative Law Judge, Department Of Health Services",,,,89928,108756,,95956,0,0,0,95956,18224,0,0,5288,23512,2.00% @ 55,https://www.calhr.ca.gov,,07/01/2014,,,,
2010,State Department,"Health Care Services, Department of",,"Administrative Law Judge, Department Of Health Services",,,,89928,108756,,95823,0,0,6,95829,18224,0,0,10052,28276,2.00% @ 55,https://www.calhr.ca.gov,,07/01/2014,,,,
2010,State Department,"Health Care Services, Department of",,"Administrative Law Judge, Department Of Health Services",,,,89928,108756,,95349,0,0,0,95349,18224,0,0,10052,28276,2.00% @ 55,https://www.calhr.ca.gov,,07/01/2014,,,,
2010,State Department,"Health Care Services, Department of",,"Administrative Law Judge, Department Of Health Services",,,,89928,108756,,94703,0,0,500,95203,18107,0,0,13028,31135,2.00% @ 55,https://www.calhr.ca.gov,,07/01/2014,,,,
2010,State Department,"Health Care Services, Department of",,"Pharmaceutical Consultant I, Department Of Health Services",,,,62004,89508,,94985,0,0,0,94985,17378,0,0,5312,22690,2.00% @ 55,https://www.calhr.ca.gov,,07/01/2014,,,,
2010,State Department,"Health Care Services, Department of",,"Pharmaceutical Consultant I, Department Of Health Services",,,,62004,89508,,94976,0,0,0,94976,17378,0,0,5312,22690,2.00% @ 55,https://www.calhr.ca.gov,,07/01/2014,,,,
2010,State Department,"Health Care Services, Department of",,"Attorney III, Range A",,,,92184,113736,,94863,0,0,0,94863,17797,0,0,10052,27849,1.25% @ 65,https://www.calhr.ca.gov,,07/01/2014,,,,
2010,State Department,"Health Care Services, Department of",,"Attorney III, Range A",,,,92184,113736,,94683,0,0,0,94683,18025,0,0,10052,28077,2.00% @ 55,https://www.calhr.ca.gov,,07/01/2014,,,,
2010,State Department,"Health Care Services, Department of",,"Attorney III, Range A",,,,92184,113736,,94603,0,0,0,94603,17857,0,0,13028,30885,2.00% @ 55,https://www.calhr.ca.gov,,07/01/2014,,,,
2010,State Department,"Health Care Services, Department of",,"Pharmaceutical Consultant I, Department Of Health Services",,,,62004,89508,,91292,0,0,3262,94554,17478,0,0,5312,22791,2.00% @ 55,https://www.calhr.ca.gov,,07/01/2014,,,,
2010,State Department,"Health Care Services, Department of",,"Pharmaceutical Consultant I, Department Of Health Services",,,,62004,89508,,94182,0,0,0,94182,6899,0,0,5312,12211,2.00% @ 55,https://www.calhr.ca.gov,,07/01/2014,,,,
2010,State Department,"Health Care Services, Department of",,Staff Services Manager I,,,,60948,73524,,68835,0,24787,500,94121,12876,0,0,6148,19024,2.00% @ 55,https://www.calhr.ca.gov,,07/01/2014,,,,
2010,State Department,"Health Care Services, Department of",,"Pharmaceutical Consultant I, Department Of Health Services",,,,62004,89508,,93996,0,0,0,93996,17378,0,0,5312,22690,2.00% @ 55,https://www.calhr.ca.gov,,07/01/2014,,,,
2010,State Department,"Health Care Services, Department of",,"Pharmaceutical Consultant I, Department Of Health Services",,,,62004,89508,,93996,0,0,0,93996,17378,0,0,5312,22690,2.00% @ 55,https://www.calhr.ca.gov,,07/01/2014,,,,
2010,State Department,"Health Care Services, Department of",,"Pharmaceutical Consultant I, Department Of Health Services",,,,62004,89508,,93897,0,0,0,93897,17336,0,0,5312,22649,2.00% @ 55,https://www.calhr.ca.gov,,07/01/2014,,,,
2010,State Department,"Health Care Services, Department of",,"Deputy Director, Office Of Public Affairs, Department Of Health Care Services",,,,105420,114024,,93680,0,0,0,93680,17809,0,0,14084,31894,2.00% @ 55,https://www.calhr.ca.gov,,07/01/2014,,,,
2010,State Department,"Health Care Services, Department of",,"Pharmaceutical Consultant I, Department Of Health Services",,,,62004,89508,,93626,0,0,0,93626,17378,0,0,10669,28047,2.00% @ 55,https://www.calhr.ca.gov,,07/01/2014,,,,
2010,State Department,"Health Care Services, Department of",,"Pharmaceutical Consultant I, Department Of Health Services",,,,62004,89508,,93606,0,0,0,93606,17378,0,0,5312,22690,2.00% @ 55,https://www.calhr.ca.gov,,07/01/2014,,,,
2010,State Department,"Health Care Services, Department of",,"Pharmaceutical Consultant I, Department Of Health Services",,,,62004,89508,,93455,0,0,0,93455,12222,0,0,5312,17534,2.00% @ 55,https://www.calhr.ca.gov,,07/01/2014,,,,
2010,State Department,"Health Care Services, Department of",,Accounting Administrator II,,,,66912,80724,,79236,0,14142,0,93378,14137,0,0,2156,16293,2.00% @ 55,https://www.calhr.ca.gov,,07/01/2014,,,,
2010,State Department,"Health Care Services, Department of",,"Pharmaceutical Consultant I, Department Of Health Services",,,,62004,89508,,93294,0,0,0,93294,17378,0,0,13628,31006,2.00% @ 55,https://www.calhr.ca.gov,,07/01/2014,,,,
2010,State Department,"Health Care Services, Department of",,"Pharmaceutical Consultant I, Department Of Health Services",,,,62004,89508,,93294,0,0,0,93294,17157,0,0,13628,30785,1.25% @ 65,https://www.calhr.ca.gov,,07/01/2014,,,,
2010,State Department,"Health Care Services, Department of",,"Attorney III, Range A",,,,92184,113736,,93253,0,0,0,93253,18025,0,0,13028,31053,2.00% @ 55,https://www.calhr.ca.gov,,07/01/2014,,,,
2010,State Department,"Health Care Services, Department of",,"Pharmaceutical Consultant I, Department Of Health Services",,,,62004,89508,,93143,0,0,0,93143,17378,0,0,13628,31006,2.00% @ 55,https://www.calhr.ca.gov,,07/01/2014,,,,
2010,State Department,"Health Care Services, Department of",,"Attorney III, Range A",,,,92184,113736,,92883,0,0,0,92883,17108,0,0,5288,22396,2.00% @ 55,https://www.calhr.ca.gov,,07/01/2014,,,,
2010,State Department,"Health Care Services, Department of",,"Pharmaceutical Consultant I, Department Of Health Services",,,,62004,89508,,92859,0,0,0,92859,17157,0,0,5312,22469,1.25% @ 65,https://www.calhr.ca.gov,,07/01/2014,,,,
2010,State Department,"Health Care Services, Department of",,"Pharmaceutical Consultant I, Department Of Health Services",,,,62004,89508,,92847,0,0,0,92847,17378,0,0,10400,27778,2.00% @ 55,https://www.calhr.ca.gov,,07/01/2014,,,,
2010,State Department,"Health Care Services, Department of",,"Pharmaceutical Consultant I, Department Of Health Services",,,,62004,89508,,92847,0,0,0,92847,17378,0,0,10400,27778,2.00% @ 55,https://www.calhr.ca.gov,,07/01/2014,,,,
2010,State Department,"Health Care Services, Department of",,"Pharmaceutical Consultant I, Department Of Health Services",,,,62004,89508,,92847,0,0,0,92847,17378,0,0,10400,27778,2.00% @ 55,https://www.calhr.ca.gov,,07/01/2014,,,,
2010,State Department,"Health Care Services, Department of",,"Attorney III, Range A",,,,92184,113736,,92816,0,0,0,92816,18025,0,0,13028,31053,2.00% @ 55,https://www.calhr.ca.gov,,07/01/2014,,,,
2010,State Department,"Health Care Services, Department of",,"Pharmaceutical Consultant I, Department Of Health Services",,,,62004,89508,,92626,0,0,0,92626,17051,0,0,5312,22363,2.00% @ 55,https://www.calhr.ca.gov,,07/01/2014,,,,
2010,State Department,"Health Care Services, Department of",,"Pharmaceutical Consultant I, Department Of Health Services",,,,62004,89508,,92622,0,0,0,92622,17378,0,0,5312,22690,2.00% @ 55,https://www.calhr.ca.gov,,07/01/2014,,,,
2010,State Department,"Health Care Services, Department of",,Data Processing Manager IV,,,,93900,108708,,92257,0,0,209,92466,17430,0,0,10844,28274,2.00% @ 55,https://www.calhr.ca.gov,,07/01/2014,,,,
2010,State Department,"Health Care Services, Department of",,"Health Program Audit Manager II, Department Of Health Services",,,,67368,85320,,43584,0,48881,0,92466,7219,0,0,1744,8964,2.00% @ 55,https://www.calhr.ca.gov,,07/01/2014,,,,
2010,State Department,"Health Care Services, Department of",,"C.E.A., Range 3",,,,74076,160572,,91928,0,0,66,91994,17265,0,0,14084,31349,2.00% @ 55,https://www.calhr.ca.gov,,07/01/2014,,,,
2010,State Department,"Health Care Services, Department of",,"Senior Information Systems Analyst (Specialist), Range A",,,,66852,85308,,28296,0,63642,0,91939,5180,0,0,4049,9230,2.00% @ 55,https://www.calhr.ca.gov,,07/01/2014,,,,
2010,State Department,"Health Care Services, Department of",,"Pharmaceutical Consultant I, Department Of Health Services",,,,62004,89508,,91887,0,0,0,91887,17263,0,0,13590,30853,2.00% @ 55,https://www.calhr.ca.gov,,07/01/2014,,,,
2010,State Department,"Health Care Services, Department of",,"C.E.A., Range 4",,,,74076,160572,,91886,0,0,0,91886,0,0,0,,0,,https://www.calhr.ca.gov,,07/01/2014,,,,
2010,State Department,"Health Care Services, Department of",,"Attorney III, Range A",,,,92184,113736,,91812,0,0,24,91836,16910,0,0,5288,22199,2.00% @ 55,https://www.calhr.ca.gov,,07/01/2014,,,,
2010,State Department,"Health Care Services, Department of",,"Pharmaceutical Consultant I, Department Of Health Services",,,,62004,89508,,91822,0,0,0,91822,17378,0,0,13628,31006,2.00% @ 55,https://www.calhr.ca.gov,,07/01/2014,,,,
2010,State Department,"Health Care Services, Department of",,"Medical Consultant II, Department Of Health Services, Range C",,,,115440,158388,,64216,0,3115,24189,91521,10654,0,0,1825,12478,2.00% @ 55,https://www.calhr.ca.gov,,07/01/2014,,,,
2010,State Department,"Health Care Services, Department of",,"Administrative Law Judge, Department Of Health Services",,,,89928,108756,,91380,0,0,0,91380,16973,0,0,5288,22262,2.00% @ 55,https://www.calhr.ca.gov,,07/01/2014,,,,
2010,State Department,"Health Care Services, Department of",,"C.E.A., Range 3",,,,74076,160572,,91191,0,0,0,91191,17012,0,0,14084,31097,2.00% @ 55,https://www.calhr.ca.gov,,07/01/2014,,,,
2010,State Department,"Health Care Services, Department of",,"Pharmaceutical Consultant I, Department Of Health Services",,,,62004,89508,,91133,0,0,0,91133,17378,0,0,13628,31006,2.00% @ 55,https://www.calhr.ca.gov,,07/01/2014,,,,
2010,State Department,"Health Care Services, Department of",,"Pharmaceutical Consultant I, Department Of Health Services",,,,62004,89508,,91133,0,0,0,91133,17378,0,0,13628,31006,2.00% @ 55,https://www.calhr.ca.gov,,07/01/2014,,,,
2010,State Department,"Health Care Services, Department of",,"Staff Information Systems Analyst (Specialist), Range A",,,,60780,77592,,62531,22063,0,6296,90890,13503,0,0,13625,27127,2.00% @ 55,https://www.calhr.ca.gov,,07/01/2014,,,,
2010,State Department,"Health Care Services, Department of",,"Attorney III, Range A",,,,92184,113736,,90482,0,0,0,90482,16981,0,0,10052,27033,2.00% @ 55,https://www.calhr.ca.gov,,07/01/2014,,,,
2010,State Department,"Health Care Services, Department of",,"Attorney III, Range A",,,,92184,113736,,90467,0,0,0,90467,16910,0,0,5288,22199,2.00% @ 55,https://www.calhr.ca.gov,,07/01/2014,,,,
2010,State Department,"Health Care Services, Department of",,"C.E.A., Range 3",,,,74076,160572,,90427,0,0,0,90427,16905,0,0,5636,22541,2.00% @ 55,https://www.calhr.ca.gov,,07/01/2014,,,,
2010,State Department,"Health Care Services, Department of",,"Pharmaceutical Consultant I, Department Of Health Services",,,,62004,89508,,90105,0,0,0,90105,16643,0,0,5312,21955,2.00% @ 55,https://www.calhr.ca.gov,,07/01/2014,,,,
2010,State Department,"Health Care Services, Department of",,"Health Program Auditor IV, Department Of Health Services",,,,57996,74016,,40478,0,49459,0,89937,4697,0,0,5868,10566,,https://www.calhr.ca.gov,,07/01/2014,,,,
2010,State Department,"Health Care Services, Department of",,"Pharmaceutical Consultant I, Department Of Health Services",,,,62004,89508,,89919,0,0,0,89919,16643,0,0,5312,21955,2.00% @ 55,https://www.calhr.ca.gov,,07/01/2014,,,,
2010,State Department,"Health Care Services, Department of",,"Pharmaceutical Consultant I, Department Of Health Services",,,,62004,89508,,89914,0,0,0,89914,9644,0,0,12680,22324,2.00% @ 55,https://www.calhr.ca.gov,,07/01/2014,,,,
2010,State Department,"Health Care Services, Department of",,"Pharmaceutical Consultant I, Department Of Health Services",,,,62004,89508,,89534,0,0,0,89534,16429,0,0,1991,18419,2.00% @ 55,https://www.calhr.ca.gov,,07/01/2014,,,,
2010,State Department,"Health Care Services, Department of",,"Attorney III, Range A",,,,92184,113736,,89467,0,0,0,89467,16720,0,0,10052,26772,2.00% @ 55,https://www.calhr.ca.gov,,07/01/2014,,,,
2010,State Department,"Health Care Services, Department of",,"C.E.A., Range 3",,,,74076,160572,,89382,0,0,0,89382,16928,0,0,14084,31012,2.00% @ 55,https://www.calhr.ca.gov,,07/01/2014,,,,
2010,State Department,"Health Care Services, Department of",,"Fraud Investigator, Department Of Health Services, Range C",,,,58656,74328,,63691,18620,0,6882,89193,19747,0,0,12752,32500,3.00% @ 50,https://www.calhr.ca.gov,,07/01/2014,,,,
2010,State Department,"Health Care Services, Department of",,"C.E.A., Range 1",,,,74076,160572,,88663,0,0,0,88663,16010,0,0,3526,19536,2.00% @ 55,https://www.calhr.ca.gov,,07/01/2014,,,,
2010,State Department,"Health Care Services, Department of",,"C.E.A., Range 3",,,,74076,160572,,88643,0,0,0,88643,16492,0,0,14084,30576,2.00% @ 55,https://www.calhr.ca.gov,,07/01/2014,,,,
2010,State Department,"Health Care Services, Department of",,"Associate Life Actuary, Range A",,,Research Program Specialist II,84444,102660,,87729,0,0,902,88631,15860,0,0,3089,18949,2.00% @ 55,https://www.calhr.ca.gov,,07/01/2014,,,,
2010,State Department,"Health Care Services, Department of",,"Attorney III, Range A",,,,92184,113736,,88220,0,0,0,88220,15761,0,0,2796,18557,2.00% @ 55,https://www.calhr.ca.gov,,07/01/2014,,,,
2010,State Department,"Health Care Services, Department of",,"Pharmaceutical Consultant I, Department Of Health Services",,,,62004,89508,,88081,0,0,0,88081,16643,0,0,10400,27043,2.00% @ 55,https://www.calhr.ca.gov,,07/01/2014,,,,
2010,State Department,"Health Care Services, Department of",,"Pharmaceutical Consultant I, Department Of Health Services",,,,62004,89508,,88058,0,0,0,88058,8857,0,0,1991,10848,2.00% @ 55,https://www.calhr.ca.gov,,07/01/2014,,,,
2010,State Department,"Health Care Services, Department of",,Data Processing Manager IV,,,,93900,108708,,88019,0,0,0,88019,16909,0,0,14084,30994,2.00% @ 55,https://www.calhr.ca.gov,,07/01/2014,,,,
2010,State Department,"Health Care Services, Department of",,"Pharmaceutical Consultant I, Department Of Health Services",,,,62004,89508,,87969,0,0,0,87969,15998,0,0,5312,21311,2.00% @ 55,https://www.calhr.ca.gov,,07/01/2014,,,,
2010,State Department,"Health Care Services, Department of",,"C.E.A., Range 2",,,,74076,160572,,87898,0,0,0,87898,16365,0,0,5636,22001,2.00% @ 55,https://www.calhr.ca.gov,,07/01/2014,,,,
2010,State Department,"Health Care Services, Department of",,"Attorney III, Range A",,,,92184,113736,,87283,0,0,500,87783,15761,0,0,2927,18688,2.00% @ 55,https://www.calhr.ca.gov,,07/01/2014,,,,
2010,State Department,"Health Care Services, Department of",,"Associate Life Actuary, Range A",,,,84444,102660,,87704,0,0,0,87704,16427,0,0,10403,26830,2.00% @ 55,https://www.calhr.ca.gov,,07/01/2014,,,,
2010,State Department,"Health Care Services, Department of",,Staff Services Manager III,,,,81348,89688,,76401,0,0,10917,87318,15618,0,0,5216,20834,2.00% @ 55,https://www.calhr.ca.gov,,07/01/2014,,,,
2010,State Department,"Health Care Services, Department of",,"Fraud Investigator, Department Of Health Services, Range C",,,,58656,74328,,69725,0,16675,780,87180,19307,0,0,5430,24737,3.00% @ 50,https://www.calhr.ca.gov,,07/01/2014,,,,
2010,State Department,"Health Care Services, Department of",,"Attorney III, Range A",,,,92184,113736,,87097,0,0,0,87097,16053,0,0,5288,21341,2.00% @ 55,https://www.calhr.ca.gov,,07/01/2014,,,,
2010,State Department,"Health Care Services, Department of",,"C.E.A., Range 2",,,,74076,160572,,87044,0,0,0,87044,16544,0,0,10844,27388,2.00% @ 55,https://www.calhr.ca.gov,,07/01/2014,,,,
2010,State Department,"Health Care Services, Department of",,"C.E.A., Range 2",,,,74076,160572,,86895,0,0,0,86895,16544,0,0,14084,30628,2.00% @ 55,https://www.calhr.ca.gov,,07/01/2014,,,,
2010,State Department,"Health Care Services, Department of",,"Pharmaceutical Consultant I, Department Of Health Services",,,,62004,89508,,86693,0,0,0,86693,16643,0,0,13628,30271,2.00% @ 55,https://www.calhr.ca.gov,,07/01/2014,,,,
2010,State Department,"Health Care Services, Department of",,"C.E.A., Range 1",,,,74076,160572,,86586,0,0,0,86586,15807,0,0,5636,21444,1.25% @ 65,https://www.calhr.ca.gov,,07/01/2014,,,,
2010,State Department,"Health Care Services, Department of",,"C.E.A., Range 2",,,,74076,160572,,86206,0,0,0,86206,16544,0,0,14084,30628,2.00% @ 55,https://www.calhr.ca.gov,,07/01/2014,,,,
2010,State Department,"Health Care Services, Department of",,"Pharmaceutical Consultant I, Department Of Health Services",,,,62004,89508,,82070,0,0,3987,86057,6899,0,0,12364,19263,2.00% @ 55,https://www.calhr.ca.gov,,07/01/2014,,,,
2010,State Department,"Health Care Services, Department of",,"Pharmaceutical Consultant I, Department Of Health Services",,,,62004,89508,,86002,0,0,0,86002,16643,0,0,5312,21955,2.00% @ 55,https://www.calhr.ca.gov,,07/01/2014,,,,
2010,State Department,"Health Care Services, Department of",,Data Processing Manager III,,,,85416,98868,,85632,0,0,190,85822,15837,0,0,6938,22775,2.00% @ 55,https://www.calhr.ca.gov,,07/01/2014,,,,
2010,State Department,"Health Care Services, Department of",,Data Processing Manager III,,,,85416,98868,,85458,0,0,0,85458,15817,0,0,14084,29902,2.00% @ 55,https://www.calhr.ca.gov,,07/01/2014,,,,
2010,State Department,"Health Care Services, Department of",,"Nurse Consultant III (Specialist), Range A",,,,71436,91728,,85302,0,0,110,85412,15816,0,0,8852,24668,2.00% @ 55,https://www.calhr.ca.gov,,07/01/2014,,,,
2010,State Department,"Health Care Services, Department of",,"C.E.A., Range 2",,,,74076,160572,,85090,0,0,278,85368,23515,0,0,12734,36249,3.00% @ 50,https://www.calhr.ca.gov,,07/01/2014,,,,
2010,State Department,"Health Care Services, Department of",,"Fraud Investigator, Department Of Health Services, Range C",,,,58656,74328,,64670,0,20098,0,84767,18560,0,0,10591,29151,3.00% @ 50,https://www.calhr.ca.gov,,07/01/2014,,,,
2010,State Department,"Health Care Services, Department of",,"C.E.A., Range 3",,,,74076,160572,,84743,0,0,0,84743,16159,0,0,10844,27004,2.00% @ 55,https://www.calhr.ca.gov,,07/01/2014,,,,
2010,State Department,"Health Care Services, Department of",,"Supervising Fraud Investigator I, Department Of Health Services",,,,64428,81624,,82579,0,0,2071,84650,23573,0,0,11832,35405,3.00% @ 50,https://www.calhr.ca.gov,,07/01/2014,,,,
2010,State Department,"Health Care Services, Department of",,Data Processing Manager III,,,,85416,98868,,83770,0,0,690,84461,15852,0,0,10844,26696,2.00% @ 55,https://www.calhr.ca.gov,,07/01/2014,,,,
2010,State Department,"Health Care Services, Department of",,Data Processing Manager III,,,,85416,98868,,84202,0,0,0,84202,15820,0,0,14084,29904,2.00% @ 55,https://www.calhr.ca.gov,,07/01/2014,,,,
2010,State Department,"Health Care Services, Department of",,Systems Software Specialist III (Supervisory),,,,76992,98244,,83340,0,0,0,83340,15464,0,0,14084,29549,2.00% @ 55,https://www.calhr.ca.gov,,07/01/2014,,,,
2010,State Department,"Health Care Services, Department of",,"Nurse Consultant III (Specialist), Range A",,,,71436,91728,,83311,0,0,0,83311,14857,0,0,1991,16847,2.00% @ 55,https://www.calhr.ca.gov,,07/01/2014,,,,
2010,State Department,"Health Care Services, Department of",,Data Processing Manager III,,,,85416,98868,,83231,0,0,60,83291,15820,0,0,14084,29904,2.00% @ 55,https://www.calhr.ca.gov,,07/01/2014,,,,
2010,State Department,"Health Care Services, Department of",,"Attorney III, Range A",,,,92184,113736,,83233,0,0,0,83233,15627,0,0,13028,28655,2.00% @ 55,https://www.calhr.ca.gov,,07/01/2014,,,,
2010,State Department,"Health Care Services, Department of",,"Attorney III, Range A",,,,92184,113736,,83210,0,0,0,83210,15627,0,0,13028,28655,2.00% @ 55,https://www.calhr.ca.gov,,07/01/2014,,,,
2010,State Department,"Health Care Services, Department of",,"Nurse Evaluator II, Health Services",,,,59004,75228,,67680,1623,13851,0,83155,13411,0,0,5796,19207,2.00% @ 55,https://www.calhr.ca.gov,,07/01/2014,,,,
2010,State Department,"Health Care Services, Department of",,"Supervising Fraud Investigator II, Department Of Health Services",,,,72696,92148,,82286,0,0,845,83131,23214,0,0,14084,37298,3.00% @ 50,https://www.calhr.ca.gov,,07/01/2014,,,,
2010,State Department,"Health Care Services, Department of",,"Fraud Investigator, Department Of Health Services, Range B",,,,53448,67572,,48193,33368,0,1543,83103,13748,0,0,13751,27499,3.00% @ 50,https://www.calhr.ca.gov,,07/01/2014,,,,
2010,State Department,"Health Care Services, Department of",,"Medical Program Consultant, Department Of Health Services",,,,140064,162444,,82748,0,0,0,82748,14346,0,0,9390,23736,2.00% @ 55,https://www.calhr.ca.gov,,07/01/2014,,,,
2010,State Department,"Health Care Services, Department of",,Supervising Life Actuary,,,,104100,125928,,82109,0,0,524,82633,16057,0,0,14084,30141,2.00% @ 55,https://www.calhr.ca.gov,,07/01/2014,,,,
2010,State Department,"Health Care Services, Department of",,"Consulting Optometrist II, Department Of Health Services",,,,76524,100548,,82608,0,0,0,82608,15847,0,0,13628,29476,2.00% @ 55,https://www.calhr.ca.gov,,07/01/2014,,,,
2010,State Department,"Health Care Services, Department of",,"Nurse Consultant III (Specialist), Range A",,,,71436,91728,,81808,0,0,668,82476,14678,0,0,1991,16668,2.00% @ 55,https://www.calhr.ca.gov,,07/01/2014,,,,
2010,State Department,"Health Care Services, Department of",,"Fraud Investigator, Department Of Health Services, Range C",,,,58656,74328,,70877,10744,0,816,82437,20230,0,0,12752,32983,3.00% @ 50,https://www.calhr.ca.gov,,07/01/2014,,,,
2010,State Department,"Health Care Services, Department of",,"Nurse Consultant III (Specialist), Range A",,,,71436,91728,,82348,0,0,0,82348,14678,0,0,3299,17976,2.00% @ 55,https://www.calhr.ca.gov,,07/01/2014,,,,
2010,State Department,"Health Care Services, Department of",,"Nurse Evaluator II, Health Services",,,,59004,75228,,52171,0,30039,0,82210,9283,0,0,8667,17950,2.00% @ 55,https://www.calhr.ca.gov,,07/01/2014,,,,
2010,State Department,"Health Care Services, Department of",,"Attorney III, Range A",,,,92184,113736,,81596,0,0,505,82101,15695,0,0,13028,28723,2.00% @ 55,https://www.calhr.ca.gov,,07/01/2014,,,,
2010,State Department,"Health Care Services, Department of",,Data Processing Manager III,,,,85416,98868,,82023,0,0,0,82023,15277,0,0,14084,29362,2.00% @ 55,https://www.calhr.ca.gov,,07/01/2014,,,,
2010,State Department,"Health Care Services, Department of",,"Nurse Consultant III (Specialist), Range A",,,,71436,91728,,81628,0,0,0,81628,14678,0,0,1991,16668,2.00% @ 55,https://www.calhr.ca.gov,,07/01/2014,,,,
2010,State Department,"Health Care Services, Department of",,Data Processing Manager III,,,,85416,98868,,80779,0,0,500,81279,15458,0,0,14084,29542,2.00% @ 55,https://www.calhr.ca.gov,,07/01/2014,,,,
2010,State Department,"Health Care Services, Department of",,Staff Services Manager III,,,,81348,89688,,81039,0,0,0,81039,14427,0,0,2737,17164,2.00% @ 55,https://www.calhr.ca.gov,,07/01/2014,,,,
2010,State Department,"Health Care Services, Department of",,Systems Software Specialist III (Technical),,,,73320,93552,,81038,0,0,0,81038,0,0,0,5055,5055,Alternate Retirement Plan (ARP),https://www.calhr.ca.gov,,07/01/2014,,,,
2010,State Department,"Health Care Services, Department of",,"Attorney III, Range A",,,,92184,113736,,80981,0,0,0,80981,14774,0,0,5288,20062,2.00% @ 55,https://www.calhr.ca.gov,,07/01/2014,,,,
2010,State Department,"Health Care Services, Department of",,Staff Services Manager I,,,,60948,73524,,59005,0,20728,1008,80741,10656,0,0,2998,13654,2.00% @ 55,https://www.calhr.ca.gov,,07/01/2014,,,,
2010,State Department,"Health Care Services, Department of",,Data Processing Manager II,,,,70188,89568,,80446,0,0,0,80446,14332,0,0,3526,17858,2.00% @ 55,https://www.calhr.ca.gov,,07/01/2014,,,,
2010,State Department,"Health Care Services, Department of",,"Health Program Audit Manager II, Department Of Health Services",,,,67368,85320,,32044,0,48384,0,80428,5639,0,0,2818,8457,2.00% @ 55,https://www.calhr.ca.gov,,07/01/2014,,,,
2010,State Department,"Health Care Services, Department of",,Staff Services Manager III,,,,81348,89688,,80041,0,0,0,80041,14300,0,0,2990,17291,2.00% @ 55,https://www.calhr.ca.gov,,07/01/2014,,,,
2010,State Department,"Health Care Services, Department of",,"Nurse Consultant III (Supervisor), Range A",,,,67368,87348,,79965,0,0,6,79971,14644,0,0,5501,20145,2.00% @ 55,https://www.calhr.ca.gov,,07/01/2014,,,,
2010,State Department,"Health Care Services, Department of",,"C.E.A., Range 1",,,,74076,160572,,79882,0,0,0,79882,14962,0,0,10844,25806,2.00% @ 55,https://www.calhr.ca.gov,,07/01/2014,,,,
2010,State Department,"Health Care Services, Department of",,"Nurse Consultant III (Specialist), Range A",,,,71436,91728,,79317,0,0,0,79317,14240,0,0,1991,16231,2.00% @ 55,https://www.calhr.ca.gov,,07/01/2014,,,,
2010,State Department,"Health Care Services, Department of",,"Nurse Consultant III (Specialist), Range A",,,,71436,91728,,79205,0,0,0,79205,14678,0,0,10400,25078,2.00% @ 55,https://www.calhr.ca.gov,,07/01/2014,,,,
2010,State Department,"Health Care Services, Department of",,"Nurse Consultant III (Specialist), Range A",,,,71436,91728,,79205,0,0,0,79205,14678,0,0,10400,25078,2.00% @ 55,https://www.calhr.ca.gov,,07/01/2014,,,,
2010,State Department,"Health Care Services, Department of",,"C.E.A., Range 1",,,,74076,160572,,79191,0,0,0,79191,15144,0,0,14084,29228,2.00% @ 55,https://www.calhr.ca.gov,,07/01/2014,,,,
2010,State Department,"Health Care Services, Department of",,"Pharmaceutical Consultant I, Department Of Health Services",,,,62004,89508,,79055,0,0,0,79055,14435,0,0,13628,28064,2.00% @ 55,https://www.calhr.ca.gov,,07/01/2014,,,,
2010,State Department,"Health Care Services, Department of",,"Nurse Consultant III (Specialist), Range A",,,,71436,91728,,78928,0,0,0,78928,14678,0,0,2796,17473,2.00% @ 55,https://www.calhr.ca.gov,,07/01/2014,,,,
2010,State Department,"Health Care Services, Department of",,Data Processing Manager II,,,,70188,89568,,78646,0,0,0,78646,14332,0,0,3526,17858,2.00% @ 55,https://www.calhr.ca.gov,,07/01/2014,,,,
2010,State Department,"Health Care Services, Department of",,Staff Services Manager III,,,,81348,89688,,78641,0,0,0,78641,14351,0,0,4202,18553,2.00% @ 55,https://www.calhr.ca.gov,,07/01/2014,,,,
2010,State Department,"Health Care Services, Department of",,Data Processing Manager III,,,,85416,98868,,78593,0,0,0,78593,13989,0,0,1891,15880,2.00% @ 55,https://www.calhr.ca.gov,,07/01/2014,,,,
2010,State Department,"Health Care Services, Department of",,"Fraud Investigator, Department Of Health Services, Range C",,,,58656,74328,,63029,11037,0,4441,78508,18949,0,0,10259,29207,3.00% @ 50,https://www.calhr.ca.gov,,07/01/2014,,,,
2010,State Department,"Health Care Services, Department of",,"Supervising Fraud Investigator I, Department Of Health Services",,,,64428,81624,,78286,0,0,0,78286,21366,0,0,5636,27002,3.00% @ 50,https://www.calhr.ca.gov,,07/01/2014,,,,
2010,State Department,"Health Care Services, Department of",,"Nurse Consultant III (Specialist), Range A",,,,71436,91728,,78259,0,0,0,78259,14678,0,0,10400,25078,2.00% @ 55,https://www.calhr.ca.gov,,07/01/2014,,,,
2010,State Department,"Health Care Services, Department of",,"C.E.A., Range 3",,,,74076,160572,,77674,0,0,500,78174,15086,0,0,14084,29170,2.00% @ 55,https://www.calhr.ca.gov,,07/01/2014,,,,
2010,State Department,"Health Care Services, Department of",,"Nurse Consultant III (Specialist), Range A",,,,71436,91728,,78122,0,0,0,78122,14678,0,0,5312,19990,2.00% @ 55,https://www.calhr.ca.gov,,07/01/2014,,,,
2010,State Department,"Health Care Services, Department of",,"Nurse Consultant III (Specialist), Range A",,,,71436,91728,,77991,0,0,0,77991,13886,0,0,2313,16199,2.00% @ 55,https://www.calhr.ca.gov,,07/01/2014,,,,
2010,State Department,"Health Care Services, Department of",,Data Processing Manager II,,,,70188,89568,,77969,0,0,0,77969,14332,0,0,5636,19968,2.00% @ 55,https://www.calhr.ca.gov,,07/01/2014,,,,
2010,State Department,"Health Care Services, Department of",,"Nurse Consultant III (Specialist), Range A",,,,71436,91728,,77940,0,0,0,77940,14678,0,0,5312,19990,2.00% @ 55,https://www.calhr.ca.gov,,07/01/2014,,,,
2010,State Department,"Health Care Services, Department of",,"Systems Software Specialist II (Technical), Range A",,,,66732,85164,,77886,0,0,0,77886,13627,0,0,5313,18941,2.00% @ 55,https://www.calhr.ca.gov,,07/01/2014,,,,
2010,State Department,"Health Care Services, Department of",,"Nurse Consultant III (Specialist), Range A",,,,71436,91728,,77864,0,0,0,77864,14678,0,0,12283,26961,2.00% @ 55,https://www.calhr.ca.gov,,07/01/2014,,,,
2010,State Department,"Health Care Services, Department of",,Staff Services Manager III,,,,81348,89688,,77821,0,0,0,77821,14351,0,0,9108,23459,2.00% @ 55,https://www.calhr.ca.gov,,07/01/2014,,,,
2010,State Department,"Health Care Services, Department of",,"Consulting Optometrist I, Department Of Health Services",,,,69624,91440,,77756,0,0,0,77756,14412,0,0,5312,19724,2.00% @ 55,https://www.calhr.ca.gov,,07/01/2014,,,,
2010,State Department,"Health Care Services, Department of",,Senior Information Systems Analyst (Supervisor),,,,70200,89580,,77572,0,0,172,77745,14363,0,0,10844,25207,2.00% @ 55,https://www.calhr.ca.gov,,07/01/2014,,,,
2010,State Department,"Health Care Services, Department of",,"Nurse Consultant III (Specialist), Range A",,,,71436,91728,,77402,0,0,0,77402,14678,0,0,5312,19990,2.00% @ 55,https://www.calhr.ca.gov,,07/01/2014,,,,
2010,State Department,"Health Care Services, Department of",,Staff Services Manager III,,,,81348,89688,,77280,0,0,0,77280,14309,0,0,14084,28393,2.00% @ 55,https://www.calhr.ca.gov,,07/01/2014,,,,
2010,State Department,"Health Care Services, Department of",,Research Program Specialist II,,,,63708,77412,,74840,0,0,2400,77240,13516,0,0,1916,15432,2.00% @ 55,https://www.calhr.ca.gov,,07/01/2014,,,,
2010,State Department,"Health Care Services, Department of",,Staff Services Manager III,,,,81348,89688,,77155,0,0,0,77155,14300,0,0,5636,19937,2.00% @ 55,https://www.calhr.ca.gov,,07/01/2014,,,,
2010,State Department,"Health Care Services, Department of",,Staff Services Manager III,,,,81348,89688,,77137,0,0,0,77137,14351,0,0,14084,28435,2.00% @ 55,https://www.calhr.ca.gov,,07/01/2014,,,,
2010,State Department,"Health Care Services, Department of",,Data Processing Manager II,,,,70188,89568,,77032,0,0,0,77032,14332,0,0,14084,28416,2.00% @ 55,https://www.calhr.ca.gov,,07/01/2014,,,,
2010,State Department,"Health Care Services, Department of",,"Nurse Consultant III (Specialist), Range A",,,,71436,91728,,76995,0,0,0,76995,14678,0,0,9322,24000,2.00% @ 55,https://www.calhr.ca.gov,,07/01/2014,,,,
2010,State Department,"Health Care Services, Department of",,Data Processing Manager II,,,,70188,89568,,76963,0,0,0,76963,14332,0,0,5636,19968,2.00% @ 55,https://www.calhr.ca.gov,,07/01/2014,,,,
2010,State Department,"Health Care Services, Department of",,Systems Software Specialist III (Technical),,,,73320,93552,,76947,0,0,0,76947,0,0,0,10995,10995,2.00% @ 55,https://www.calhr.ca.gov,,07/01/2014,,,,
2010,State Department,"Health Care Services, Department of",,"Associate Information Systems Analyst (Specialist), Range A",,,,55428,70764,,31687,0,45250,0,76937,6069,0,0,3099,9169,2.00% @ 55,https://www.calhr.ca.gov,,07/01/2014,,,,
2010,State Department,"Health Care Services, Department of",,"Supervising Fraud Investigator I, Department Of Health Services",,,,64428,81624,,73206,0,0,3633,76839,20906,0,0,5636,26542,3.00% @ 50,https://www.calhr.ca.gov,,07/01/2014,,,,
2010,State Department,"Health Care Services, Department of",,"Nurse Evaluator IV, Health Services",,,,64548,83712,,76788,0,0,0,76788,13613,0,0,1991,15603,2.00% @ 55,https://www.calhr.ca.gov,,07/01/2014,,,,
2010,State Department,"Health Care Services, Department of",,Staff Services Manager III,,,,81348,89688,,76717,0,0,66,76783,14334,0,0,10844,25178,2.00% @ 55,https://www.calhr.ca.gov,,07/01/2014,,,,
2010,State Department,"Health Care Services, Department of",,Staff Services Manager III,,,,81348,89688,,76776,0,0,0,76776,14251,0,0,5636,19887,2.00% @ 55,https://www.calhr.ca.gov,,07/01/2014,,,,
2010,State Department,"Health Care Services, Department of",,"Nurse Consultant III (Specialist), Range A",,,,71436,91728,,76699,0,0,0,76699,14678,0,0,10400,25078,2.00% @ 55,https://www.calhr.ca.gov,,07/01/2014,,,,
2010,State Department,"Health Care Services, Department of",,Senior Information Systems Analyst (Supervisor),,,,70200,89580,,76547,0,0,0,76547,14334,0,0,10844,25178,2.00% @ 55,https://www.calhr.ca.gov,,07/01/2014,,,,
2010,State Department,"Health Care Services, Department of",,"Nurse Consultant III (Supervisor), Range A",,,,67368,87348,,76515,0,0,0,76515,14631,0,0,14084,28715,2.00% @ 55,https://www.calhr.ca.gov,,07/01/2014,,,,
2010,State Department,"Health Care Services, Department of",,"Health Program Audit Manager III, Department Of Health Services",,,,81876,94800,,76511,0,0,0,76511,14795,0,0,10844,25639,2.00% @ 55,https://www.calhr.ca.gov,,07/01/2014,,,,
2010,State Department,"Health Care Services, Department of",,"Attorney, Range D",,,,76164,93936,,76478,0,0,0,76478,14233,0,0,5288,19521,2.00% @ 55,https://www.calhr.ca.gov,,07/01/2014,,,,
2010,State Department,"Health Care Services, Department of",,Staff Services Manager III,,,,81348,89688,,76417,0,0,0,76417,14283,0,0,10844,25128,2.00% @ 55,https://www.calhr.ca.gov,,07/01/2014,,,,
2010,State Department,"Health Care Services, Department of",,"Systems Software Specialist II (Technical), Range A",,,,66732,85164,,76407,0,0,0,76407,13627,0,0,1811,15438,2.00% @ 55,https://www.calhr.ca.gov,,07/01/2014,,,,
2010,State Department,"Health Care Services, Department of",,"Fraud Investigator, Department Of Health Services, Range C",,,,58656,74328,,75324,576,0,504,76404,20712,0,0,5012,25724,3.00% @ 50,https://www.calhr.ca.gov,,07/01/2014,,,,
2010,State Department,"Health Care Services, Department of",,Data Processing Manager III,,,,85416,98868,,76366,0,0,0,76366,14776,0,0,14084,28861,2.00% @ 55,https://www.calhr.ca.gov,,07/01/2014,,,,
2010,State Department,"Health Care Services, Department of",,Staff Services Manager III,,,,81348,89688,,76331,0,0,0,76331,14070,0,0,5636,19707,1.25% @ 65,https://www.calhr.ca.gov,,07/01/2014,,,,
2010,State Department,"Health Care Services, Department of",,Data Processing Manager II,,,,70188,89568,,76154,0,0,172,76326,14355,0,0,14084,28439,2.00% @ 55,https://www.calhr.ca.gov,,07/01/2014,,,,
2010,State Department,"Health Care Services, Department of",,"Supervising Fraud Investigator II, Department Of Health Services",,,,72696,92148,,75677,0,0,585,76262,21339,0,0,10844,32183,3.00% @ 50,https://www.calhr.ca.gov,,07/01/2014,,,,
2010,State Department,"Health Care Services, Department of",,"Fraud Investigator, Department Of Health Services, Range C",,,,58656,74328,,74054,0,0,2145,76199,19349,0,0,2796,22144,3.00% @ 50,https://www.calhr.ca.gov,,07/01/2014,,,,
2010,State Department,"Health Care Services, Department of",,Data Processing Manager II,,,,70188,89568,,76192,0,0,0,76192,14332,0,0,14084,28416,2.00% @ 55,https://www.calhr.ca.gov,,07/01/2014,,,,
2010,State Department,"Health Care Services, Department of",,"C.E.A., Range 1",,,,74076,160572,,49013,0,27077,0,76090,8828,0,0,9390,18218,2.00% @ 55,https://www.calhr.ca.gov,,07/01/2014,,,,
2010,State Department,"Health Care Services, Department of",,"Nurse Consultant III (Supervisor), Range A",,,,67368,87348,,76085,0,0,0,76085,14062,0,0,5636,19698,2.00% @ 55,https://www.calhr.ca.gov,,07/01/2014,,,,
2010,State Department,"Health Care Services, Department of",,"Pharmaceutical Consultant I, Department Of Health Services",,,,62004,89508,,75880,0,0,0,75880,8958,0,0,4870,13828,2.00% @ 55,https://www.calhr.ca.gov,,07/01/2014,,,,
2010,State Department,"Health Care Services, Department of",,Staff Services Manager I,,,,60948,73524,,59832,0,16014,0,75846,4465,0,0,4518,8983,,https://www.calhr.ca.gov,,07/01/2014,,,,
2010,State Department,"Health Care Services, Department of",,Data Processing Manager III,,,,85416,98868,,75315,0,0,500,75815,14148,0,0,10844,24992,2.00% @ 55,https://www.calhr.ca.gov,,07/01/2014,,,,
2010,State Department,"Health Care Services, Department of",,"Nurse Consultant III (Specialist), Range A",,,,71436,91728,,75685,0,0,60,75745,14678,0,0,5312,19990,2.00% @ 55,https://www.calhr.ca.gov,,07/01/2014,,,,
2010,State Department,"Health Care Services, Department of",,Staff Services Manager III,,,,81348,89688,,75685,0,0,0,75685,14351,0,0,10844,25195,2.00% @ 55,https://www.calhr.ca.gov,,07/01/2014,,,,
2010,State Department,"Health Care Services, Department of",,"Supervising Fraud Investigator I, Department Of Health Services",,,,64428,81624,,68338,0,0,7236,75574,19701,0,0,14084,33786,3.00% @ 50,https://www.calhr.ca.gov,,07/01/2014,,,,
2010,State Department,"Health Care Services, Department of",,"Nurse Evaluator III, Health Services",,,,58776,76200,,59469,0,0,16100,75569,13445,0,0,1991,15435,2.00% @ 55,https://www.calhr.ca.gov,,07/01/2014,,,,
2010,State Department,"Health Care Services, Department of",,"Health Program Audit Manager II, Department Of Health Services",,,,67368,85320,,75468,0,0,0,75468,13652,0,0,2990,16643,2.00% @ 55,https://www.calhr.ca.gov,,07/01/2014,,,,
2010,State Department,"Health Care Services, Department of",,"Nurse Consultant III (Specialist), Range A",,,,71436,91728,,75327,0,0,0,75327,14485,0,0,5312,19797,1.25% @ 65,https://www.calhr.ca.gov,,07/01/2014,,,,
2010,State Department,"Health Care Services, Department of",,"Fraud Investigator, Department Of Health Services, Range C",,,,58656,74328,,73154,0,0,2145,75299,19674,0,0,1991,21665,3.00% @ 50,https://www.calhr.ca.gov,,07/01/2014,,,,
2010,State Department,"Health Care Services, Department of",,Public Health Nutrition Consultant III (Specialist),,,,59172,77664,,66820,0,8354,0,75173,13146,0,0,11348,24494,2.00% @ 55,https://www.calhr.ca.gov,,07/01/2014,,,,
2010,State Department,"Health Care Services, Department of",,"Nurse Consultant III (Specialist), Range A",,,,71436,91728,,75168,0,0,0,75168,14678,0,0,5312,19990,2.00% @ 55,https://www.calhr.ca.gov,,07/01/2014,,,,
2010,State Department,"Health Care Services, Department of",,"Supervising Fraud Investigator I, Department Of Health Services",,,,64428,81624,,40894,0,34235,0,75130,10290,0,0,1161,11451,3.00% @ 50,https://www.calhr.ca.gov,,07/01/2014,,,,
2010,State Department,"Health Care Services, Department of",,Staff Services Manager III,,,,81348,89688,,70737,2278,0,1987,75002,14164,0,0,14084,28248,2.00% @ 55,https://www.calhr.ca.gov,,07/01/2014,,,,
2010,State Department,"Health Care Services, Department of",,"Supervising Fraud Investigator I, Department Of Health Services",,,,64428,81624,,71803,0,0,3185,74988,21166,0,0,14084,35251,3.00% @ 50,https://www.calhr.ca.gov,,07/01/2014,,,,
2010,State Department,"Health Care Services, Department of",,"Supervising Fraud Investigator I, Department Of Health Services",,,,64428,81624,,73991,0,0,845,74836,20207,0,0,5636,25843,3.00% @ 50,https://www.calhr.ca.gov,,07/01/2014,,,,
2010,State Department,"Health Care Services, Department of",,Senior Information Systems Analyst (Supervisor),,,,70200,89580,,74801,0,0,0,74801,14334,0,0,14084,28418,2.00% @ 55,https://www.calhr.ca.gov,,07/01/2014,,,,
2010,State Department,"Health Care Services, Department of",,Senior Information Systems Analyst (Supervisor),,,,70200,89580,,74697,0,0,34,74731,14192,0,0,14084,28276,2.00% @ 55,https://www.calhr.ca.gov,,07/01/2014,,,,
2010,State Department,"Health Care Services, Department of",,Senior Information Systems Analyst (Supervisor),,,,70200,89580,,74731,0,0,0,74731,14334,0,0,14084,28418,2.00% @ 55,https://www.calhr.ca.gov,,07/01/2014,,,,
2010,State Department,"Health Care Services, Department of",,"Staff Information Systems Analyst (Specialist), Range A",,,,60780,77592,,67972,0,6735,0,74708,13030,0,0,13410,26440,2.00% @ 55,https://www.calhr.ca.gov,,07/01/2014,,,,
2010,State Department,"Health Care Services, Department of",,Staff Services Manager II (Supervisory),,,,66912,80724,,72656,0,0,2016,74672,13288,0,0,3526,16814,2.00% @ 55,https://www.calhr.ca.gov,,07/01/2014,,,,
2010,State Department,"Health Care Services, Department of",,Staff Services Manager III,,,,81348,89688,,74646,0,0,0,74646,14351,0,0,14084,28435,2.00% @ 55,https://www.calhr.ca.gov,,07/01/2014,,,,
2010,State Department,"Health Care Services, Department of",,Staff Services Manager III,,,,81348,89688,,74612,0,0,18,74630,13856,0,0,5636,19492,1.25% @ 65,https://www.calhr.ca.gov,,07/01/2014,,,,
2010,State Department,"Health Care Services, Department of",,"Attorney III, Range A",,,,92184,113736,,74506,0,0,0,74506,13740,0,0,5288,19029,2.00% @ 55,https://www.calhr.ca.gov,,07/01/2014,,,,
2010,State Department,"Health Care Services, Department of",,Staff Services Manager III,,,,81348,89688,,74476,0,0,0,74476,14292,0,0,14084,28376,2.00% @ 55,https://www.calhr.ca.gov,,07/01/2014,,,,
2010,State Department,"Health Care Services, Department of",,"Supervising Fraud Investigator I, Department Of Health Services",,,,64428,81624,,74446,0,0,0,74446,20518,0,0,5636,26154,3.00% @ 50,https://www.calhr.ca.gov,,07/01/2014,,,,
2010,State Department,"Health Care Services, Department of",,Staff Services Manager III,,,,81348,89688,,71123,1018,0,2203,74344,14156,0,0,14084,28240,2.00% @ 55,https://www.calhr.ca.gov,,07/01/2014,,,,
2010,State Department,"Health Care Services, Department of",,Systems Software Specialist III (Supervisory),,,,76992,98244,,74298,0,0,0,74298,0,0,0,3719,3719,Alternate Retirement Plan (ARP),https://www.calhr.ca.gov,,07/01/2014,,,,
2010,State Department,"Health Care Services, Department of",,"Supervising Fraud Investigator II, Department Of Health Services",,,,72696,92148,,52830,0,21452,0,74283,13353,0,0,2325,15678,3.00% @ 50,https://www.calhr.ca.gov,,07/01/2014,,,,
2010,State Department,"Health Care Services, Department of",,"Pharmaceutical Consultant I, Department Of Health Services",,,,62004,89508,,74231,0,0,0,74231,6874,0,0,2796,9670,2.00% @ 55,https://www.calhr.ca.gov,,07/01/2014,,,,
2010,State Department,"Health Care Services, Department of",,"Systems Software Specialist II (Technical), Range A",,,,66732,85164,,74167,0,0,0,74167,13627,0,0,1811,15438,2.00% @ 55,https://www.calhr.ca.gov,,07/01/2014,,,,
2010,State Department,"Health Care Services, Department of",,"Systems Software Specialist II (Technical), Range A",,,,66732,85164,,73627,0,0,500,74127,13627,0,0,5313,18941,2.00% @ 55,https://www.calhr.ca.gov,,07/01/2014,,,,
2010,State Department,"Health Care Services, Department of",,"Health Program Audit Manager II, Department Of Health Services",,,,67368,85320,,74061,0,0,0,74061,13652,0,0,5636,19288,2.00% @ 55,https://www.calhr.ca.gov,,07/01/2014,,,,
2010,State Department,"Health Care Services, Department of",,"Fraud Investigator, Department Of Health Services, Range C",,,,58656,74328,,70814,0,0,3185,73999,19703,0,0,5012,24716,3.00% @ 50,https://www.calhr.ca.gov,,07/01/2014,,,,
2010,State Department,"Health Care Services, Department of",,Data Processing Manager II,,,,70188,89568,,73265,0,0,672,73937,13609,0,0,5636,19246,2.00% @ 55,https://www.calhr.ca.gov,,07/01/2014,,,,
2010,State Department,"Health Care Services, Department of",,"Chief, Medi-Cal Managed Care",,,,112992,122196,,73863,0,0,0,73863,13619,0,0,5636,19255,2.00% @ 55,https://www.calhr.ca.gov,,07/01/2014,,,,
2010,State Department,"Health Care Services, Department of",,"Senior Information Systems Analyst (Specialist), Range A",,,,66852,85308,,73754,0,0,0,73754,13650,0,0,5313,18964,2.00% @ 55,https://www.calhr.ca.gov,,07/01/2014,,,,
2010,State Department,"Health Care Services, Department of",,"Senior Information Systems Analyst (Specialist), Range A",,,,66852,85308,,73754,0,0,0,73754,13650,0,0,5313,18964,2.00% @ 55,https://www.calhr.ca.gov,,07/01/2014,,,,
2010,State Department,"Health Care Services, Department of",,Systems Software Specialist II (Supervisory),,,,70068,89436,,73734,0,0,0,73734,14130,0,0,14084,28214,1.25% @ 65,https://www.calhr.ca.gov,,07/01/2014,,,,
2010,State Department,"Health Care Services, Department of",,Staff Services Manager III,,,,81348,89688,,69493,640,0,3585,73719,13439,0,0,14084,27523,2.00% @ 55,https://www.calhr.ca.gov,,07/01/2014,,,,
2010,State Department,"Health Care Services, Department of",,"Supervising Fraud Investigator I, Department Of Health Services",,,,64428,81624,,73712,0,0,0,73712,20739,0,0,10844,31584,3.00% @ 50,https://www.calhr.ca.gov,,07/01/2014,,,,
2010,State Department,"Health Care Services, Department of",,Senior Information Systems Analyst (Supervisor),,,,70200,89580,,73690,0,0,0,73690,13898,0,0,10550,24448,2.00% @ 55,https://www.calhr.ca.gov,,07/01/2014,,,,
2010,State Department,"Health Care Services, Department of",,"Senior Information Systems Analyst (Specialist), Range A",,,,66852,85308,,73620,0,0,0,73620,13650,0,0,10844,24494,2.00% @ 55,https://www.calhr.ca.gov,,07/01/2014,,,,
2010,State Department,"Health Care Services, Department of",,"Attorney, Range D",,,,76164,93936,,73578,0,0,0,73578,14295,0,0,13028,27324,2.00% @ 55,https://www.calhr.ca.gov,,07/01/2014,,,,
2010,State Department,"Health Care Services, Department of",,"C.E.A., Range 1",,,,74076,160572,,71764,0,0,1784,73548,13604,0,0,5636,19240,2.00% @ 55,https://www.calhr.ca.gov,,07/01/2014,,,,
2010,State Department,"Health Care Services, Department of",,Systems Software Specialist III (Technical),,,,73320,93552,,73531,0,0,0,73531,0,0,0,8673,8673,Alternate Retirement Plan (ARP),https://www.calhr.ca.gov,,07/01/2014,,,,
2010,State Department,"Health Care Services, Department of",,"Health Program Auditor III, Department Of Health Services",,,,55428,70764,,59798,0,13619,0,73417,11323,0,0,10403,21726,2.00% @ 55,https://www.calhr.ca.gov,,07/01/2014,,,,
2010,State Department,"Health Care Services, Department of",,Data Processing Manager I,,,,63816,81468,,73312,0,0,0,73312,13036,0,0,3526,16562,2.00% @ 55,https://www.calhr.ca.gov,,07/01/2014,,,,
2010,State Department,"Health Care Services, Department of",,"Health Program Audit Manager II, Department Of Health Services",,,,67368,85320,,73290,0,0,0,73290,13652,0,0,14084,27736,2.00% @ 55,https://www.calhr.ca.gov,,07/01/2014,,,,
2010,State Department,"Health Care Services, Department of",,"Nurse Evaluator IV, Health Services",,,,64548,83712,,73234,0,0,18,73252,13441,0,0,10844,24285,1.25% @ 65,https://www.calhr.ca.gov,,07/01/2014,,,,
2010,State Department,"Health Care Services, Department of",,Accounting Administrator III,,,,81348,89688,,73185,0,0,0,73185,13563,0,0,11799,25361,2.00% @ 55,https://www.calhr.ca.gov,,07/01/2014,,,,
2010,State Department,"Health Care Services, Department of",,"Podiatric Consultant, Range C",,,,82224,115416,,73182,0,0,0,73182,13643,0,0,5312,18955,2.00% @ 55,https://www.calhr.ca.gov,,07/01/2014,,,,
2010,State Department,"Health Care Services, Department of",,"Nurse Evaluator II, Health Services",,,,59004,75228,,65568,0,7487,0,73055,12533,0,0,11348,23881,2.00% @ 55,https://www.calhr.ca.gov,,07/01/2014,,,,
2010,State Department,"Health Care Services, Department of",,"Senior Information Systems Analyst (Specialist), Range A",,,,66852,85308,,73024,0,0,0,73024,13650,0,0,13625,27275,2.00% @ 55,https://www.calhr.ca.gov,,07/01/2014,,,,
2010,State Department,"Health Care Services, Department of",,Staff Services Manager III,,,,81348,89688,,72989,0,0,0,72989,13983,0,0,11114,25097,2.00% @ 55,https://www.calhr.ca.gov,,07/01/2014,,,,
2010,State Department,"Health Care Services, Department of",,"Fraud Investigator, Department Of Health Services, Range C",,,,58656,74328,,62995,4709,0,5259,72963,19178,0,0,12752,31931,3.00% @ 50,https://www.calhr.ca.gov,,07/01/2014,,,,
2010,State Department,"Health Care Services, Department of",,Senior Information Systems Analyst (Supervisor),,,,70200,89580,,72823,0,0,0,72823,13884,0,0,14084,27968,2.00% @ 55,https://www.calhr.ca.gov,,07/01/2014,,,,
2010,State Department,"Health Care Services, Department of",,Staff Services Manager II (Supervisory),,,,66912,80724,,72761,0,0,0,72761,13111,0,0,3526,16638,2.00% @ 55,https://www.calhr.ca.gov,,07/01/2014,,,,
2010,State Department,"Health Care Services, Department of",,Senior Information Systems Analyst (Supervisor),,,,70200,89580,,42009,0,29606,1119,72733,7693,0,0,6326,14019,2.00% @ 55,https://www.calhr.ca.gov,,07/01/2014,,,,
2010,State Department,"Health Care Services, Department of",,Staff Services Manager II (Supervisory),,,,66912,80724,,72656,0,0,0,72656,12917,0,0,3526,16443,2.00% @ 55,https://www.calhr.ca.gov,,07/01/2014,,,,
2010,State Department,"Health Care Services, Department of",,Staff Services Manager III,,,,81348,89688,,72616,0,0,0,72616,13415,0,0,5636,19051,2.00% @ 55,https://www.calhr.ca.gov,,07/01/2014,,,,
2010,State Department,"Health Care Services, Department of",,"Systems Software Specialist II (Technical), Range A",,,,66732,85164,,72607,0,0,0,72607,13627,0,0,5313,18941,2.00% @ 55,https://www.calhr.ca.gov,,07/01/2014,,,,
2010,State Department,"Health Care Services, Department of",,"Health Program Audit Manager II, Department Of Health Services",,,,67368,85320,,72590,0,0,0,72590,13499,0,0,5636,19136,2.00% @ 55,https://www.calhr.ca.gov,,07/01/2014,,,,
2010,State Department,"Health Care Services, Department of",,"Supervising Fraud Investigator I, Department Of Health Services",,,,64428,81624,,70363,0,0,2205,72568,20331,0,0,14084,34415,3.00% @ 50,https://www.calhr.ca.gov,,07/01/2014,,,,
2010,State Department,"Health Care Services, Department of",,"Nurse Evaluator II, Health Services",,,,59004,75228,,66092,0,6447,0,72539,11589,0,0,1991,13579,2.00% @ 55,https://www.calhr.ca.gov,,07/01/2014,,,,
2010,State Department,"Health Care Services, Department of",,"Nurse Evaluator IV, Health Services",,,,64548,83712,,72535,0,0,0,72535,13613,0,0,10844,24457,2.00% @ 55,https://www.calhr.ca.gov,,07/01/2014,,,,
2010,State Department,"Health Care Services, Department of",,"Nurse Evaluator IV, Health Services",,,,64548,83712,,72525,0,0,0,72525,13441,0,0,5636,19077,1.25% @ 65,https://www.calhr.ca.gov,,07/01/2014,,,,
2010,State Department,"Health Care Services, Department of",,Staff Services Manager III,,,,81348,89688,,72518,0,0,0,72518,13317,0,0,10844,24161,2.00% @ 55,https://www.calhr.ca.gov,,07/01/2014,,,,
2010,State Department,"Health Care Services, Department of",,"Senior Information Systems Analyst (Specialist), Range A",,,,66852,85308,,72469,0,0,0,72469,13650,0,0,5313,18964,2.00% @ 55,https://www.calhr.ca.gov,,07/01/2014,,,,
2010,State Department,"Health Care Services, Department of",,"Senior Information Systems Analyst (Specialist), Range A",,,,66852,85308,,71836,0,0,500,72336,12858,0,0,2762,15620,2.00% @ 55,https://www.calhr.ca.gov,,07/01/2014,,,,
2010,State Department,"Health Care Services, Department of",,"Fraud Investigator, Department Of Health Services, Range C",,,,58656,74328,,72326,0,0,0,72326,19128,0,0,2156,21284,3.00% @ 50,https://www.calhr.ca.gov,,07/01/2014,,,,
2010,State Department,"Health Care Services, Department of",,"Health Program Audit Manager II, Department Of Health Services",,,,67368,85320,,72148,0,0,0,72148,13652,0,0,10844,24496,2.00% @ 55,https://www.calhr.ca.gov,,07/01/2014,,,,
2010,State Department,"Health Care Services, Department of",,"Health Program Audit Manager II, Department Of Health Services",,,,67368,85320,,72142,0,0,0,72142,13652,0,0,10844,24496,2.00% @ 55,https://www.calhr.ca.gov,,07/01/2014,,,,
2010,State Department,"Health Care Services, Department of",,"Nurse Consultant II, Range A",,,,65460,83892,,72124,0,0,0,72124,13359,0,0,5312,18671,2.00% @ 55,https://www.calhr.ca.gov,,07/01/2014,,,,
2010,State Department,"Health Care Services, Department of",,Staff Services Manager II (Supervisory),,,,66912,80724,,72116,0,0,0,72116,12917,0,0,1991,14907,2.00% @ 55,https://www.calhr.ca.gov,,07/01/2014,,,,
2010,State Department,"Health Care Services, Department of",,"Systems Software Specialist II (Technical), Range A",,,,66732,85164,,72081,0,0,0,72081,13627,0,0,13625,27252,2.00% @ 55,https://www.calhr.ca.gov,,07/01/2014,,,,
2010,State Department,"Health Care Services, Department of",,"Nurse Consultant II, Range A",,,,65460,83892,,72062,0,0,0,72062,13424,0,0,10400,23824,2.00% @ 55,https://www.calhr.ca.gov,,07/01/2014,,,,
2010,State Department,"Health Care Services, Department of",,"Health Program Audit Manager II, Department Of Health Services",,,,67368,85320,,72060,0,0,0,72060,13652,0,0,14084,27736,2.00% @ 55,https://www.calhr.ca.gov,,07/01/2014,,,,
2010,State Department,"Health Care Services, Department of",,"Attorney, Range D",,,,76164,93936,,71970,0,0,0,71970,12748,0,0,1991,14738,2.00% @ 55,https://www.calhr.ca.gov,,07/01/2014,,,,
2010,State Department,"Health Care Services, Department of",,"Nurse Evaluator IV, Health Services",,,,64548,83712,,71954,0,0,0,71954,12794,0,0,3276,16069,2.00% @ 55,https://www.calhr.ca.gov,,07/01/2014,,,,
2010,State Department,"Health Care Services, Department of",,"Senior Information Systems Analyst (Specialist), Range A",,,,66852,85308,,71817,0,0,0,71817,13650,0,0,13625,27275,2.00% @ 55,https://www.calhr.ca.gov,,07/01/2014,,,,
2010,State Department,"Health Care Services, Department of",,"Senior Information Systems Analyst (Specialist), Range A",,,,66852,85308,,71268,0,0,500,71768,13650,0,0,2873,16523,2.00% @ 55,https://www.calhr.ca.gov,,07/01/2014,,,,
2010,State Department,"Health Care Services, Department of",,"Fraud Investigator, Department Of Health Services, Range C",,,,58656,74328,,71763,0,0,0,71763,18374,0,0,2313,20687,3.00% @ 50,https://www.calhr.ca.gov,,07/01/2014,,,,
2010,State Department,"Health Care Services, Department of",,Staff Services Manager II (Supervisory),,,,66912,80724,,70014,815,0,931,71760,13102,0,0,5636,18739,2.00% @ 55,https://www.calhr.ca.gov,,07/01/2014,,,,
2010,State Department,"Health Care Services, Department of",,"Health Program Audit Manager II, Department Of Health Services",,,,67368,85320,,71754,0,0,0,71754,13652,0,0,14084,27736,2.00% @ 55,https://www.calhr.ca.gov,,07/01/2014,,,,
2010,State Department,"Health Care Services, Department of",,"Nurse Consultant III (Specialist), Range A",,,,71436,91728,,71625,0,0,0,71625,13886,0,0,10400,24286,2.00% @ 55,https://www.calhr.ca.gov,,07/01/2014,,,,
2010,State Department,"Health Care Services, Department of",,Staff Services Manager II (Supervisory),,,,66912,80724,,66166,0,0,5374,71540,12168,0,0,10844,23013,2.00% @ 55,https://www.calhr.ca.gov,,07/01/2014,,,,
2010,State Department,"Health Care Services, Department of",,"Health Program Audit Manager II, Department Of Health Services",,,,67368,85320,,71482,0,0,0,71482,13652,0,0,10844,24496,2.00% @ 55,https://www.calhr.ca.gov,,07/01/2014,,,,
2010,State Department,"Health Care Services, Department of",,"Nurse Evaluator IV, Health Services",,,,64548,83712,,71374,0,0,0,71374,13395,0,0,10844,24239,2.00% @ 55,https://www.calhr.ca.gov,,07/01/2014,,,,
2010,State Department,"Health Care Services, Department of",,"Nurse Evaluator III, Health Services",,,,58776,76200,,71372,0,0,0,71372,12629,0,0,1991,14619,2.00% @ 55,https://www.calhr.ca.gov,,07/01/2014,,,,
2010,State Department,"Health Care Services, Department of",,"Nurse Evaluator III, Health Services",,,,58776,76200,,71372,0,0,0,71372,12629,0,0,1991,14619,2.00% @ 55,https://www.calhr.ca.gov,,07/01/2014,,,,
2010,State Department,"Health Care Services, Department of",,"Senior Information Systems Analyst (Specialist), Range A",,,,66852,85308,,71359,0,0,0,71359,12925,0,0,2873,15798,2.00% @ 55,https://www.calhr.ca.gov,,07/01/2014,,,,
2010,State Department,"Health Care Services, Department of",,Staff Services Manager III,,,,81348,89688,,71287,0,0,0,71287,13081,0,0,10844,23925,2.00% @ 55,https://www.calhr.ca.gov,,07/01/2014,,,,
2010,State Department,"Health Care Services, Department of",,Staff Services Manager I,,,,60948,73524,,13054,0,58217,0,71271,2230,0,0,1409,3639,2.00% @ 55,https://www.calhr.ca.gov,,07/01/2014,,,,
2010,State Department,"Health Care Services, Department of",,"Fraud Investigator, Department Of Health Services, Range C",,,,58656,74328,,70351,0,0,845,71196,17909,0,0,1991,19900,3.00% @ 50,https://www.calhr.ca.gov,,07/01/2014,,,,
2010,State Department,"Health Care Services, Department of",,"Nurse Evaluator III, Health Services",,,,58776,76200,,71192,0,0,0,71192,12629,0,0,1991,14619,2.00% @ 55,https://www.calhr.ca.gov,,07/01/2014,,,,
2010,State Department,"Health Care Services, Department of",,"Nurse Evaluator II, Health Services",,,,59004,75228,,68145,0,3046,0,71191,13174,0,0,14871,28045,2.00% @ 55,https://www.calhr.ca.gov,,07/01/2014,,,,
2010,State Department,"Health Care Services, Department of",,"Nurse Consultant II, Range A",,,,65460,83892,,71172,0,0,0,71172,13424,0,0,10400,23824,2.00% @ 55,https://www.calhr.ca.gov,,07/01/2014,,,,
2010,State Department,"Health Care Services, Department of",,"Health Program Audit Manager II, Department Of Health Services",,,,67368,85320,,71129,0,0,0,71129,13652,0,0,14084,27736,2.00% @ 55,https://www.calhr.ca.gov,,07/01/2014,,,,
2010,State Department,"Health Care Services, Department of",,"Supervising Fraud Investigator I, Department Of Health Services",,,,64428,81624,,71126,0,0,0,71126,19817,0,0,14084,33901,3.00% @ 50,https://www.calhr.ca.gov,,07/01/2014,,,,
2010,State Department,"Health Care Services, Department of",,Staff Services Manager II (Supervisory),,,,66912,80724,,71096,0,0,0,71096,12917,0,0,1966,14883,2.00% @ 55,https://www.calhr.ca.gov,,07/01/2014,,,,
2010,State Department,"Health Care Services, Department of",,"Nurse Evaluator III, Health Services",,,,58776,76200,,71072,0,0,0,71072,12629,0,0,3526,16155,2.00% @ 55,https://www.calhr.ca.gov,,07/01/2014,,,,
2010,State Department,"Health Care Services, Department of",,"Nurse Evaluator II, Health Services",,,,59004,75228,,71037,0,0,0,71037,0,0,0,1991,1991,Alternate Retirement Plan (ARP),https://www.calhr.ca.gov,,07/01/2014,,,,
2010,State Department,"Health Care Services, Department of",,"Systems Software Specialist II (Technical), Range A",,,,66732,85164,,70953,0,0,0,70953,13627,0,0,10521,24148,2.00% @ 55,https://www.calhr.ca.gov,,07/01/2014,,,,
2010,State Department,"Health Care Services, Department of",,Data Processing Manager I,,,,63816,81468,,70418,0,0,500,70918,13036,0,0,10844,23880,2.00% @ 55,https://www.calhr.ca.gov,,07/01/2014,,,,
2010,State Department,"Health Care Services, Department of",,"Associate Governmental Program Analyst, Range A",,,,52800,64176,,53293,0,17624,0,70917,10269,0,0,9253,19522,2.00% @ 55,https://www.calhr.ca.gov,,07/01/2014,,,,
2010,State Department,"Health Care Services, Department of",,"Nurse Evaluator IV, Health Services",,,,64548,83712,,70909,0,0,0,70909,13526,0,0,10844,24370,2.00% @ 55,https://www.calhr.ca.gov,,07/01/2014,,,,
2010,State Department,"Health Care Services, Department of",,"Fraud Investigator, Department Of Health Services, Range C",,,,58656,74328,,70051,0,0,845,70896,17909,0,0,2796,20705,3.00% @ 50,https://www.calhr.ca.gov,,07/01/2014,,,,
2010,State Department,"Health Care Services, Department of",,"Supervising Fraud Investigator I, Department Of Health Services",,,,64428,81624,,67790,0,0,3009,70799,20294,0,0,14084,34378,3.00% @ 50,https://www.calhr.ca.gov,,07/01/2014,,,,
2010,State Department,"Health Care Services, Department of",,"Systems Software Specialist II (Technical), Range A",,,,66732,85164,,70760,0,0,0,70760,13627,0,0,13625,27252,2.00% @ 55,https://www.calhr.ca.gov,,07/01/2014,,,,
2010,State Department,"Health Care Services, Department of",,Data Processing Manager II,,,,70188,89568,,70288,0,0,468,70756,13420,0,0,10844,24264,2.00% @ 55,https://www.calhr.ca.gov,,07/01/2014,,,,
2010,State Department,"Health Care Services, Department of",,"Health Program Audit Manager II, Department Of Health Services",,,,67368,85320,,70725,0,0,0,70725,13426,0,0,14084,27511,2.00% @ 55,https://www.calhr.ca.gov,,07/01/2014,,,,
2010,State Department,"Health Care Services, Department of",,Staff Services Manager II (Supervisory),,,,66912,80724,,70670,0,0,0,70670,12703,0,0,1991,14693,2.00% @ 55,https://www.calhr.ca.gov,,07/01/2014,,,,
2010,State Department,"Health Care Services, Department of",,Data Processing Manager I,,,,63816,81468,,70669,0,0,0,70669,13036,0,0,5636,18672,2.00% @ 55,https://www.calhr.ca.gov,,07/01/2014,,,,
2010,State Department,"Health Care Services, Department of",,Data Processing Manager I,,,,63816,81468,,70669,0,0,0,70669,13036,0,0,5636,18672,2.00% @ 55,https://www.calhr.ca.gov,,07/01/2014,,,,
2010,State Department,"Health Care Services, Department of",,"Systems Software Specialist II (Technical), Range A",,,,66732,85164,,70643,0,0,0,70643,13627,0,0,13563,27191,2.00% @ 55,https://www.calhr.ca.gov,,07/01/2014,,,,
2010,State Department,"Health Care Services, Department of",,"Systems Software Specialist II (Technical), Range A",,,,66732,85164,,70609,0,0,0,70609,13627,0,0,13625,27252,2.00% @ 55,https://www.calhr.ca.gov,,07/01/2014,,,,
2010,State Department,"Health Care Services, Department of",,"Health Program Audit Manager II, Department Of Health Services",,,,67368,85320,,70596,0,0,6,70602,13618,0,0,14084,27702,2.00% @ 55,https://www.calhr.ca.gov,,07/01/2014,,,,
2010,State Department,"Health Care Services, Department of",,"Supervising Fraud Investigator I, Department Of Health Services",,,,64428,81624,,68031,0,0,2535,70566,19773,0,0,13640,33414,3.00% @ 50,https://www.calhr.ca.gov,,07/01/2014,,,,
2010,State Department,"Health Care Services, Department of",,"Nurse Evaluator II, Health Services",,,,59004,75228,,70516,0,0,0,70516,12473,0,0,1991,14464,2.00% @ 55,https://www.calhr.ca.gov,,07/01/2014,,,,
2010,State Department,"Health Care Services, Department of",,"Fraud Investigator, Department Of Health Services, Range C",,,,58656,74328,,64062,0,0,6417,70478,19622,0,0,12752,32375,3.00% @ 50,https://www.calhr.ca.gov,,07/01/2014,,,,
2010,State Department,"Health Care Services, Department of",,"Nurse Evaluator IV, Health Services",,,,64548,83712,,70402,0,0,0,70402,13395,0,0,14084,27479,2.00% @ 55,https://www.calhr.ca.gov,,07/01/2014,,,,
2010,State Department,"Health Care Services, Department of",,Staff Services Manager I,,,,60948,73524,,51414,0,18941,0,70356,9120,0,0,9048,18168,2.00% @ 55,https://www.calhr.ca.gov,,07/01/2014,,,,
2010,State Department,"Health Care Services, Department of",,"Supervising Fraud Investigator I, Department Of Health Services",,,,64428,81624,,68714,0,0,1638,70352,19730,0,0,10844,30574,3.00% @ 50,https://www.calhr.ca.gov,,07/01/2014,,,,
2010,State Department,"Health Care Services, Department of",,"Attorney, Range D",,,,76164,93936,,70288,0,0,18,70306,12889,0,0,5288,18177,2.00% @ 55,https://www.calhr.ca.gov,,07/01/2014,,,,
2010,State Department,"Health Care Services, Department of",,"Health Program Audit Manager I, Department Of Health Services",,,,61344,77712,,70304,0,0,0,70304,12435,0,0,1991,14425,2.00% @ 55,https://www.calhr.ca.gov,,07/01/2014,,,,
2010,State Department,"Health Care Services, Department of",,"Health Program Audit Manager I, Department Of Health Services",,,,61344,77712,,70304,0,0,0,70304,12435,0,0,1991,14425,2.00% @ 55,https://www.calhr.ca.gov,,07/01/2014,,,,
2010,State Department,"Health Care Services, Department of",,Staff Services Manager II (Supervisory),,,,66912,80724,,69740,0,0,500,70240,12917,0,0,5636,18553,2.00% @ 55,https://www.calhr.ca.gov,,07/01/2014,,,,
2010,State Department,"Health Care Services, Department of",,"Senior Information Systems Analyst (Specialist), Range A",,,,66852,85308,,70200,0,0,0,70200,12452,0,0,1811,14262,2.00% @ 55,https://www.calhr.ca.gov,,07/01/2014,,,,
2010,State Department,"Health Care Services, Department of",,"Senior Programmer Analyst (Specialist), Range A",,,,66852,85308,,70161,0,0,0,70161,12717,0,0,2873,15590,2.00% @ 55,https://www.calhr.ca.gov,,07/01/2014,,,,
2010,State Department,"Health Care Services, Department of",,"Systems Software Specialist II (Technical), Range A",,,,66732,85164,,70125,0,0,0,70125,0,0,0,10658,10658,Alternate Retirement Plan (ARP),https://www.calhr.ca.gov,,07/01/2014,,,,
2010,State Department,"Health Care Services, Department of",,Staff Services Manager II (Supervisory),,,,66912,80724,,68745,404,0,974,70123,12493,0,0,1991,14483,2.00% @ 55,https://www.calhr.ca.gov,,07/01/2014,,,,
2010,State Department,"Health Care Services, Department of",,Staff Services Manager II (Supervisory),,,,66912,80724,,70107,0,0,0,70107,12917,0,0,5636,18553,2.00% @ 55,https://www.calhr.ca.gov,,07/01/2014,,,,
2010,State Department,"Health Care Services, Department of",,"Fraud Investigator, Department Of Health Services, Range C",,,,58656,74328,,64728,2693,0,2668,70089,19489,0,0,9776,29265,3.00% @ 50,https://www.calhr.ca.gov,,07/01/2014,,,,
2010,State Department,"Health Care Services, Department of",,"Fraud Investigator, Department Of Health Services, Range C",,,,58656,74328,,65814,2208,0,2018,70040,18002,0,0,5012,23014,3.00% @ 50,https://www.calhr.ca.gov,,07/01/2014,,,,
2010,State Department,"Health Care Services, Department of",,Research Scientist III (Epidemiology/Biostatistics),,,,69552,84528,,70024,0,0,0,70024,12581,0,0,1811,14391,2.00% @ 55,https://www.calhr.ca.gov,,07/01/2014,,,,
2010,State Department,"Health Care Services, Department of",,"Health Program Audit Manager II, Department Of Health Services",,,,67368,85320,,70023,0,0,0,70023,13652,0,0,5636,19288,2.00% @ 55,https://www.calhr.ca.gov,,07/01/2014,,,,
2010,State Department,"Health Care Services, Department of",,"Staff Information Systems Analyst (Specialist), Range A",,,,60780,77592,,70018,0,0,0,70018,10531,0,0,1811,12341,2.00% @ 55,https://www.calhr.ca.gov,,07/01/2014,,,,
2010,State Department,"Health Care Services, Department of",,"Nurse Evaluator IV, Health Services",,,,64548,83712,,70012,0,0,0,70012,13130,0,0,6070,19200,1.25% @ 65,https://www.calhr.ca.gov,,07/01/2014,,,,
2010,State Department,"Health Care Services, Department of",,Staff Services Manager II (Supervisory),,,,66912,80724,,69968,0,0,0,69968,12917,0,0,5636,18553,2.00% @ 55,https://www.calhr.ca.gov,,07/01/2014,,,,
2010,State Department,"Health Care Services, Department of",,"Pharmaceutical Consultant I, Department Of Health Services",,,,62004,89508,,69206,0,587,0,69793,11472,0,0,1493,12965,2.00% @ 55,https://www.calhr.ca.gov,,07/01/2014,,,,
2010,State Department,"Health Care Services, Department of",,Staff Services Manager II (Supervisory),,,,66912,80724,,69763,0,0,0,69763,12917,0,0,10844,23761,2.00% @ 55,https://www.calhr.ca.gov,,07/01/2014,,,,
2010,State Department,"Health Care Services, Department of",,Research Manager II -General-,,,,66912,80724,,69740,0,0,0,69740,12917,0,0,5636,18553,2.00% @ 55,https://www.calhr.ca.gov,,07/01/2014,,,,
2010,State Department,"Health Care Services, Department of",,"Fraud Investigator, Department Of Health Services, Range C",,,,58656,74328,,68851,0,0,845,69696,18235,0,0,2796,21030,3.00% @ 50,https://www.calhr.ca.gov,,07/01/2014,,,,
2010,State Department,"Health Care Services, Department of",,"Health Program Audit Manager I, Department Of Health Services",,,,61344,77712,,69627,0,0,0,69627,12371,0,0,3526,15897,2.00% @ 55,https://www.calhr.ca.gov,,07/01/2014,,,,
2010,State Department,"Health Care Services, Department of",,"Staff Information Systems Analyst (Specialist), Range A",,,,60780,77592,,69622,0,0,0,69622,10531,0,0,1811,12341,2.00% @ 55,https://www.calhr.ca.gov,,07/01/2014,,,,
2010,State Department,"Health Care Services, Department of",,"Supervising Fraud Investigator I, Department Of Health Services",,,,64428,81624,,68306,0,0,1300,69606,19589,0,0,10488,30077,3.00% @ 50,https://www.calhr.ca.gov,,07/01/2014,,,,
2010,State Department,"Health Care Services, Department of",,Data Processing Manager I,,,,63816,81468,,69606,0,0,0,69606,12784,0,0,4577,17361,2.00% @ 55,https://www.calhr.ca.gov,,07/01/2014,,,,
2010,State Department,"Health Care Services, Department of",,"Systems Software Specialist II (Technical), Range A",,,,66732,85164,,69584,0,0,0,69584,10524,0,0,12895,23419,2.00% @ 55,https://www.calhr.ca.gov,,07/01/2014,,,,
2010,State Department,"Health Care Services, Department of",,"Nurse Evaluator II, Health Services",,,,59004,75228,,53323,0,16198,0,69521,9283,0,0,4427,13710,2.00% @ 55,https://www.calhr.ca.gov,,07/01/2014,,,,
2010,State Department,"Health Care Services, Department of",,Staff Services Manager II (Supervisory),,,,66912,80724,,60227,0,0,9293,69519,13448,0,0,10844,24292,2.00% @ 55,https://www.calhr.ca.gov,,07/01/2014,,,,
2010,State Department,"Health Care Services, Department of",,"Nurse Consultant I, Range A",,,,59976,76788,,69490,0,0,0,69490,12287,0,0,1991,14278,2.00% @ 55,https://www.calhr.ca.gov,,07/01/2014,,,,
2010,State Department,"Health Care Services, Department of",,"Nurse Evaluator IV, Health Services",,,,64548,83712,,69465,0,0,0,69465,13049,0,0,14084,27133,2.00% @ 55,https://www.calhr.ca.gov,,07/01/2014,,,,
2010,State Department,"Health Care Services, Department of",,"Systems Software Specialist I (Technical), Range A",,,,60768,77580,,69461,0,0,0,69461,12414,0,0,2873,15286,2.00% @ 55,https://www.calhr.ca.gov,,07/01/2014,,,,
2010,State Department,"Health Care Services, Department of",,"Supervising Fraud Investigator I, Department Of Health Services",,,,64428,81624,,68612,0,0,845,69457,19369,0,0,10844,30213,3.00% @ 50,https://www.calhr.ca.gov,,07/01/2014,,,,
2010,State Department,"Health Care Services, Department of",,Staff Services Manager II (Supervisory),,,,66912,80724,,69362,0,0,0,69362,12753,0,0,5636,18390,1.25% @ 65,https://www.calhr.ca.gov,,07/01/2014,,,,
2010,State Department,"Health Care Services, Department of",,Health Program Manager II,,,,66912,80724,,69358,0,0,0,69358,12917,0,0,10844,23761,2.00% @ 55,https://www.calhr.ca.gov,,07/01/2014,,,,
2010,State Department,"Health Care Services, Department of",,"Nurse Evaluator III, Health Services",,,,58776,76200,,69342,0,0,0,69342,12618,0,0,5609,18227,2.00% @ 55,https://www.calhr.ca.gov,,07/01/2014,,,,
2010,State Department,"Health Care Services, Department of",,Research Program Specialist II,,,,63708,77412,,69313,0,0,0,69313,12387,0,0,2873,15259,2.00% @ 55,https://www.calhr.ca.gov,,07/01/2014,,,,
2010,State Department,"Health Care Services, Department of",,"Staff Programmer Analyst (Specialist), Range A",,,,60780,77592,,69274,0,0,0,69274,12416,0,0,1811,14226,2.00% @ 55,https://www.calhr.ca.gov,,07/01/2014,,,,
2010,State Department,"Health Care Services, Department of",,Accounting Administrator II,,,,66912,80724,,69242,0,0,0,69242,12917,0,0,14084,27001,2.00% @ 55,https://www.calhr.ca.gov,,07/01/2014,,,,
2010,State Department,"Health Care Services, Department of",,"Associate Governmental Program Analyst, Range A",,,,52800,64176,,63055,0,6164,0,69219,11239,0,0,1805,13044,2.00% @ 55,https://www.calhr.ca.gov,,07/01/2014,,,,
2010,State Department,"Health Care Services, Department of",,"Supervising Fraud Investigator I, Department Of Health Services",,,,64428,81624,,68366,0,0,845,69211,18622,0,0,5376,23998,3.00% @ 50,https://www.calhr.ca.gov,,07/01/2014,,,,
2010,State Department,"Health Care Services, Department of",,Staff Services Manager II (Supervisory),,,,66912,80724,,68689,0,0,500,69189,12917,0,0,14084,27001,2.00% @ 55,https://www.calhr.ca.gov,,07/01/2014,,,,
2010,State Department,"Health Care Services, Department of",,"Staff Information Systems Analyst (Specialist), Range A",,,,60780,77592,,69178,0,0,0,69178,12416,0,0,1811,14226,2.00% @ 55,https://www.calhr.ca.gov,,07/01/2014,,,,
2010,State Department,"Health Care Services, Department of",,"Systems Software Specialist II (Technical), Range A",,,,66732,85164,,69161,0,0,0,69161,13061,0,0,10403,23465,2.00% @ 55,https://www.calhr.ca.gov,,07/01/2014,,,,
2010,State Department,"Health Care Services, Department of",,"Nurse Evaluator III, Health Services",,,,58776,76200,,69134,0,0,0,69134,12629,0,0,10844,23473,2.00% @ 55,https://www.calhr.ca.gov,,07/01/2014,,,,
2010,State Department,"Health Care Services, Department of",,"Nurse Evaluator II, Health Services",,,,59004,75228,,69116,0,0,0,69116,5642,0,0,1991,7632,2.00% @ 55,https://www.calhr.ca.gov,,07/01/2014,,,,
2010,State Department,"Health Care Services, Department of",,"Nurse Evaluator II, Health Services",,,,59004,75228,,67816,0,0,1244,69060,12257,0,0,3299,15555,2.00% @ 55,https://www.calhr.ca.gov,,07/01/2014,,,,
2010,State Department,"Health Care Services, Department of",,Staff Services Manager I,,,,60948,73524,,63152,0,0,5892,69044,11765,0,0,14084,25849,2.00% @ 55,https://www.calhr.ca.gov,,07/01/2014,,,,
2010,State Department,"Health Care Services, Department of",,"Systems Software Specialist II (Technical), Range A",,,,66732,85164,,69035,0,0,0,69035,13003,0,0,9916,22920,1.25% @ 65,https://www.calhr.ca.gov,,07/01/2014,,,,
2010,State Department,"Health Care Services, Department of",,Supervising Fraud Prevention Specialist I,,,,66912,80724,,69004,0,0,0,69004,12917,0,0,5636,18553,2.00% @ 55,https://www.calhr.ca.gov,,07/01/2014,,,,
2010,State Department,"Health Care Services, Department of",,Staff Services Manager II (Supervisory),,,,66912,80724,,68473,0,0,524,68997,12703,0,0,5636,18339,2.00% @ 55,https://www.calhr.ca.gov,,07/01/2014,,,,
2010,State Department,"Health Care Services, Department of",,Staff Services Manager II (Supervisory),,,,66912,80724,,68994,0,0,0,68994,12917,0,0,5636,18553,2.00% @ 55,https://www.calhr.ca.gov,,07/01/2014,,,,
2010,State Department,"Health Care Services, Department of",,Health Program Manager III,,,,81348,89688,,68949,0,0,0,68949,13359,0,0,10844,24204,2.00% @ 55,https://www.calhr.ca.gov,,07/01/2014,,,,
2010,State Department,"Health Care Services, Department of",,Staff Services Manager II (Supervisory),,,,66912,80724,,68865,0,0,0,68865,12308,0,0,2339,14647,2.00% @ 55,https://www.calhr.ca.gov,,07/01/2014,,,,
2010,State Department,"Health Care Services, Department of",,"Fraud Investigator, Department Of Health Services, Range C",,,,58656,74328,,68851,0,0,0,68851,18235,0,0,3299,21533,3.00% @ 50,https://www.calhr.ca.gov,,07/01/2014,,,,
2010,State Department,"Health Care Services, Department of",,Health Program Manager II,,,,66912,80724,,68827,0,0,24,68851,12917,0,0,5636,18553,2.00% @ 55,https://www.calhr.ca.gov,,07/01/2014,,,,
2010,State Department,"Health Care Services, Department of",,"Fraud Investigator, Department Of Health Services, Range C",,,,58656,74328,,66904,0,0,1845,68749,18186,0,0,5012,23198,3.00% @ 50,https://www.calhr.ca.gov,,07/01/2014,,,,
2010,State Department,"Health Care Services, Department of",,Staff Services Manager II (Supervisory),,,,66912,80724,,68728,0,0,0,68728,12917,0,0,5636,18553,2.00% @ 55,https://www.calhr.ca.gov,,07/01/2014,,,,
2010,State Department,"Health Care Services, Department of",,"Fraud Investigator, Department Of Health Services, Range C",,,,58656,74328,,67377,0,0,1300,68677,18264,0,0,5012,23276,3.00% @ 50,https://www.calhr.ca.gov,,07/01/2014,,,,
2010,State Department,"Health Care Services, Department of",,"Nurse Evaluator III, Health Services",,,,58776,76200,,68642,0,0,0,68642,12629,0,0,5636,18265,2.00% @ 55,https://www.calhr.ca.gov,,07/01/2014,,,,
2010,State Department,"Health Care Services, Department of",,"Nurse Evaluator IV, Health Services",,,,64548,83712,,68621,0,0,6,68627,12555,0,0,10844,23399,1.25% @ 65,https://www.calhr.ca.gov,,07/01/2014,,,,
2010,State Department,"Health Care Services, Department of",,"Nurse Evaluator IV, Health Services",,,,64548,83712,,68607,0,0,0,68607,13395,0,0,5636,19031,2.00% @ 55,https://www.calhr.ca.gov,,07/01/2014,,,,
2010,State Department,"Health Care Services, Department of",,"Fraud Investigator, Department Of Health Services, Range C",,,,58656,74328,,66407,0,0,2145,68552,18148,0,0,5012,23160,3.00% @ 50,https://www.calhr.ca.gov,,07/01/2014,,,,
2010,State Department,"Health Care Services, Department of",,"Nurse Evaluator II, Health Services",,,,59004,75228,,68548,0,0,0,68548,3764,0,0,1526,5289,2.00% @ 55,https://www.calhr.ca.gov,,07/01/2014,,,,
2010,State Department,"Health Care Services, Department of",,"Nurse Evaluator III, Health Services",,,,58776,76200,,68522,0,0,0,68522,12629,0,0,5636,18265,2.00% @ 55,https://www.calhr.ca.gov,,07/01/2014,,,,
2010,State Department,"Health Care Services, Department of",,"Fraud Investigator, Department Of Health Services, Range C",,,,58656,74328,,67221,0,0,1300,68521,18383,0,0,5012,23395,3.00% @ 50,https://www.calhr.ca.gov,,07/01/2014,,,,
2010,State Department,"Health Care Services, Department of",,Staff Services Manager I,,,,60948,73524,,30736,0,37772,0,68507,5358,0,0,5422,10780,2.00% @ 55,https://www.calhr.ca.gov,,07/01/2014,,,,
2010,State Department,"Health Care Services, Department of",,"Staff Information Systems Analyst (Specialist), Range A",,,,60780,77592,,66693,0,0,1770,68464,12630,0,0,5313,17944,2.00% @ 55,https://www.calhr.ca.gov,,07/01/2014,,,,
2010,State Department,"Health Care Services, Department of",,"Staff Information Systems Analyst (Specialist), Range A",,,,60780,77592,,68452,0,0,0,68452,12258,0,0,2873,15131,1.25% @ 65,https://www.calhr.ca.gov,,07/01/2014,,,,
2010,State Department,"Health Care Services, Department of",,"Nurse Evaluator III, Health Services",,,,58776,76200,,68429,0,0,0,68429,12629,0,0,5636,18265,2.00% @ 55,https://www.calhr.ca.gov,,07/01/2014,,,,
2010,State Department,"Health Care Services, Department of",,"Nurse Evaluator III, Health Services",,,,58776,76200,,68429,0,0,0,68429,12629,0,0,5636,18265,2.00% @ 55,https://www.calhr.ca.gov,,07/01/2014,,,,
2010,State Department,"Health Care Services, Department of",,"Nurse Evaluator III, Health Services",,,,58776,76200,,68429,0,0,0,68429,12629,0,0,5636,18265,2.00% @ 55,https://www.calhr.ca.gov,,07/01/2014,,,,
2010,State Department,"Health Care Services, Department of",,Data Processing Manager I,,,,63816,81468,,68426,0,0,0,68426,13036,0,0,14084,27120,2.00% @ 55,https://www.calhr.ca.gov,,07/01/2014,,,,
2010,State Department,"Health Care Services, Department of",,Staff Services Manager III,,,,81348,89688,,68417,0,0,0,68417,13259,0,0,10844,24104,2.00% @ 55,https://www.calhr.ca.gov,,07/01/2014,,,,
2010,State Department,"Health Care Services, Department of",,"Health Program Audit Manager I, Department Of Health Services",,,,61344,77712,,68372,0,0,30,68402,12435,0,0,5636,18071,2.00% @ 55,https://www.calhr.ca.gov,,07/01/2014,,,,
2010,State Department,"Health Care Services, Department of",,"Staff Information Systems Analyst (Specialist), Range A",,,,60780,77592,,66958,0,0,1434,68393,12638,0,0,5313,17952,2.00% @ 55,https://www.calhr.ca.gov,,07/01/2014,,,,
2010,State Department,"Health Care Services, Department of",,"Nurse Evaluator IV, Health Services",,,,64548,83712,,68329,0,0,0,68329,12963,0,0,10844,23807,2.00% @ 55,https://www.calhr.ca.gov,,07/01/2014,,,,
2010,State Department,"Health Care Services, Department of",,"Nurse Evaluator II, Health Services",,,,59004,75228,,68318,0,0,0,68318,12072,0,0,1991,14062,2.00% @ 55,https://www.calhr.ca.gov,,07/01/2014,,,,
2010,State Department,"Health Care Services, Department of",,"Nurse Evaluator III, Health Services",,,,58776,76200,,68246,0,0,0,68246,12847,0,0,10844,23691,2.00% @ 55,https://www.calhr.ca.gov,,07/01/2014,,,,
2010,State Department,"Health Care Services, Department of",,Staff Services Manager II (Supervisory),,,,66912,80724,,68184,0,0,52,68236,12917,0,0,10844,23761,2.00% @ 55,https://www.calhr.ca.gov,,07/01/2014,,,,
2010,State Department,"Health Care Services, Department of",,"Nurse Evaluator IV, Health Services",,,,64548,83712,,68213,0,0,0,68213,12825,0,0,11076,23901,2.00% @ 55,https://www.calhr.ca.gov,,07/01/2014,,,,
2010,State Department,"Health Care Services, Department of",,"Nurse Evaluator II, Health Services",,,,59004,75228,,68175,0,0,0,68175,12058,0,0,1991,14048,2.00% @ 55,https://www.calhr.ca.gov,,07/01/2014,,,,
2010,State Department,"Health Care Services, Department of",,"Nurse Evaluator III, Health Services",,,,58776,76200,,68118,0,0,0,68118,12629,0,0,5636,18265,2.00% @ 55,https://www.calhr.ca.gov,,07/01/2014,,,,
2010,State Department,"Health Care Services, Department of",,"Nurse Evaluator II, Health Services",,,,59004,75228,,68116,0,0,0,68116,12037,0,0,1991,14028,2.00% @ 55,https://www.calhr.ca.gov,,07/01/2014,,,,
2010,State Department,"Health Care Services, Department of",,"Nurse Evaluator II, Health Services",,,,59004,75228,,68116,0,0,0,68116,12037,0,0,1991,14028,2.00% @ 55,https://www.calhr.ca.gov,,07/01/2014,,,,
2010,State Department,"Health Care Services, Department of",,"Nurse Evaluator II, Health Services",,,,59004,75228,,68116,0,0,0,68116,12037,0,0,1991,14028,2.00% @ 55,https://www.calhr.ca.gov,,07/01/2014,,,,
2010,State Department,"Health Care Services, Department of",,"Nurse Evaluator II, Health Services",,,,59004,75228,,68116,0,0,0,68116,12037,0,0,1991,14028,2.00% @ 55,https://www.calhr.ca.gov,,07/01/2014,,,,
2010,State Department,"Health Care Services, Department of",,"Nurse Evaluator II, Health Services",,,,59004,75228,,68116,0,0,0,68116,12037,0,0,1991,14028,2.00% @ 55,https://www.calhr.ca.gov,,07/01/2014,,,,
2010,State Department,"Health Care Services, Department of",,"Nurse Evaluator II, Health Services",,,,59004,75228,,68116,0,0,0,68116,12037,0,0,1991,14028,2.00% @ 55,https://www.calhr.ca.gov,,07/01/2014,,,,
2010,State Department,"Health Care Services, Department of",,"Nurse Evaluator II, Health Services",,,,59004,75228,,68116,0,0,0,68116,12037,0,0,1991,14028,2.00% @ 55,https://www.calhr.ca.gov,,07/01/2014,,,,
2010,State Department,"Health Care Services, Department of",,"Nurse Evaluator II, Health Services",,,,59004,75228,,68116,0,0,0,68116,12037,0,0,1991,14028,2.00% @ 55,https://www.calhr.ca.gov,,07/01/2014,,,,
2010,State Department,"Health Care Services, Department of",,"Nurse Evaluator II, Health Services",,,,59004,75228,,68116,0,0,0,68116,12037,0,0,1991,14028,2.00% @ 55,https://www.calhr.ca.gov,,07/01/2014,,,,
2010,State Department,"Health Care Services, Department of",,"Nurse Evaluator II, Health Services",,,,59004,75228,,68116,0,0,0,68116,12037,0,0,1991,14028,2.00% @ 55,https://www.calhr.ca.gov,,07/01/2014,,,,
2010,State Department,"Health Care Services, Department of",,"Nurse Evaluator II, Health Services",,,,59004,75228,,68116,0,0,0,68116,12037,0,0,1991,14028,2.00% @ 55,https://www.calhr.ca.gov,,07/01/2014,,,,
2010,State Department,"Health Care Services, Department of",,"Nurse Evaluator II, Health Services",,,,59004,75228,,68116,0,0,0,68116,10210,0,0,1991,12201,2.00% @ 55,https://www.calhr.ca.gov,,07/01/2014,,,,
2010,State Department,"Health Care Services, Department of",,"Nurse Evaluator II, Health Services",,,,59004,75228,,68116,0,0,0,68116,2754,0,0,1991,4745,2.00% @ 55,https://www.calhr.ca.gov,,07/01/2014,,,,
2010,State Department,"Health Care Services, Department of",,"Fraud Investigator, Department Of Health Services, Range C",,,,58656,74328,,66128,1987,0,0,68115,17584,0,0,5012,22596,3.00% @ 50,https://www.calhr.ca.gov,,07/01/2014,,,,
2010,State Department,"Health Care Services, Department of",,Health Program Manager II,,,,66912,80724,,68095,0,0,0,68095,12917,0,0,10844,23761,2.00% @ 55,https://www.calhr.ca.gov,,07/01/2014,,,,
2010,State Department,"Health Care Services, Department of",,Staff Services Manager II (Supervisory),,,,66912,80724,,68095,0,0,0,68095,12917,0,0,10844,23761,2.00% @ 55,https://www.calhr.ca.gov,,07/01/2014,,,,
2010,State Department,"Health Care Services, Department of",,"Health Program Audit Manager I, Department Of Health Services",,,,61344,77712,,68091,0,0,0,68091,12619,0,0,5571,18190,2.00% @ 55,https://www.calhr.ca.gov,,07/01/2014,,,,
2010,State Department,"Health Care Services, Department of",,"Tax Compliance Representative, Range C",,,,46092,56040,,49300,0,18780,0,68080,9854,0,0,11761,21615,2.00% @ 55,https://www.calhr.ca.gov,,07/01/2014,,,,
2010,State Department,"Health Care Services, Department of",,"Health Program Audit Manager I, Department Of Health Services",,,,61344,77712,,68047,0,0,0,68047,12435,0,0,5636,18071,2.00% @ 55,https://www.calhr.ca.gov,,07/01/2014,,,,
2010,State Department,"Health Care Services, Department of",,"Fraud Investigator, Department Of Health Services, Range C",,,,58656,74328,,66546,0,0,1495,68041,18086,0,0,5012,23099,3.00% @ 50,https://www.calhr.ca.gov,,07/01/2014,,,,
2010,State Department,"Health Care Services, Department of",,"Nurse Evaluator III, Health Services",,,,58776,76200,,68031,0,0,0,68031,12469,0,0,5636,18105,1.25% @ 65,https://www.calhr.ca.gov,,07/01/2014,,,,
2010,State Department,"Health Care Services, Department of",,Staff Services Manager II (Supervisory),,,,66912,80724,,68012,0,0,0,68012,12917,0,0,14084,27001,2.00% @ 55,https://www.calhr.ca.gov,,07/01/2014,,,,
2010,State Department,"Health Care Services, Department of",,Personnel Supervisor II,,,,48300,58704,,53088,0,12008,2900,67996,9900,0,0,6148,16048,2.00% @ 55,https://www.calhr.ca.gov,,07/01/2014,,,,
2010,State Department,"Health Care Services, Department of",,"Nurse Evaluator III, Health Services",,,,58776,76200,,67975,0,0,0,67975,12629,0,0,5636,18265,2.00% @ 55,https://www.calhr.ca.gov,,07/01/2014,,,,
2010,State Department,"Health Care Services, Department of",,"Fraud Investigator, Department Of Health Services, Range C",,,,58656,74328,,67951,0,0,0,67951,17909,0,0,1991,19900,3.00% @ 50,https://www.calhr.ca.gov,,07/01/2014,,,,
2010,State Department,"Health Care Services, Department of",,"Nurse Evaluator II, Health Services",,,,59004,75228,,67936,0,0,0,67936,11682,0,0,1991,13672,2.00% @ 55,https://www.calhr.ca.gov,,07/01/2014,,,,
2010,State Department,"Health Care Services, Department of",,"Health Program Audit Manager I, Department Of Health Services",,,,61344,77712,,67927,0,0,0,67927,12435,0,0,5636,18071,2.00% @ 55,https://www.calhr.ca.gov,,07/01/2014,,,,
2010,State Department,"Health Care Services, Department of",,"Fraud Investigator, Department Of Health Services, Range C",,,,58656,74328,,64606,1544,0,1760,67910,18852,0,0,12752,31604,3.00% @ 50,https://www.calhr.ca.gov,,07/01/2014,,,,
2010,State Department,"Health Care Services, Department of",,"Nurse Evaluator IV, Health Services",,,,64548,83712,,67908,0,0,0,67908,12794,0,0,10807,23601,2.00% @ 55,https://www.calhr.ca.gov,,07/01/2014,,,,
2010,State Department,"Health Care Services, Department of",,"Health Program Audit Manager I, Department Of Health Services",,,,61344,77712,,67904,0,0,0,67904,12435,0,0,3526,15961,2.00% @ 55,https://www.calhr.ca.gov,,07/01/2014,,,,
2010,State Department,"Health Care Services, Department of",,"C.E.A., Range 1",,,,74076,160572,,67883,0,0,0,67883,12829,0,0,5649,18479,2.00% @ 55,https://www.calhr.ca.gov,,07/01/2014,,,,
2010,State Department,"Health Care Services, Department of",,"Pharmaceutical Consultant I, Department Of Health Services",,,,62004,89508,,68245,0,0,-369,67875,0,0,0,8025,8025,Alternate Retirement Plan (ARP),https://www.calhr.ca.gov,,07/01/2014,,,,
2010,State Department,"Health Care Services, Department of",,"Nurse Evaluator III, Health Services",,,,58776,76200,,67851,0,0,0,67851,11989,0,0,1991,13980,2.00% @ 55,https://www.calhr.ca.gov,,07/01/2014,,,,
2010,State Department,"Health Care Services, Department of",,"Staff Information Systems Analyst (Specialist), Range A",,,,60780,77592,,67103,0,0,715,67818,12416,0,0,5671,18086,2.00% @ 55,https://www.calhr.ca.gov,,07/01/2014,,,,
2010,State Department,"Health Care Services, Department of",,"Nurse Evaluator II, Health Services",,,,59004,75228,,67818,0,0,0,67818,11987,0,0,1991,13978,2.00% @ 55,https://www.calhr.ca.gov,,07/01/2014,,,,
2010,State Department,"Health Care Services, Department of",,"Nurse Evaluator II, Health Services",,,,59004,75228,,67818,0,0,0,67818,11978,0,0,1991,13969,2.00% @ 55,https://www.calhr.ca.gov,,07/01/2014,,,,
2010,State Department,"Health Care Services, Department of",,"Nurse Evaluator II, Health Services",,,,59004,75228,,67816,0,0,0,67816,12037,0,0,3299,15336,2.00% @ 55,https://www.calhr.ca.gov,,07/01/2014,,,,
2010,State Department,"Health Care Services, Department of",,"Nurse Evaluator II, Health Services",,,,59004,75228,,67816,0,0,0,67816,12037,0,0,3299,15336,2.00% @ 55,https://www.calhr.ca.gov,,07/01/2014,,,,
2010,State Department,"Health Care Services, Department of",,"Nurse Evaluator II, Health Services",,,,59004,75228,,67816,0,0,0,67816,12037,0,0,3276,15313,2.00% @ 55,https://www.calhr.ca.gov,,07/01/2014,,,,
2010,State Department,"Health Care Services, Department of",,"Nurse Evaluator II, Health Services",,,,59004,75228,,67816,0,0,0,67816,12037,0,0,2796,14833,2.00% @ 55,https://www.calhr.ca.gov,,07/01/2014,,,,
2010,State Department,"Health Care Services, Department of",,"Nurse Evaluator II, Health Services",,,,59004,75228,,67816,0,0,0,67816,12037,0,0,2796,14833,2.00% @ 55,https://www.calhr.ca.gov,,07/01/2014,,,,
2010,State Department,"Health Care Services, Department of",,"Nurse Evaluator II, Health Services",,,,59004,75228,,67816,0,0,0,67816,12037,0,0,2796,14833,2.00% @ 55,https://www.calhr.ca.gov,,07/01/2014,,,,
2010,State Department,"Health Care Services, Department of",,"Nurse Evaluator II, Health Services",,,,59004,75228,,67816,0,0,0,67816,12037,0,0,2594,14632,2.00% @ 55,https://www.calhr.ca.gov,,07/01/2014,,,,
2010,State Department,"Health Care Services, Department of",,"Nurse Evaluator II, Health Services",,,,59004,75228,,67816,0,0,0,67816,12037,0,0,2313,14350,2.00% @ 55,https://www.calhr.ca.gov,,07/01/2014,,,,
2010,State Department,"Health Care Services, Department of",,"Nurse Evaluator II, Health Services",,,,59004,75228,,67816,0,0,0,67816,12037,0,0,1691,13728,2.00% @ 55,https://www.calhr.ca.gov,,07/01/2014,,,,
2010,State Department,"Health Care Services, Department of",,"Nurse Evaluator II, Health Services",,,,59004,75228,,67816,0,0,0,67816,3668,0,0,3299,6966,2.00% @ 55,https://www.calhr.ca.gov,,07/01/2014,,,,
2010,State Department,"Health Care Services, Department of",,"Nurse Evaluator IV, Health Services",,,,64548,83712,,67807,0,0,0,67807,12874,0,0,10844,23719,2.00% @ 55,https://www.calhr.ca.gov,,07/01/2014,,,,
2010,State Department,"Health Care Services, Department of",,"Nurse Evaluator II, Health Services",,,,59004,75228,,67780,0,0,0,67780,12037,0,0,2277,14314,2.00% @ 55,https://www.calhr.ca.gov,,07/01/2014,,,,
2010,State Department,"Health Care Services, Department of",,"Nurse Evaluator III, Health Services",,,,58776,76200,,67778,0,0,0,67778,12629,0,0,5636,18265,2.00% @ 55,https://www.calhr.ca.gov,,07/01/2014,,,,
2010,State Department,"Health Care Services, Department of",,Staff Services Manager II (Supervisory),,,,66912,80724,,67747,0,0,0,67747,12917,0,0,14084,27001,2.00% @ 55,https://www.calhr.ca.gov,,07/01/2014,,,,
2010,State Department,"Health Care Services, Department of",,"Nurse Evaluator III, Health Services",,,,58776,76200,,67716,0,0,0,67716,12847,0,0,10844,23691,2.00% @ 55,https://www.calhr.ca.gov,,07/01/2014,,,,
2010,State Department,"Health Care Services, Department of",,Research Manager II -General-,,,,66912,80724,,67171,0,0,500,67671,12917,0,0,14084,27001,2.00% @ 55,https://www.calhr.ca.gov,,07/01/2014,,,,
2010,State Department,"Health Care Services, Department of",,"Nurse Consultant III (Specialist), Range A",,,,71436,91728,,67633,0,0,0,67633,13272,0,0,5312,18584,2.00% @ 55,https://www.calhr.ca.gov,,07/01/2014,,,,
2010,State Department,"Health Care Services, Department of",,"Senior Programmer Analyst (Specialist), Range A",,,,66852,85308,,66317,999,0,313,67629,12913,0,0,13625,26538,2.00% @ 55,https://www.calhr.ca.gov,,07/01/2014,,,,
2010,State Department,"Health Care Services, Department of",,"Nurse Evaluator II, Health Services",,,,59004,75228,,67620,0,0,0,67620,12015,0,0,2313,14328,2.00% @ 55,https://www.calhr.ca.gov,,07/01/2014,,,,
2010,State Department,"Health Care Services, Department of",,Research Manager II -General-,,,,66912,80724,,67590,0,0,0,67590,12637,0,0,14084,26722,2.00% @ 55,https://www.calhr.ca.gov,,07/01/2014,,,,
2010,State Department,"Health Care Services, Department of",,"Nurse Evaluator III, Health Services",,,,58776,76200,,67551,0,0,0,67551,11989,0,0,3526,15515,2.00% @ 55,https://www.calhr.ca.gov,,07/01/2014,,,,
2010,State Department,"Health Care Services, Department of",,Staff Services Manager I,,,,60948,73524,,66615,0,0,918,67533,11920,0,0,1991,13911,2.00% @ 55,https://www.calhr.ca.gov,,07/01/2014,,,,
2010,State Department,"Health Care Services, Department of",,"Nurse Evaluator III, Health Services",,,,58776,76200,,67529,0,0,0,67529,12629,0,0,5636,18265,2.00% @ 55,https://www.calhr.ca.gov,,07/01/2014,,,,
2010,State Department,"Health Care Services, Department of",,"Staff Programmer Analyst (Specialist), Range A",,,,60780,77592,,67524,0,0,0,67524,12416,0,0,5313,17729,2.00% @ 55,https://www.calhr.ca.gov,,07/01/2014,,,,
2010,State Department,"Health Care Services, Department of",,Research Program Specialist II,,,,63708,77412,,67522,0,0,0,67522,12387,0,0,5188,17575,2.00% @ 55,https://www.calhr.ca.gov,,07/01/2014,,,,
2010,State Department,"Health Care Services, Department of",,Staff Services Manager III,,,,81348,89688,,67521,0,0,0,67521,12854,0,0,13931,26785,2.00% @ 55,https://www.calhr.ca.gov,,07/01/2014,,,,
2010,State Department,"Health Care Services, Department of",,"Nurse Evaluator II, Health Services",,,,59004,75228,,67276,0,0,195,67471,12037,0,0,1991,14028,2.00% @ 55,https://www.calhr.ca.gov,,07/01/2014,,,,
2010,State Department,"Health Care Services, Department of",,"Health Program Audit Manager I, Department Of Health Services",,,,61344,77712,,67454,0,0,0,67454,12435,0,0,5636,18071,2.00% @ 55,https://www.calhr.ca.gov,,07/01/2014,,,,
2010,State Department,"Health Care Services, Department of",,"Nurse Evaluator III, Health Services",,,,58776,76200,,67411,0,0,0,67411,12629,0,0,10844,23473,2.00% @ 55,https://www.calhr.ca.gov,,07/01/2014,,,,
2010,State Department,"Health Care Services, Department of",,"Senior Programmer Analyst (Specialist), Range A",,,,66852,85308,,66349,727,0,298,67375,12568,0,0,10047,22615,2.00% @ 55,https://www.calhr.ca.gov,,07/01/2014,,,,
2010,State Department,"Health Care Services, Department of",,"Health Program Audit Manager I, Department Of Health Services",,,,61344,77712,,67363,0,0,0,67363,12435,0,0,10844,23279,2.00% @ 55,https://www.calhr.ca.gov,,07/01/2014,,,,
2010,State Department,"Health Care Services, Department of",,"Health Program Audit Manager I, Department Of Health Services",,,,61344,77712,,67361,0,0,0,67361,12435,0,0,5636,18071,2.00% @ 55,https://www.calhr.ca.gov,,07/01/2014,,,,
2010,State Department,"Health Care Services, Department of",,"Health Program Audit Manager I, Department Of Health Services",,,,61344,77712,,67361,0,0,0,67361,12435,0,0,5636,18071,2.00% @ 55,https://www.calhr.ca.gov,,07/01/2014,,,,
2010,State Department,"Health Care Services, Department of",,"Health Program Audit Manager II, Department Of Health Services",,,,67368,85320,,67284,0,0,54,67338,12650,0,0,14084,26734,2.00% @ 55,https://www.calhr.ca.gov,,07/01/2014,,,,
2010,State Department,"Health Care Services, Department of",,Staff Services Manager II (Supervisory),,,,66912,80724,,66809,0,0,500,67309,11889,0,0,3526,15415,2.00% @ 55,https://www.calhr.ca.gov,,07/01/2014,,,,
2010,State Department,"Health Care Services, Department of",,"Nurse Evaluator II, Health Services",,,,59004,75228,,67298,0,0,0,67298,12072,0,0,1991,14062,2.00% @ 55,https://www.calhr.ca.gov,,07/01/2014,,,,
2010,State Department,"Health Care Services, Department of",,Health Program Specialist I,,,,57996,70488,,47489,0,19808,0,67297,6251,0,0,8216,14466,,https://www.calhr.ca.gov,,07/01/2014,,,,
2010,State Department,"Health Care Services, Department of",,"Associate Governmental Program Analyst, Range A",,,,52800,64176,,49814,0,17473,0,67287,9186,0,0,5202,14388,2.00% @ 55,https://www.calhr.ca.gov,,07/01/2014,,,,
2010,State Department,"Health Care Services, Department of",,"Staff Information Systems Analyst (Specialist), Range A",,,,60780,77592,,67258,0,0,0,67258,12416,0,0,4991,17406,2.00% @ 55,https://www.calhr.ca.gov,,07/01/2014,,,,
2010,State Department,"Health Care Services, Department of",,"Fraud Investigator, Department Of Health Services, Range C",,,,58656,74328,,66393,0,0,845,67238,20180,0,0,9776,29956,3.00% @ 50,https://www.calhr.ca.gov,,07/01/2014,,,,
2010,State Department,"Health Care Services, Department of",,"Nurse Evaluator II, Health Services",,,,59004,75228,,67181,0,0,0,67181,12037,0,0,1991,14028,2.00% @ 55,https://www.calhr.ca.gov,,07/01/2014,,,,
2010,State Department,"Health Care Services, Department of",,"Health Program Audit Manager I, Department Of Health Services",,,,61344,77712,,67176,0,0,0,67176,12403,0,0,5636,18040,2.00% @ 55,https://www.calhr.ca.gov,,07/01/2014,,,,
2010,State Department,"Health Care Services, Department of",,"Nurse Consultant II, Range A",,,,65460,83892,,67163,0,0,0,67163,12701,0,0,10400,23101,2.00% @ 55,https://www.calhr.ca.gov,,07/01/2014,,,,
2010,State Department,"Health Care Services, Department of",,Staff Services Manager II (Supervisory),,,,66912,80724,,67123,0,0,0,67123,12917,0,0,10844,23761,2.00% @ 55,https://www.calhr.ca.gov,,07/01/2014,,,,
2010,State Department,"Health Care Services, Department of",,"Health Program Audit Manager I, Department Of Health Services",,,,61344,77712,,67096,0,0,0,67096,12435,0,0,5636,18071,2.00% @ 55,https://www.calhr.ca.gov,,07/01/2014,,,,
2010,State Department,"Health Care Services, Department of",,"Fraud Investigator, Department Of Health Services, Range C",,,,58656,74328,,63706,0,0,3357,67062,19133,0,0,12752,31886,3.00% @ 50,https://www.calhr.ca.gov,,07/01/2014,,,,
2010,State Department,"Health Care Services, Department of",,"Health Program Audit Manager I, Department Of Health Services",,,,61344,77712,,66542,0,0,500,67042,12435,0,0,5636,18071,2.00% @ 55,https://www.calhr.ca.gov,,07/01/2014,,,,
2010,State Department,"Health Care Services, Department of",,"Fraud Investigator, Department Of Health Services, Range C",,,,58656,74328,,66177,0,0,845,67022,18235,0,0,5012,23247,3.00% @ 50,https://www.calhr.ca.gov,,07/01/2014,,,,
2010,State Department,"Health Care Services, Department of",,Health Program Manager II,,,,66912,80724,,67001,0,0,0,67001,12917,0,0,5636,18553,2.00% @ 55,https://www.calhr.ca.gov,,07/01/2014,,,,
2010,State Department,"Health Care Services, Department of",,"Systems Software Specialist II (Technical), Range A",,,,66732,85164,,66996,0,0,0,66996,12418,0,0,5243,17662,2.00% @ 55,https://www.calhr.ca.gov,,07/01/2014,,,,
2010,State Department,"Health Care Services, Department of",,"Fraud Investigator, Department Of Health Services, Range C",,,,58656,74328,,66136,0,0,845,66981,18656,0,0,12752,31408,3.00% @ 50,https://www.calhr.ca.gov,,07/01/2014,,,,
2010,State Department,"Health Care Services, Department of",,"Staff Programmer Analyst (Specialist), Range A",,,,60780,77592,,66958,0,0,0,66958,12416,0,0,5313,17729,2.00% @ 55,https://www.calhr.ca.gov,,07/01/2014,,,,
2010,State Department,"Health Care Services, Department of",,"Staff Information Systems Analyst (Specialist), Range A",,,,60780,77592,,66958,0,0,0,66958,12416,0,0,5313,17729,2.00% @ 55,https://www.calhr.ca.gov,,07/01/2014,,,,
2010,State Department,"Health Care Services, Department of",,"Staff Programmer Analyst (Specialist), Range A",,,,60780,77592,,66958,0,0,0,66958,12416,0,0,5313,17729,2.00% @ 55,https://www.calhr.ca.gov,,07/01/2014,,,,
2010,State Department,"Health Care Services, Department of",,Staff Services Manager II (Supervisory),,,,66912,80724,,66956,0,0,0,66956,12703,0,0,14084,26787,2.00% @ 55,https://www.calhr.ca.gov,,07/01/2014,,,,
2010,State Department,"Health Care Services, Department of",,Staff Services Manager II (Supervisory),,,,66912,80724,,66931,0,0,0,66931,12917,0,0,14084,27001,2.00% @ 55,https://www.calhr.ca.gov,,07/01/2014,,,,
2010,State Department,"Health Care Services, Department of",,"Health Program Auditor IV, Department Of Health Services",,,,57996,74016,,66868,0,0,24,66892,11843,0,0,1811,13654,2.00% @ 55,https://www.calhr.ca.gov,,07/01/2014,,,,
2010,State Department,"Health Care Services, Department of",,"Health Program Auditor IV, Department Of Health Services",,,,57996,74016,,66868,0,0,6,66874,11843,0,0,1811,13654,2.00% @ 55,https://www.calhr.ca.gov,,07/01/2014,,,,
2010,State Department,"Health Care Services, Department of",,"Fraud Investigator, Department Of Health Services, Range C",,,,58656,74328,,60854,4626,0,1394,66874,18106,0,0,9776,27882,3.00% @ 50,https://www.calhr.ca.gov,,07/01/2014,,,,
2010,State Department,"Health Care Services, Department of",,"Fraud Investigator, Department Of Health Services, Range C",,,,58656,74328,,64667,0,0,2145,66812,17686,0,0,5012,22698,3.00% @ 50,https://www.calhr.ca.gov,,07/01/2014,,,,
2010,State Department,"Health Care Services, Department of",,"Nurse Evaluator II, Health Services",,,,59004,75228,,66796,0,0,0,66796,12037,0,0,3299,15336,2.00% @ 55,https://www.calhr.ca.gov,,07/01/2014,,,,
2010,State Department,"Health Care Services, Department of",,"Nurse Evaluator II, Health Services",,,,59004,75228,,66796,0,0,0,66796,12037,0,0,3299,15336,2.00% @ 55,https://www.calhr.ca.gov,,07/01/2014,,,,
2010,State Department,"Health Care Services, Department of",,"Nurse Evaluator II, Health Services",,,,59004,75228,,66796,0,0,0,66796,12037,0,0,2796,14833,2.00% @ 55,https://www.calhr.ca.gov,,07/01/2014,,,,
2010,State Department,"Health Care Services, Department of",,"Nurse Evaluator II, Health Services",,,,59004,75228,,66796,0,0,0,66796,12037,0,0,2796,14833,2.00% @ 55,https://www.calhr.ca.gov,,07/01/2014,,,,
2010,State Department,"Health Care Services, Department of",,"Staff Information Systems Analyst (Specialist), Range A",,,,60780,77592,,66758,0,0,0,66758,12416,0,0,10403,22819,2.00% @ 55,https://www.calhr.ca.gov,,07/01/2014,,,,
2010,State Department,"Health Care Services, Department of",,"Health Program Audit Manager I, Department Of Health Services",,,,61344,77712,,66753,0,0,0,66753,12334,0,0,10337,22671,2.00% @ 55,https://www.calhr.ca.gov,,07/01/2014,,,,
2010,State Department,"Health Care Services, Department of",,Staff Services Manager II (Supervisory),,,,66912,80724,,66740,0,0,0,66740,12917,0,0,5636,18553,2.00% @ 55,https://www.calhr.ca.gov,,07/01/2014,,,,
2010,State Department,"Health Care Services, Department of",,"Nurse Evaluator III, Health Services",,,,58776,76200,,66729,0,0,0,66729,12629,0,0,14084,26713,2.00% @ 55,https://www.calhr.ca.gov,,07/01/2014,,,,
2010,State Department,"Health Care Services, Department of",,Health Program Manager II,,,,66912,80724,,66724,0,0,0,66724,12917,0,0,10844,23761,2.00% @ 55,https://www.calhr.ca.gov,,07/01/2014,,,,
2010,State Department,"Health Care Services, Department of",,"Fraud Investigator, Department Of Health Services, Range C",,,,58656,74328,,65384,0,0,1300,66684,18555,0,0,5012,23567,3.00% @ 50,https://www.calhr.ca.gov,,07/01/2014,,,,
2010,State Department,"Health Care Services, Department of",,"Fraud Investigator, Department Of Health Services, Range C",,,,58656,74328,,65835,0,0,845,66680,18296,0,0,5012,23309,3.00% @ 50,https://www.calhr.ca.gov,,07/01/2014,,,,
2010,State Department,"Health Care Services, Department of",,"Systems Software Specialist II (Technical), Range A",,,,66732,85164,,66641,0,0,0,66641,12615,0,0,13607,26222,1.25% @ 65,https://www.calhr.ca.gov,,07/01/2014,,,,
2010,State Department,"Health Care Services, Department of",,"Nurse Evaluator II, Health Services",,,,59004,75228,,66625,0,0,0,66625,11791,0,0,2837,14629,2.00% @ 55,https://www.calhr.ca.gov,,07/01/2014,,,,
2010,State Department,"Health Care Services, Department of",,"Nurse Evaluator II, Health Services",,,,59004,75228,,66594,0,0,24,66618,11831,0,0,1991,13821,2.00% @ 55,https://www.calhr.ca.gov,,07/01/2014,,,,
2010,State Department,"Health Care Services, Department of",,Accounting Administrator I (Supervisor),,,,60948,73524,,66615,0,0,0,66615,11765,0,0,1991,13755,2.00% @ 55,https://www.calhr.ca.gov,,07/01/2014,,,,
2010,State Department,"Health Care Services, Department of",,Staff Services Manager II (Supervisory),,,,66912,80724,,66591,0,0,0,66591,12788,0,0,14084,26873,2.00% @ 55,https://www.calhr.ca.gov,,07/01/2014,,,,
2010,State Department,"Health Care Services, Department of",,"Health Program Audit Manager I, Department Of Health Services",,,,61344,77712,,66590,0,0,0,66590,12435,0,0,14084,26519,2.00% @ 55,https://www.calhr.ca.gov,,07/01/2014,,,,
2010,State Department,"Health Care Services, Department of",,"Nurse Evaluator II, Health Services",,,,59004,75228,,66524,0,0,0,66524,11696,0,0,1515,13211,1.25% @ 65,https://www.calhr.ca.gov,,07/01/2014,,,,
2010,State Department,"Health Care Services, Department of",,Research Program Specialist II,,,,63708,77412,,66519,0,0,0,66519,11894,0,0,1811,13704,2.00% @ 55,https://www.calhr.ca.gov,,07/01/2014,,,,
2010,State Department,"Health Care Services, Department of",,"Nurse Evaluator II, Health Services",,,,59004,75228,,66796,0,0,-302,66494,12037,0,0,4138,16176,2.00% @ 55,https://www.calhr.ca.gov,,07/01/2014,,,,
2010,State Department,"Health Care Services, Department of",,Research Program Specialist II,,,,63708,77412,,66474,0,0,0,66474,12387,0,0,10781,23167,2.00% @ 55,https://www.calhr.ca.gov,,07/01/2014,,,,
2010,State Department,"Health Care Services, Department of",,Staff Services Manager II (Supervisory),,,,66912,80724,,66436,0,0,0,66436,12836,0,0,14008,26844,2.00% @ 55,https://www.calhr.ca.gov,,07/01/2014,,,,
2010,State Department,"Health Care Services, Department of",,Health Program Specialist I,,,,57996,70488,,63074,0,3361,0,66436,12344,0,0,11351,23695,2.00% @ 55,https://www.calhr.ca.gov,,07/01/2014,,,,
2010,State Department,"Health Care Services, Department of",,"Nurse Evaluator II, Health Services",,,,59004,75228,,66433,0,0,0,66433,5723,0,0,5312,11036,2.00% @ 55,https://www.calhr.ca.gov,,07/01/2014,,,,
2010,State Department,"Health Care Services, Department of",,"Nurse Evaluator III, Health Services",,,,58776,76200,,66428,0,0,0,66428,12629,0,0,14084,26713,2.00% @ 55,https://www.calhr.ca.gov,,07/01/2014,,,,
2010,State Department,"Health Care Services, Department of",,"Nurse Evaluator III, Health Services",,,,58776,76200,,66428,0,0,0,66428,12629,0,0,14084,26713,2.00% @ 55,https://www.calhr.ca.gov,,07/01/2014,,,,
2010,State Department,"Health Care Services, Department of",,"Nurse Evaluator III, Health Services",,,,58776,76200,,66416,0,0,0,66416,12629,0,0,10844,23473,2.00% @ 55,https://www.calhr.ca.gov,,07/01/2014,,,,
2010,State Department,"Health Care Services, Department of",,"Nurse Evaluator II, Health Services",,,,59004,75228,,66411,0,0,0,66411,12037,0,0,856,12893,2.00% @ 55,https://www.calhr.ca.gov,,07/01/2014,,,,
2010,State Department,"Health Care Services, Department of",,"Nurse Evaluator III, Health Services",,,,58776,76200,,66383,0,0,0,66383,12629,0,0,9108,21737,2.00% @ 55,https://www.calhr.ca.gov,,07/01/2014,,,,
2010,State Department,"Health Care Services, Department of",,"Staff Programmer Analyst (Specialist), Range A",,,,60780,77592,,64091,1725,0,560,66375,12510,0,0,13625,26135,2.00% @ 55,https://www.calhr.ca.gov,,07/01/2014,,,,
2010,State Department,"Health Care Services, Department of",,"Health Program Audit Manager II, Department Of Health Services",,,,67368,85320,,66375,0,0,0,66375,12949,0,0,14084,27033,2.00% @ 55,https://www.calhr.ca.gov,,07/01/2014,,,,
2010,State Department,"Health Care Services, Department of",,Research Program Specialist II,,,,63708,77412,,66346,0,0,0,66346,12387,0,0,5313,17700,2.00% @ 55,https://www.calhr.ca.gov,,07/01/2014,,,,
2010,State Department,"Health Care Services, Department of",,"Fraud Investigator, Department Of Health Services, Range C",,,,58656,74328,,65490,0,0,845,66335,18235,0,0,12752,30987,3.00% @ 50,https://www.calhr.ca.gov,,07/01/2014,,,,
2010,State Department,"Health Care Services, Department of",,"Health Program Auditor IV, Department Of Health Services",,,,57996,74016,,66328,0,0,0,66328,11843,0,0,2855,14699,2.00% @ 55,https://www.calhr.ca.gov,,07/01/2014,,,,
2010,State Department,"Health Care Services, Department of",,"Health Program Auditor IV, Department Of Health Services",,,,57996,74016,,66322,0,0,0,66322,11843,0,0,2873,14716,2.00% @ 55,https://www.calhr.ca.gov,,07/01/2014,,,,
2010,State Department,"Health Care Services, Department of",,Staff Services Manager I,,,,60948,73524,,66315,0,0,0,66315,11765,0,0,3526,15291,2.00% @ 55,https://www.calhr.ca.gov,,07/01/2014,,,,
2010,State Department,"Health Care Services, Department of",,Staff Services Manager I,,,,60948,73524,,66315,0,0,0,66315,11765,0,0,2990,14755,2.00% @ 55,https://www.calhr.ca.gov,,07/01/2014,,,,
2010,State Department,"Health Care Services, Department of",,Staff Services Manager I,,,,60948,73524,,66315,0,0,0,66315,11765,0,0,2034,13799,2.00% @ 55,https://www.calhr.ca.gov,,07/01/2014,,,,
2010,State Department,"Health Care Services, Department of",,"Nurse Evaluator II, Health Services",,,,59004,75228,,66296,0,0,0,66296,12044,0,0,1739,13783,2.00% @ 55,https://www.calhr.ca.gov,,07/01/2014,,,,
2010,State Department,"Health Care Services, Department of",,"Nurse Evaluator II, Health Services",,,,59004,75228,,66256,0,0,0,66256,12037,0,0,131,12168,2.00% @ 55,https://www.calhr.ca.gov,,07/01/2014,,,,
2010,State Department,"Health Care Services, Department of",,"Nurse Evaluator II, Health Services",,,,59004,75228,,66256,0,0,0,66256,12037,0,0,131,12168,2.00% @ 55,https://www.calhr.ca.gov,,07/01/2014,,,,
2010,State Department,"Health Care Services, Department of",,Staff Services Manager II (Supervisory),,,,66912,80724,,66249,0,0,0,66249,12917,0,0,14084,27001,2.00% @ 55,https://www.calhr.ca.gov,,07/01/2014,,,,
2010,State Department,"Health Care Services, Department of",,Research Program Specialist II,,,,63708,77412,,66242,0,0,0,66242,11968,0,0,2133,14101,2.00% @ 55,https://www.calhr.ca.gov,,07/01/2014,,,,
2010,State Department,"Health Care Services, Department of",,"Staff Information Systems Analyst (Specialist), Range A",,,,60780,77592,,66238,0,0,0,66238,12416,0,0,5675,18091,2.00% @ 55,https://www.calhr.ca.gov,,07/01/2014,,,,
2010,State Department,"Health Care Services, Department of",,"Fraud Investigator, Department Of Health Services, Range C",,,,58656,74328,,65346,0,0,845,66191,18235,0,0,5012,23247,3.00% @ 50,https://www.calhr.ca.gov,,07/01/2014,,,,
2010,State Department,"Health Care Services, Department of",,"Nurse Evaluator III, Health Services",,,,58776,76200,,66186,0,0,0,66186,12629,0,0,14084,26713,2.00% @ 55,https://www.calhr.ca.gov,,07/01/2014,,,,
2010,State Department,"Health Care Services, Department of",,"Nurse Evaluator III, Health Services",,,,58776,76200,,66186,0,0,0,66186,12629,0,0,14084,26713,2.00% @ 55,https://www.calhr.ca.gov,,07/01/2014,,,,
2010,State Department,"Health Care Services, Department of",,Staff Services Manager II (Supervisory),,,,66912,80724,,65683,0,0,500,66183,12316,0,0,10060,22376,2.00% @ 55,https://www.calhr.ca.gov,,07/01/2014,,,,
2010,State Department,"Health Care Services, Department of",,"Health Program Audit Manager I, Department Of Health Services",,,,61344,77712,,66161,0,0,0,66161,12313,0,0,5556,17868,2.00% @ 55,https://www.calhr.ca.gov,,07/01/2014,,,,
2010,State Department,"Health Care Services, Department of",,Health Program Manager II,,,,66912,80724,,66140,0,0,0,66140,12917,0,0,5636,18553,2.00% @ 55,https://www.calhr.ca.gov,,07/01/2014,,,,
2010,State Department,"Health Care Services, Department of",,"Nurse Evaluator III, Health Services",,,,58776,76200,,66132,0,0,0,66132,12193,0,0,10844,23037,2.00% @ 55,https://www.calhr.ca.gov,,07/01/2014,,,,
2010,State Department,"Health Care Services, Department of",,"Supervising Fraud Investigator I, Department Of Health Services",,,,64428,81624,,66124,0,0,0,66124,18361,0,0,5428,23790,3.00% @ 50,https://www.calhr.ca.gov,,07/01/2014,,,,
2010,State Department,"Health Care Services, Department of",,Research Manager I -General-,,,,60948,73524,,65595,0,0,500,66095,11765,0,0,1991,13755,2.00% @ 55,https://www.calhr.ca.gov,,07/01/2014,,,,
2010,State Department,"Health Care Services, Department of",,"Nurse Evaluator II, Health Services",,,,59004,75228,,66089,0,0,0,66089,9330,0,0,5312,14643,2.00% @ 55,https://www.calhr.ca.gov,,07/01/2014,,,,
2010,State Department,"Health Care Services, Department of",,Research Program Specialist II,,,,63708,77412,,66079,0,0,0,66079,12387,0,0,8282,20669,2.00% @ 55,https://www.calhr.ca.gov,,07/01/2014,,,,
2010,State Department,"Health Care Services, Department of",,"Nurse Evaluator II, Health Services",,,,59004,75228,,66078,0,0,0,66078,12145,0,0,5312,17457,2.00% @ 55,https://www.calhr.ca.gov,,07/01/2014,,,,
2010,State Department,"Health Care Services, Department of",,"Attorney, Range D",,,,76164,93936,,65999,0,0,78,66077,12324,0,0,5288,17613,2.00% @ 55,https://www.calhr.ca.gov,,07/01/2014,,,,
2010,State Department,"Health Care Services, Department of",,"Nurse Evaluator II, Health Services",,,,59004,75228,,66076,0,0,0,66076,12037,0,0,131,12168,2.00% @ 55,https://www.calhr.ca.gov,,07/01/2014,,,,
2010,State Department,"Health Care Services, Department of",,"Health Program Audit Manager I, Department Of Health Services",,,,61344,77712,,66076,0,0,0,66076,12435,0,0,5636,18071,2.00% @ 55,https://www.calhr.ca.gov,,07/01/2014,,,,
2010,State Department,"Health Care Services, Department of",,"Nurse Consultant I, Range A",,,,59976,76788,,65548,0,0,500,66048,12287,0,0,13628,25915,2.00% @ 55,https://www.calhr.ca.gov,,07/01/2014,,,,
2010,State Department,"Health Care Services, Department of",,"Health Program Auditor IV, Department Of Health Services",,,,57996,74016,,66028,0,0,0,66028,11843,0,0,1811,13654,2.00% @ 55,https://www.calhr.ca.gov,,07/01/2014,,,,
2010,State Department,"Health Care Services, Department of",,"Health Program Auditor IV, Department Of Health Services",,,,57996,74016,,66022,0,0,0,66022,11843,0,0,2873,14716,2.00% @ 55,https://www.calhr.ca.gov,,07/01/2014,,,,
2010,State Department,"Health Care Services, Department of",,"Staff Information Systems Analyst (Specialist), Range A",,,,60780,77592,,65500,0,0,500,66000,12416,0,0,10781,23196,2.00% @ 55,https://www.calhr.ca.gov,,07/01/2014,,,,
2010,State Department,"Health Care Services, Department of",,"Nurse Evaluator III, Health Services",,,,58776,76200,,65980,0,0,0,65980,12629,0,0,10844,23473,2.00% @ 55,https://www.calhr.ca.gov,,07/01/2014,,,,
2010,State Department,"Health Care Services, Department of",,"Health Program Audit Manager I, Department Of Health Services",,,,61344,77712,,65978,0,0,0,65978,12435,0,0,10844,23279,2.00% @ 55,https://www.calhr.ca.gov,,07/01/2014,,,,
2010,State Department,"Health Care Services, Department of",,Staff Services Manager I,,,,60948,73524,,65475,0,0,500,65975,11765,0,0,3526,15291,2.00% @ 55,https://www.calhr.ca.gov,,07/01/2014,,,,
2010,State Department,"Health Care Services, Department of",,"Health Program Audit Manager I, Department Of Health Services",,,,61344,77712,,65447,0,0,500,65947,12277,0,0,10844,23122,1.25% @ 65,https://www.calhr.ca.gov,,07/01/2014,,,,
2010,State Department,"Health Care Services, Department of",,"Public Health Medical Administrator I, Range C",,,,143436,162468,,65925,0,0,0,65925,0,0,0,,0,,https://www.calhr.ca.gov,,07/01/2014,,,,
2010,State Department,"Health Care Services, Department of",,Research Program Specialist II,,,,63708,77412,,65916,0,0,0,65916,12257,0,0,10550,22808,2.00% @ 55,https://www.calhr.ca.gov,,07/01/2014,,,,
2010,State Department,"Health Care Services, Department of",,"Staff Information Systems Analyst (Specialist), Range A",,,,60780,77592,,65913,0,0,0,65913,12297,0,0,13945,26242,2.00% @ 55,https://www.calhr.ca.gov,,07/01/2014,,,,
2010,State Department,"Health Care Services, Department of",,"Health Program Audit Manager II, Department Of Health Services",,,,67368,85320,,65899,0,0,0,65899,12726,0,0,14084,26811,2.00% @ 55,https://www.calhr.ca.gov,,07/01/2014,,,,
2010,State Department,"Health Care Services, Department of",,"Associate Management Auditor, Range A",,,,55428,70764,,65575,0,0,307,65882,11738,0,0,1811,13549,2.00% @ 55,https://www.calhr.ca.gov,,07/01/2014,,,,
2010,State Department,"Health Care Services, Department of",,"Nurse Evaluator III, Health Services",,,,58776,76200,,66166,0,0,-335,65831,12629,0,0,13074,25703,2.00% @ 55,https://www.calhr.ca.gov,,07/01/2014,,,,
2010,State Department,"Health Care Services, Department of",,Information Officer II,,,,63744,76908,,65813,0,0,0,65813,12306,0,0,5636,17942,2.00% @ 55,https://www.calhr.ca.gov,,07/01/2014,,,,
2010,State Department,"Health Care Services, Department of",,Research Program Specialist II,,,,63708,77412,,65810,0,0,0,65810,12204,0,0,5313,17517,2.00% @ 55,https://www.calhr.ca.gov,,07/01/2014,,,,
2010,State Department,"Health Care Services, Department of",,"Health Program Audit Manager I, Department Of Health Services",,,,61344,77712,,65799,0,0,0,65799,12435,0,0,10844,23279,2.00% @ 55,https://www.calhr.ca.gov,,07/01/2014,,,,
2010,State Department,"Health Care Services, Department of",,"Nurse Evaluator II, Health Services",,,,59004,75228,,65796,0,0,0,65796,12037,0,0,6160,18198,2.00% @ 55,https://www.calhr.ca.gov,,07/01/2014,,,,
2010,State Department,"Health Care Services, Department of",,Health Program Specialist II,,,,63708,77412,,65765,0,0,0,65765,12068,0,0,10067,22135,2.00% @ 55,https://www.calhr.ca.gov,,07/01/2014,,,,
2010,State Department,"Health Care Services, Department of",,"Nurse Evaluator III, Health Services",,,,58776,76200,,65764,0,0,0,65764,12193,0,0,5636,17829,2.00% @ 55,https://www.calhr.ca.gov,,07/01/2014,,,,
2010,State Department,"Health Care Services, Department of",,Accounting Administrator II,,,,66912,80724,,65729,0,0,0,65729,12649,0,0,14084,26733,2.00% @ 55,https://www.calhr.ca.gov,,07/01/2014,,,,
2010,State Department,"Health Care Services, Department of",,"Fraud Investigator, Department Of Health Services, Range C",,,,58656,74328,,65062,0,0,650,65712,18086,0,0,10024,28111,3.00% @ 50,https://www.calhr.ca.gov,,07/01/2014,,,,
2010,State Department,"Health Care Services, Department of",,"Staff Information Systems Analyst (Specialist), Range A",,,,60780,77592,,65372,336,0,0,65707,12416,0,0,9916,22332,2.00% @ 55,https://www.calhr.ca.gov,,07/01/2014,,,,
2010,State Department,"Health Care Services, Department of",,"Fraud Investigator, Department Of Health Services, Range C",,,,58656,74328,,57640,4257,0,3779,65677,16931,0,0,12752,29683,3.00% @ 50,https://www.calhr.ca.gov,,07/01/2014,,,,
2010,State Department,"Health Care Services, Department of",,"Nurse Evaluator II, Health Services",,,,59004,75228,,65641,0,0,16,65657,12071,0,0,5312,17383,2.00% @ 55,https://www.calhr.ca.gov,,07/01/2014,,,,
2010,State Department,"Health Care Services, Department of",,"Health Program Audit Manager I, Department Of Health Services",,,,61344,77712,,65640,0,0,0,65640,12435,0,0,14084,26519,2.00% @ 55,https://www.calhr.ca.gov,,07/01/2014,,,,
2010,State Department,"Health Care Services, Department of",,Research Program Specialist II,,,,63708,77412,,65634,0,0,0,65634,12387,0,0,10781,23167,2.00% @ 55,https://www.calhr.ca.gov,,07/01/2014,,,,
2010,State Department,"Health Care Services, Department of",,"Staff Information Systems Analyst (Specialist), Range A",,,,60780,77592,,65626,0,0,0,65626,12416,0,0,10403,22819,2.00% @ 55,https://www.calhr.ca.gov,,07/01/2014,,,,
2010,State Department,"Health Care Services, Department of",,"Staff Information Systems Analyst (Specialist), Range A",,,,60780,77592,,65626,0,0,0,65626,12416,0,0,10403,22819,2.00% @ 55,https://www.calhr.ca.gov,,07/01/2014,,,,
2010,State Department,"Health Care Services, Department of",,"Fraud Investigator, Department Of Health Services, Range C",,,,58656,74328,,65611,0,0,0,65611,18235,0,0,5012,23247,3.00% @ 50,https://www.calhr.ca.gov,,07/01/2014,,,,
2010,State Department,"Health Care Services, Department of",,"Health Program Audit Manager I, Department Of Health Services",,,,61344,77712,,65597,0,0,0,65597,11979,0,0,2927,14906,2.00% @ 55,https://www.calhr.ca.gov,,07/01/2014,,,,
2010,State Department,"Health Care Services, Department of",,"Nurse Evaluator II, Health Services",,,,59004,75228,,65591,0,0,0,65591,12037,0,0,5312,17350,2.00% @ 55,https://www.calhr.ca.gov,,07/01/2014,,,,
2010,State Department,"Health Care Services, Department of",,"Health Program Audit Manager I, Department Of Health Services",,,,61344,77712,,65570,0,0,18,65588,12435,0,0,14084,26519,2.00% @ 55,https://www.calhr.ca.gov,,07/01/2014,,,,
2010,State Department,"Health Care Services, Department of",,"Nurse Evaluator II, Health Services",,,,59004,75228,,65548,0,0,0,65548,12206,0,0,5312,17519,2.00% @ 55,https://www.calhr.ca.gov,,07/01/2014,,,,
2010,State Department,"Health Care Services, Department of",,Staff Services Manager II (Supervisory),,,,66912,80724,,65543,0,0,0,65543,12659,0,0,13816,26475,2.00% @ 55,https://www.calhr.ca.gov,,07/01/2014,,,,
2010,State Department,"Health Care Services, Department of",,"Medical Consultant I, Department Of Health Services, Range C",,,,112776,154728,,65538,0,0,0,65538,0,0,0,87,87,Alternate Retirement Plan (ARP),https://www.calhr.ca.gov,,07/01/2014,,,,
2010,State Department,"Health Care Services, Department of",,"Nurse Evaluator II, Health Services",,,,59004,75228,,65535,0,0,0,65535,12037,0,0,5312,17350,2.00% @ 55,https://www.calhr.ca.gov,,07/01/2014,,,,
2010,State Department,"Health Care Services, Department of",,"Nurse Evaluator II, Health Services",,,,59004,75228,,65535,0,0,0,65535,12037,0,0,5312,17350,2.00% @ 55,https://www.calhr.ca.gov,,07/01/2014,,,,
2010,State Department,"Health Care Services, Department of",,"Nurse Evaluator II, Health Services",,,,59004,75228,,65535,0,0,0,65535,12037,0,0,5312,17350,2.00% @ 55,https://www.calhr.ca.gov,,07/01/2014,,,,
2010,State Department,"Health Care Services, Department of",,"Nurse Evaluator III, Health Services",,,,58776,76200,,65497,0,0,0,65497,12629,0,0,14084,26713,2.00% @ 55,https://www.calhr.ca.gov,,07/01/2014,,,,
2010,State Department,"Health Care Services, Department of",,"Nurse Evaluator II, Health Services",,,,59004,75228,,65489,0,0,0,65489,12423,0,0,13590,26013,2.00% @ 55,https://www.calhr.ca.gov,,07/01/2014,,,,
2010,State Department,"Health Care Services, Department of",,Staff Services Manager I,,,,60948,73524,,64293,0,1184,0,65477,11423,0,0,2339,13762,2.00% @ 55,https://www.calhr.ca.gov,,07/01/2014,,,,
2010,State Department,"Health Care Services, Department of",,Staff Services Manager I,,,,60948,73524,,65475,0,0,0,65475,11765,0,0,2339,14104,2.00% @ 55,https://www.calhr.ca.gov,,07/01/2014,,,,
2010,State Department,"Health Care Services, Department of",,Staff Services Manager I,,,,60948,73524,,65475,0,0,0,65475,11765,0,0,2339,14104,2.00% @ 55,https://www.calhr.ca.gov,,07/01/2014,,,,
2010,State Department,"Health Care Services, Department of",,"Nurse Evaluator II, Health Services",,,,59004,75228,,65441,0,0,18,65459,12037,0,0,5312,17350,2.00% @ 55,https://www.calhr.ca.gov,,07/01/2014,,,,
2010,State Department,"Health Care Services, Department of",,"Fraud Investigator, Department Of Health Services, Range C",,,,58656,74328,,64070,0,0,1386,65456,17686,0,0,12752,30438,3.00% @ 50,https://www.calhr.ca.gov,,07/01/2014,,,,
2010,State Department,"Health Care Services, Department of",,"Health Program Audit Manager I, Department Of Health Services",,,,61344,77712,,65447,0,0,0,65447,12435,0,0,10844,23279,2.00% @ 55,https://www.calhr.ca.gov,,07/01/2014,,,,
2010,State Department,"Health Care Services, Department of",,"Nurse Evaluator II, Health Services",,,,59004,75228,,65445,0,0,0,65445,11548,0,0,1991,13539,2.00% @ 55,https://www.calhr.ca.gov,,07/01/2014,,,,
2010,State Department,"Health Care Services, Department of",,"Nurse Evaluator II, Health Services",,,,59004,75228,,65441,0,0,0,65441,12037,0,0,5312,17350,2.00% @ 55,https://www.calhr.ca.gov,,07/01/2014,,,,
2010,State Department,"Health Care Services, Department of",,"Nurse Evaluator II, Health Services",,,,59004,75228,,65441,0,0,0,65441,12037,0,0,5312,17350,2.00% @ 55,https://www.calhr.ca.gov,,07/01/2014,,,,
2010,State Department,"Health Care Services, Department of",,"Nurse Evaluator II, Health Services",,,,59004,75228,,65401,0,0,0,65401,12278,0,0,14726,27004,2.00% @ 55,https://www.calhr.ca.gov,,07/01/2014,,,,
2010,State Department,"Health Care Services, Department of",,"Coordinator, Indian Health",,,,63744,76908,,65382,0,0,18,65400,12306,0,0,10844,23150,2.00% @ 55,https://www.calhr.ca.gov,,07/01/2014,,,,
2010,State Department,"Health Care Services, Department of",,"Nurse Evaluator III, Health Services",,,,58776,76200,,65389,0,0,0,65389,12629,0,0,14084,26713,2.00% @ 55,https://www.calhr.ca.gov,,07/01/2014,,,,
2010,State Department,"Health Care Services, Department of",,"Nurse Evaluator II, Health Services",,,,59004,75228,,65372,0,0,0,65372,12127,0,0,5312,17439,2.00% @ 55,https://www.calhr.ca.gov,,07/01/2014,,,,
2010,State Department,"Health Care Services, Department of",,"Nurse Evaluator II, Health Services",,,,59004,75228,,65369,0,0,0,65369,12186,0,0,5312,17498,2.00% @ 55,https://www.calhr.ca.gov,,07/01/2014,,,,
2010,State Department,"Health Care Services, Department of",,"Staff Information Systems Analyst (Specialist), Range A",,,,60780,77592,,59813,0,0,5546,65359,11596,0,0,12815,24411,2.00% @ 55,https://www.calhr.ca.gov,,07/01/2014,,,,
2010,State Department,"Health Care Services, Department of",,"Fraud Investigator, Department Of Health Services, Range C",,,,58656,74328,,64504,0,0,845,65349,17909,0,0,5012,22922,3.00% @ 50,https://www.calhr.ca.gov,,07/01/2014,,,,
2010,State Department,"Health Care Services, Department of",,"Nurse Evaluator III, Health Services",,,,58776,76200,,65340,0,0,0,65340,12597,0,0,14046,26643,2.00% @ 55,https://www.calhr.ca.gov,,07/01/2014,,,,
2010,State Department,"Health Care Services, Department of",,"Nurse Evaluator II, Health Services",,,,59004,75228,,65317,0,0,0,65317,11577,0,0,2219,13797,2.00% @ 55,https://www.calhr.ca.gov,,07/01/2014,,,,
2010,State Department,"Health Care Services, Department of",,"Health Program Audit Manager I, Department Of Health Services",,,,61344,77712,,65295,0,0,0,65295,12422,0,0,14084,26507,2.00% @ 55,https://www.calhr.ca.gov,,07/01/2014,,,,
2010,State Department,"Health Care Services, Department of",,Health Facilities Evaluator Specialist,,,,57996,70488,,57055,261,7943,18,65278,10474,0,0,4870,15345,2.00% @ 55,https://www.calhr.ca.gov,,07/01/2014,,,,
2010,State Department,"Health Care Services, Department of",,"Nurse Evaluator II, Health Services",,,,59004,75228,,65261,0,0,0,65261,12037,0,0,5312,17350,2.00% @ 55,https://www.calhr.ca.gov,,07/01/2014,,,,
2010,State Department,"Health Care Services, Department of",,Research Program Specialist II,,,,63708,77412,,65253,0,0,0,65253,12387,0,0,13625,26011,2.00% @ 55,https://www.calhr.ca.gov,,07/01/2014,,,,
2010,State Department,"Health Care Services, Department of",,"Health Program Audit Manager I, Department Of Health Services",,,,61344,77712,,55465,0,3238,6521,65224,11511,0,0,5167,16677,2.00% @ 55,https://www.calhr.ca.gov,,07/01/2014,,,,
2010,State Department,"Health Care Services, Department of",,"Fraud Investigator, Department Of Health Services, Range C",,,,58656,74328,,64356,0,0,845,65201,18235,0,0,12752,30987,3.00% @ 50,https://www.calhr.ca.gov,,07/01/2014,,,,
2010,State Department,"Health Care Services, Department of",,"Associate Information Systems Analyst (Specialist), Range A",,,,55428,70764,,64646,0,549,0,65195,12232,0,0,13183,25415,2.00% @ 55,https://www.calhr.ca.gov,,07/01/2014,,,,
2010,State Department,"Health Care Services, Department of",,"Nurse Evaluator II, Health Services",,,,59004,75228,,65175,0,0,18,65193,12037,0,0,5312,17350,2.00% @ 55,https://www.calhr.ca.gov,,07/01/2014,,,,
2010,State Department,"Health Care Services, Department of",,"Health Program Auditor IV, Department Of Health Services",,,,57996,74016,,65168,0,0,0,65168,11606,0,0,2133,13740,2.00% @ 55,https://www.calhr.ca.gov,,07/01/2014,,,,
2010,State Department,"Health Care Services, Department of",,"Senior Information Systems Analyst (Specialist), Range A",,,,66852,85308,,65161,0,0,0,65161,12485,0,0,13625,26109,2.00% @ 55,https://www.calhr.ca.gov,,07/01/2014,,,,
2010,State Department,"Health Care Services, Department of",,"Nurse Evaluator II, Health Services",,,,59004,75228,,65159,0,0,0,65159,12055,0,0,5312,17367,2.00% @ 55,https://www.calhr.ca.gov,,07/01/2014,,,,
2010,State Department,"Health Care Services, Department of",,"Health Program Audit Manager II, Department Of Health Services",,,,67368,85320,,65151,0,0,6,65157,12905,0,0,14084,26989,2.00% @ 55,https://www.calhr.ca.gov,,07/01/2014,,,,
2010,State Department,"Health Care Services, Department of",,"Fraud Investigator, Department Of Health Services, Range C",,,,58656,74328,,63483,484,0,1185,65152,18101,0,0,12752,30853,3.00% @ 50,https://www.calhr.ca.gov,,07/01/2014,,,,
2010,State Department,"Health Care Services, Department of",,"Staff Information Systems Analyst (Specialist), Range A",,,,60780,77592,,65127,0,0,0,65127,12146,0,0,2495,14642,2.00% @ 55,https://www.calhr.ca.gov,,07/01/2014,,,,
2010,State Department,"Health Care Services, Department of",,"Nurse Evaluator II, Health Services",,,,59004,75228,,65116,0,0,0,65116,12037,0,0,1991,14028,2.00% @ 55,https://www.calhr.ca.gov,,07/01/2014,,,,
2010,State Department,"Health Care Services, Department of",,"Nurse Evaluator II, Health Services",,,,59004,75228,,64969,0,0,132,65100,12048,0,0,5312,17361,2.00% @ 55,https://www.calhr.ca.gov,,07/01/2014,,,,
2010,State Department,"Health Care Services, Department of",,Staff Services Manager II (Supervisory),,,,66912,80724,,65089,0,0,0,65089,12485,0,0,14084,26569,2.00% @ 55,https://www.calhr.ca.gov,,07/01/2014,,,,
2010,State Department,"Health Care Services, Department of",,Staff Services Manager I,,,,60948,73524,,65043,0,0,0,65043,11692,0,0,3526,15218,2.00% @ 55,https://www.calhr.ca.gov,,07/01/2014,,,,
2010,State Department,"Health Care Services, Department of",,"Nurse Evaluator III, Health Services",,,,58776,76200,,65036,0,0,0,65036,12554,0,0,14046,26601,2.00% @ 55,https://www.calhr.ca.gov,,07/01/2014,,,,
2010,State Department,"Health Care Services, Department of",,Staff Services Manager I,,,,60948,73524,,30609,0,34419,0,65028,5358,0,0,2818,8176,2.00% @ 55,https://www.calhr.ca.gov,,07/01/2014,,,,
2010,State Department,"Health Care Services, Department of",,"Nurse Evaluator II, Health Services",,,,59004,75228,,65024,0,0,0,65024,12037,0,0,5312,17350,2.00% @ 55,https://www.calhr.ca.gov,,07/01/2014,,,,
2010,State Department,"Health Care Services, Department of",,"Fraud Investigator, Department Of Health Services, Range C",,,,58656,74328,,63372,0,0,1650,65022,18129,0,0,12752,30881,3.00% @ 50,https://www.calhr.ca.gov,,07/01/2014,,,,
2010,State Department,"Health Care Services, Department of",,"Staff Information Systems Analyst (Specialist), Range A",,,,60780,77592,,65022,0,0,0,65022,12416,0,0,13625,26040,2.00% @ 55,https://www.calhr.ca.gov,,07/01/2014,,,,
2010,State Department,"Health Care Services, Department of",,"Nurse Evaluator II, Health Services",,,,59004,75228,,65006,0,0,0,65006,11955,0,0,3385,15340,2.00% @ 55,https://www.calhr.ca.gov,,07/01/2014,,,,
2010,State Department,"Health Care Services, Department of",,"Medical Consultant I, Department Of Health Services, Range C",,,,112776,154728,,64777,0,0,228,65005,11226,0,0,6067,17293,2.00% @ 55,https://www.calhr.ca.gov,,07/01/2014,,,,
2010,State Department,"Health Care Services, Department of",,Public Health Nutrition Consultant III (Specialist),,,,59172,77664,,64969,0,0,0,64969,12098,0,0,10400,22498,2.00% @ 55,https://www.calhr.ca.gov,,07/01/2014,,,,
2010,State Department,"Health Care Services, Department of",,"Nurse Evaluator II, Health Services",,,,59004,75228,,64969,0,0,0,64969,12037,0,0,5312,17350,2.00% @ 55,https://www.calhr.ca.gov,,07/01/2014,,,,
2010,State Department,"Health Care Services, Department of",,"Nurse Evaluator II, Health Services",,,,59004,75228,,64969,0,0,0,64969,12037,0,0,5312,17350,2.00% @ 55,https://www.calhr.ca.gov,,07/01/2014,,,,
2010,State Department,"Health Care Services, Department of",,"Nurse Evaluator II, Health Services",,,,59004,75228,,64969,0,0,0,64969,6555,0,0,5312,11868,2.00% @ 55,https://www.calhr.ca.gov,,07/01/2014,,,,
2010,State Department,"Health Care Services, Department of",,"Nurse Evaluator II, Health Services",,,,59004,75228,,64968,0,0,0,64968,12669,0,0,5730,18399,2.00% @ 55,https://www.calhr.ca.gov,,07/01/2014,,,,
2010,State Department,"Health Care Services, Department of",,"Nurse Evaluator II, Health Services",,,,59004,75228,,64968,0,0,0,64968,12037,0,0,5312,17350,2.00% @ 55,https://www.calhr.ca.gov,,07/01/2014,,,,
2010,State Department,"Health Care Services, Department of",,"Nurse Evaluator II, Health Services",,,,59004,75228,,64968,0,0,0,64968,12037,0,0,5312,17350,2.00% @ 55,https://www.calhr.ca.gov,,07/01/2014,,,,
2010,State Department,"Health Care Services, Department of",,"Nurse Evaluator II, Health Services",,,,59004,75228,,64968,0,0,0,64968,12037,0,0,5312,17350,2.00% @ 55,https://www.calhr.ca.gov,,07/01/2014,,,,
2010,State Department,"Health Care Services, Department of",,"Nurse Evaluator II, Health Services",,,,59004,75228,,64959,0,0,0,64959,12037,0,0,5312,17350,2.00% @ 55,https://www.calhr.ca.gov,,07/01/2014,,,,
2010,State Department,"Health Care Services, Department of",,"Associate Information Systems Analyst (Specialist), Range A",,,,55428,70764,,58242,0,0,6688,64929,11323,0,0,10403,21726,2.00% @ 55,https://www.calhr.ca.gov,,07/01/2014,,,,
2010,State Department,"Health Care Services, Department of",,Senior Information Systems Analyst (Supervisor),,,,70200,89580,,64900,0,0,0,64900,12632,0,0,13816,26448,2.00% @ 55,https://www.calhr.ca.gov,,07/01/2014,,,,
2010,State Department,"Health Care Services, Department of",,"Nurse Evaluator II, Health Services",,,,59004,75228,,64393,0,0,483,64875,12037,0,0,5312,17350,2.00% @ 55,https://www.calhr.ca.gov,,07/01/2014,,,,
2010,State Department,"Health Care Services, Department of",,"Nurse Evaluator II, Health Services",,,,59004,75228,,64875,0,0,0,64875,12037,0,0,5312,17350,2.00% @ 55,https://www.calhr.ca.gov,,07/01/2014,,,,
2010,State Department,"Health Care Services, Department of",,"Nurse Evaluator II, Health Services",,,,59004,75228,,64875,0,0,0,64875,12037,0,0,5312,17350,2.00% @ 55,https://www.calhr.ca.gov,,07/01/2014,,,,
2010,State Department,"Health Care Services, Department of",,"Nurse Evaluator II, Health Services",,,,59004,75228,,64875,0,0,0,64875,12037,0,0,5312,17350,2.00% @ 55,https://www.calhr.ca.gov,,07/01/2014,,,,
2010,State Department,"Health Care Services, Department of",,"Nurse Evaluator II, Health Services",,,,59004,75228,,64875,0,0,0,64875,12037,0,0,5312,17350,2.00% @ 55,https://www.calhr.ca.gov,,07/01/2014,,,,
2010,State Department,"Health Care Services, Department of",,"Nurse Evaluator II, Health Services",,,,59004,75228,,64875,0,0,0,64875,12037,0,0,5312,17350,2.00% @ 55,https://www.calhr.ca.gov,,07/01/2014,,,,
2010,State Department,"Health Care Services, Department of",,"Nurse Evaluator II, Health Services",,,,59004,75228,,64875,0,0,0,64875,12037,0,0,5312,17350,2.00% @ 55,https://www.calhr.ca.gov,,07/01/2014,,,,
2010,State Department,"Health Care Services, Department of",,"Fraud Investigator, Department Of Health Services, Range C",,,,58656,74328,,64062,0,0,805,64867,18129,0,0,12752,30881,3.00% @ 50,https://www.calhr.ca.gov,,07/01/2014,,,,
2010,State Department,"Health Care Services, Department of",,Research Program Specialist II,,,,63708,77412,,64863,0,0,0,64863,12387,0,0,13625,26011,2.00% @ 55,https://www.calhr.ca.gov,,07/01/2014,,,,
2010,State Department,"Health Care Services, Department of",,"Fraud Investigator, Department Of Health Services, Range C",,,,58656,74328,,64011,0,0,845,64856,18235,0,0,9776,28011,3.00% @ 50,https://www.calhr.ca.gov,,07/01/2014,,,,
2010,State Department,"Health Care Services, Department of",,"Nurse Evaluator II, Health Services",,,,59004,75228,,64843,0,0,0,64843,10210,0,0,13312,23522,2.00% @ 55,https://www.calhr.ca.gov,,07/01/2014,,,,
2010,State Department,"Health Care Services, Department of",,"Nurse Evaluator II, Health Services",,,,59004,75228,,64838,0,0,0,64838,12037,0,0,5312,17350,2.00% @ 55,https://www.calhr.ca.gov,,07/01/2014,,,,
2010,State Department,"Health Care Services, Department of",,"Health Program Auditor IV, Department Of Health Services",,,,57996,74016,,64828,0,0,0,64828,11843,0,0,2495,14339,2.00% @ 55,https://www.calhr.ca.gov,,07/01/2014,,,,
2010,State Department,"Health Care Services, Department of",,"Fraud Investigator, Department Of Health Services, Range C",,,,58656,74328,,64827,0,0,0,64827,18095,0,0,5012,23107,3.00% @ 50,https://www.calhr.ca.gov,,07/01/2014,,,,
2010,State Department,"Health Care Services, Department of",,"Staff Information Systems Analyst (Specialist), Range A",,,,60780,77592,,64822,0,0,0,64822,12416,0,0,10523,22938,2.00% @ 55,https://www.calhr.ca.gov,,07/01/2014,,,,
2010,State Department,"Health Care Services, Department of",,Staff Services Manager II (Supervisory),,,,66912,80724,,63678,0,0,1140,64818,12233,0,0,10844,23077,2.00% @ 55,https://www.calhr.ca.gov,,07/01/2014,,,,
2010,State Department,"Health Care Services, Department of",,"Nurse Evaluator II, Health Services",,,,59004,75228,,64812,0,0,0,64812,12072,0,0,5312,17384,2.00% @ 55,https://www.calhr.ca.gov,,07/01/2014,,,,
2010,State Department,"Health Care Services, Department of",,"Tax Compliance Representative, Range C",,,,46092,56040,,37746,0,26992,60,64798,6563,0,0,2657,9220,,https://www.calhr.ca.gov,,07/01/2014,,,,
2010,State Department,"Health Care Services, Department of",,"Nurse Evaluator II, Health Services",,,,59004,75228,,64792,0,0,0,64792,12037,0,0,8280,20318,2.00% @ 55,https://www.calhr.ca.gov,,07/01/2014,,,,
2010,State Department,"Health Care Services, Department of",,"Nurse Evaluator II, Health Services",,,,59004,75228,,64788,0,0,0,64788,12037,0,0,5312,17350,2.00% @ 55,https://www.calhr.ca.gov,,07/01/2014,,,,
2010,State Department,"Health Care Services, Department of",,"Staff Information Systems Analyst (Specialist), Range A",,,,60780,77592,,64780,0,0,0,64780,12416,0,0,13625,26040,2.00% @ 55,https://www.calhr.ca.gov,,07/01/2014,,,,
2010,State Department,"Health Care Services, Department of",,"Systems Software Specialist I (Technical), Range A",,,,60768,77580,,64775,0,0,0,64775,12414,0,0,10403,22817,2.00% @ 55,https://www.calhr.ca.gov,,07/01/2014,,,,
2010,State Department,"Health Care Services, Department of",,"Fraud Investigator, Department Of Health Services, Range C",,,,58656,74328,,62180,2327,0,259,64767,17314,0,0,4540,21853,3.00% @ 50,https://www.calhr.ca.gov,,07/01/2014,,,,
2010,State Department,"Health Care Services, Department of",,"Senior Information Systems Analyst (Specialist), Range A",,,,66852,85308,,64737,0,0,0,64737,12072,0,0,10403,22475,2.00% @ 55,https://www.calhr.ca.gov,,07/01/2014,,,,
2010,State Department,"Health Care Services, Department of",,"Attorney, Range D",,,,76164,93936,,64617,0,0,120,64737,11970,0,0,10052,22023,2.00% @ 55,https://www.calhr.ca.gov,,07/01/2014,,,,
2010,State Department,"Health Care Services, Department of",,Accounting Administrator I (Supervisor),,,,60948,73524,,64730,0,0,0,64730,11458,0,0,1991,13448,2.00% @ 55,https://www.calhr.ca.gov,,07/01/2014,,,,
2010,State Department,"Health Care Services, Department of",,"Nurse Evaluator II, Health Services",,,,59004,75228,,64704,0,0,0,64704,12037,0,0,5312,17350,2.00% @ 55,https://www.calhr.ca.gov,,07/01/2014,,,,
2010,State Department,"Health Care Services, Department of",,"Nurse Evaluator II, Health Services",,,,59004,75228,,64704,0,0,0,64704,12037,0,0,5312,17350,2.00% @ 55,https://www.calhr.ca.gov,,07/01/2014,,,,
2010,State Department,"Health Care Services, Department of",,"Health Program Audit Manager I, Department Of Health Services",,,,61344,77712,,64679,0,0,0,64679,12435,0,0,14084,26519,2.00% @ 55,https://www.calhr.ca.gov,,07/01/2014,,,,
2010,State Department,"Health Care Services, Department of",,Health Program Specialist II,,,,63708,77412,,64678,0,0,0,64678,12371,0,0,10661,23032,2.00% @ 55,https://www.calhr.ca.gov,,07/01/2014,,,,
2010,State Department,"Health Care Services, Department of",,"Nurse Evaluator II, Health Services",,,,59004,75228,,64673,0,0,0,64673,12037,0,0,10400,22438,2.00% @ 55,https://www.calhr.ca.gov,,07/01/2014,,,,
2010,State Department,"Health Care Services, Department of",,"Nurse Evaluator II, Health Services",,,,59004,75228,,64673,0,0,0,64673,12037,0,0,10400,22438,2.00% @ 55,https://www.calhr.ca.gov,,07/01/2014,,,,
2010,State Department,"Health Care Services, Department of",,"Nurse Evaluator II, Health Services",,,,59004,75228,,64610,0,0,0,64610,12037,0,0,5312,17350,2.00% @ 55,https://www.calhr.ca.gov,,07/01/2014,,,,
2010,State Department,"Health Care Services, Department of",,"Nurse Evaluator II, Health Services",,,,59004,75228,,64610,0,0,0,64610,12037,0,0,5312,17350,2.00% @ 55,https://www.calhr.ca.gov,,07/01/2014,,,,
2010,State Department,"Health Care Services, Department of",,"Nurse Evaluator II, Health Services",,,,59004,75228,,64610,0,0,0,64610,12037,0,0,5312,17350,2.00% @ 55,https://www.calhr.ca.gov,,07/01/2014,,,,
2010,State Department,"Health Care Services, Department of",,"Nurse Evaluator II, Health Services",,,,59004,75228,,64610,0,0,0,64610,12037,0,0,5312,17350,2.00% @ 55,https://www.calhr.ca.gov,,07/01/2014,,,,
2010,State Department,"Health Care Services, Department of",,"Nurse Evaluator II, Health Services",,,,59004,75228,,64610,0,0,0,64610,12037,0,0,5312,17350,2.00% @ 55,https://www.calhr.ca.gov,,07/01/2014,,,,
2010,State Department,"Health Care Services, Department of",,"Nurse Evaluator II, Health Services",,,,59004,75228,,64610,0,0,0,64610,12037,0,0,5312,17350,2.00% @ 55,https://www.calhr.ca.gov,,07/01/2014,,,,
2010,State Department,"Health Care Services, Department of",,"Health Program Auditor III, Department Of Health Services",,,,55428,70764,,64596,0,0,0,64596,12183,0,0,10403,22586,2.00% @ 55,https://www.calhr.ca.gov,,07/01/2014,,,,
2010,State Department,"Health Care Services, Department of",,"Staff Information Systems Analyst (Specialist), Range A",,,,60780,77592,,64091,0,0,500,64591,12416,0,0,13625,26040,2.00% @ 55,https://www.calhr.ca.gov,,07/01/2014,,,,
2010,State Department,"Health Care Services, Department of",,"Nurse Evaluator II, Health Services",,,,59004,75228,,64587,0,0,0,64587,11836,0,0,10400,22236,2.00% @ 55,https://www.calhr.ca.gov,,07/01/2014,,,,
2010,State Department,"Health Care Services, Department of",,"Fraud Investigator, Department Of Health Services, Range C",,,,58656,74328,,64576,0,0,0,64576,18555,0,0,9776,28332,3.00% @ 50,https://www.calhr.ca.gov,,07/01/2014,,,,
2010,State Department,"Health Care Services, Department of",,"Nurse Evaluator II, Health Services",,,,59004,75228,,64562,0,0,0,64562,12037,0,0,10400,22438,2.00% @ 55,https://www.calhr.ca.gov,,07/01/2014,,,,
2010,State Department,"Health Care Services, Department of",,Research Program Specialist II,,,,63708,77412,,64551,0,0,0,64551,11435,0,0,1811,13246,2.00% @ 55,https://www.calhr.ca.gov,,07/01/2014,,,,
2010,State Department,"Health Care Services, Department of",,"Nurse Evaluator II, Health Services",,,,59004,75228,,64551,0,0,0,64551,12037,0,0,13628,25666,2.00% @ 55,https://www.calhr.ca.gov,,07/01/2014,,,,
2010,State Department,"Health Care Services, Department of",,"Nurse Evaluator II, Health Services",,,,59004,75228,,64542,0,0,6,64548,11388,0,0,1991,13379,2.00% @ 55,https://www.calhr.ca.gov,,07/01/2014,,,,
2010,State Department,"Health Care Services, Department of",,"Nurse Evaluator II, Health Services",,,,59004,75228,,64542,0,0,0,64542,11388,0,0,1991,13379,2.00% @ 55,https://www.calhr.ca.gov,,07/01/2014,,,,
2010,State Department,"Health Care Services, Department of",,"Nurse Evaluator II, Health Services",,,,59004,75228,,64541,0,0,0,64541,12207,0,0,10400,22607,2.00% @ 55,https://www.calhr.ca.gov,,07/01/2014,,,,
2010,State Department,"Health Care Services, Department of",,Research Scientist III (Social/Behavioral Sciences),,,,69552,84528,,64540,0,0,0,64540,12019,0,0,5270,17290,2.00% @ 55,https://www.calhr.ca.gov,,07/01/2014,,,,
2010,State Department,"Health Care Services, Department of",,"Health Program Auditor IV, Department Of Health Services",,,,57996,74016,,64531,0,0,0,64531,11843,0,0,5055,16898,2.00% @ 55,https://www.calhr.ca.gov,,07/01/2014,,,,
2010,State Department,"Health Care Services, Department of",,"Staff Information Systems Analyst (Specialist), Range A",,,,60780,77592,,64480,0,0,0,64480,12416,0,0,10781,23196,2.00% @ 55,https://www.calhr.ca.gov,,07/01/2014,,,,
2010,State Department,"Health Care Services, Department of",,"Nurse Evaluator II, Health Services",,,,59004,75228,,64479,0,0,0,64479,12037,0,0,5312,17350,2.00% @ 55,https://www.calhr.ca.gov,,07/01/2014,,,,
2010,State Department,"Health Care Services, Department of",,"Fraud Investigator, Department Of Health Services, Range C",,,,58656,74328,,64191,0,0,260,64451,17725,0,0,12752,30477,3.00% @ 50,https://www.calhr.ca.gov,,07/01/2014,,,,
2010,State Department,"Health Care Services, Department of",,"Health Program Audit Manager I, Department Of Health Services",,,,61344,77712,,64428,0,0,6,64434,12435,0,0,14084,26519,2.00% @ 55,https://www.calhr.ca.gov,,07/01/2014,,,,
2010,State Department,"Health Care Services, Department of",,"Health Program Audit Manager I, Department Of Health Services",,,,61344,77712,,64428,0,0,0,64428,12435,0,0,14084,26519,2.00% @ 55,https://www.calhr.ca.gov,,07/01/2014,,,,
2010,State Department,"Health Care Services, Department of",,"Health Program Audit Manager I, Department Of Health Services",,,,61344,77712,,64428,0,0,0,64428,12435,0,0,14084,26519,2.00% @ 55,https://www.calhr.ca.gov,,07/01/2014,,,,
2010,State Department,"Health Care Services, Department of",,"Health Program Audit Manager I, Department Of Health Services",,,,61344,77712,,64428,0,0,0,64428,12435,0,0,14084,26519,2.00% @ 55,https://www.calhr.ca.gov,,07/01/2014,,,,
2010,State Department,"Health Care Services, Department of",,"Health Program Audit Manager I, Department Of Health Services",,,,61344,77712,,64428,0,0,0,64428,12435,0,0,14084,26519,2.00% @ 55,https://www.calhr.ca.gov,,07/01/2014,,,,
2010,State Department,"Health Care Services, Department of",,"Health Program Audit Manager I, Department Of Health Services",,,,61344,77712,,64428,0,0,0,64428,12435,0,0,14084,26519,2.00% @ 55,https://www.calhr.ca.gov,,07/01/2014,,,,
2010,State Department,"Health Care Services, Department of",,"Nurse Evaluator II, Health Services",,,,59004,75228,,64421,0,0,0,64421,12037,0,0,5312,17350,2.00% @ 55,https://www.calhr.ca.gov,,07/01/2014,,,,
2010,State Department,"Health Care Services, Department of",,"Associate Governmental Program Analyst, Range A",,,,52800,64176,,58143,0,6268,0,64411,11239,0,0,14868,26107,2.00% @ 55,https://www.calhr.ca.gov,,07/01/2014,,,,
2010,State Department,"Health Care Services, Department of",,"Nurse Evaluator II, Health Services",,,,59004,75228,,64393,0,0,0,64393,12037,0,0,5312,17350,2.00% @ 55,https://www.calhr.ca.gov,,07/01/2014,,,,
2010,State Department,"Health Care Services, Department of",,"Nurse Evaluator II, Health Services",,,,59004,75228,,64393,0,0,0,64393,12037,0,0,5312,17350,2.00% @ 55,https://www.calhr.ca.gov,,07/01/2014,,,,
2010,State Department,"Health Care Services, Department of",,"Nurse Evaluator II, Health Services",,,,59004,75228,,64393,0,0,0,64393,12037,0,0,5312,17350,2.00% @ 55,https://www.calhr.ca.gov,,07/01/2014,,,,
2010,State Department,"Health Care Services, Department of",,"Nurse Evaluator II, Health Services",,,,59004,75228,,64393,0,0,0,64393,12037,0,0,5312,17350,2.00% @ 55,https://www.calhr.ca.gov,,07/01/2014,,,,
2010,State Department,"Health Care Services, Department of",,"Nurse Evaluator II, Health Services",,,,59004,75228,,64335,0,0,54,64389,12065,0,0,13628,25693,2.00% @ 55,https://www.calhr.ca.gov,,07/01/2014,,,,
2010,State Department,"Health Care Services, Department of",,"Nurse Evaluator II, Health Services",,,,59004,75228,,64372,0,0,0,64372,12173,0,0,10400,22574,2.00% @ 55,https://www.calhr.ca.gov,,07/01/2014,,,,
2010,State Department,"Health Care Services, Department of",,"Nurse Evaluator II, Health Services",,,,59004,75228,,64361,0,0,0,64361,12037,0,0,5312,17350,2.00% @ 55,https://www.calhr.ca.gov,,07/01/2014,,,,
2010,State Department,"Health Care Services, Department of",,"Fraud Investigator, Department Of Health Services, Range C",,,,58656,74328,,64356,0,0,0,64356,18235,0,0,12752,30987,3.00% @ 50,https://www.calhr.ca.gov,,07/01/2014,,,,
2010,State Department,"Health Care Services, Department of",,"Health Program Audit Manager I, Department Of Health Services",,,,61344,77712,,64354,0,0,0,64354,12014,0,0,14084,26099,2.00% @ 55,https://www.calhr.ca.gov,,07/01/2014,,,,
2010,State Department,"Health Care Services, Department of",,"Staff Information Systems Analyst (Specialist), Range A",,,,60780,77592,,64334,0,0,0,64334,12416,0,0,7858,20274,2.00% @ 55,https://www.calhr.ca.gov,,07/01/2014,,,,
2010,State Department,"Health Care Services, Department of",,"Fraud Investigator, Department Of Health Services, Range C",,,,58656,74328,,64333,0,0,0,64333,18235,0,0,12752,30987,3.00% @ 50,https://www.calhr.ca.gov,,07/01/2014,,,,
2010,State Department,"Health Care Services, Department of",,"Fraud Investigator, Department Of Health Services, Range C",,,,58656,74328,,61475,1046,0,1798,64318,18164,0,0,12752,30916,3.00% @ 50,https://www.calhr.ca.gov,,07/01/2014,,,,
2010,State Department,"Health Care Services, Department of",,"Nurse Evaluator II, Health Services",,,,59004,75228,,64316,0,0,0,64316,12169,0,0,10400,22569,2.00% @ 55,https://www.calhr.ca.gov,,07/01/2014,,,,
2010,State Department,"Health Care Services, Department of",,"Nurse Evaluator II, Health Services",,,,59004,75228,,64314,0,0,0,64314,12037,0,0,4874,16912,2.00% @ 55,https://www.calhr.ca.gov,,07/01/2014,,,,
2010,State Department,"Health Care Services, Department of",,"Fraud Investigator, Department Of Health Services, Range C",,,,58656,74328,,64043,0,0,260,64303,17909,0,0,9776,27686,3.00% @ 50,https://www.calhr.ca.gov,,07/01/2014,,,,
2010,State Department,"Health Care Services, Department of",,"Staff Information Systems Analyst (Specialist), Range A",,,,60780,77592,,64300,0,0,0,64300,12416,0,0,10781,23196,2.00% @ 55,https://www.calhr.ca.gov,,07/01/2014,,,,
2010,State Department,"Health Care Services, Department of",,"Health Program Auditor IV, Department Of Health Services",,,,57996,74016,,64261,0,0,0,64261,11348,0,0,2855,14203,1.25% @ 65,https://www.calhr.ca.gov,,07/01/2014,,,,
2010,State Department,"Health Care Services, Department of",,"Nurse Evaluator II, Health Services",,,,59004,75228,,64242,0,0,0,64242,11388,0,0,1691,13079,2.00% @ 55,https://www.calhr.ca.gov,,07/01/2014,,,,
2010,State Department,"Health Care Services, Department of",,Staff Services Manager I,,,,60948,73524,,63741,0,0,500,64241,11765,0,0,5636,17401,2.00% @ 55,https://www.calhr.ca.gov,,07/01/2014,,,,
2010,State Department,"Health Care Services, Department of",,"Nurse Evaluator II, Health Services",,,,59004,75228,,64238,0,0,0,64238,12037,0,0,5312,17350,2.00% @ 55,https://www.calhr.ca.gov,,07/01/2014,,,,
2010,State Department,"Health Care Services, Department of",,"Health Program Audit Manager I, Department Of Health Services",,,,61344,77712,,64201,0,0,0,64201,12158,0,0,10844,23003,1.25% @ 65,https://www.calhr.ca.gov,,07/01/2014,,,,
2010,State Department,"Health Care Services, Department of",,Research Program Specialist II,,,,63708,77412,,64199,0,0,0,64199,12387,0,0,10403,22790,2.00% @ 55,https://www.calhr.ca.gov,,07/01/2014,,,,
2010,State Department,"Health Care Services, Department of",,"Nurse Evaluator II, Health Services",,,,59004,75228,,64197,0,0,0,64197,12037,0,0,13628,25666,2.00% @ 55,https://www.calhr.ca.gov,,07/01/2014,,,,
2010,State Department,"Health Care Services, Department of",,"Nurse Evaluator II, Health Services",,,,59004,75228,,64186,0,0,0,64186,12037,0,0,5312,17350,2.00% @ 55,https://www.calhr.ca.gov,,07/01/2014,,,,
2010,State Department,"Health Care Services, Department of",,"Nurse Evaluator II, Health Services",,,,59004,75228,,64174,0,0,0,64174,12037,0,0,13628,25666,2.00% @ 55,https://www.calhr.ca.gov,,07/01/2014,,,,
2010,State Department,"Health Care Services, Department of",,"Nurse Evaluator II, Health Services",,,,59004,75228,,64174,0,0,0,64174,12037,0,0,13628,25666,2.00% @ 55,https://www.calhr.ca.gov,,07/01/2014,,,,
2010,State Department,"Health Care Services, Department of",,"Nurse Evaluator II, Health Services",,,,59004,75228,,64166,0,0,0,64166,12255,0,0,13628,25884,2.00% @ 55,https://www.calhr.ca.gov,,07/01/2014,,,,
2010,State Department,"Health Care Services, Department of",,"Systems Software Specialist I (Technical), Range A",,,,60768,77580,,64157,0,0,0,64157,11632,0,0,2495,14127,2.00% @ 55,https://www.calhr.ca.gov,,07/01/2014,,,,
2010,State Department,"Health Care Services, Department of",,"Nurse Evaluator II, Health Services",,,,59004,75228,,63624,0,0,525,64149,12037,0,0,5312,17350,2.00% @ 55,https://www.calhr.ca.gov,,07/01/2014,,,,
2010,State Department,"Health Care Services, Department of",,"Nurse Evaluator II, Health Services",,,,59004,75228,,64127,0,0,8,64135,3668,0,0,5312,8980,2.00% @ 55,https://www.calhr.ca.gov,,07/01/2014,,,,
2010,State Department,"Health Care Services, Department of",,"Nurse Evaluator II, Health Services",,,,59004,75228,,64131,0,0,0,64131,12037,0,0,10400,22438,2.00% @ 55,https://www.calhr.ca.gov,,07/01/2014,,,,
2010,State Department,"Health Care Services, Department of",,"Nurse Evaluator II, Health Services",,,,59004,75228,,64129,0,0,0,64129,12232,0,0,10372,22604,2.00% @ 55,https://www.calhr.ca.gov,,07/01/2014,,,,
2010,State Department,"Health Care Services, Department of",,Health Program Specialist I,,,,57996,70488,,58380,4092,0,1651,64123,11603,0,0,12563,24166,2.00% @ 55,https://www.calhr.ca.gov,,07/01/2014,,,,
2010,State Department,"Health Care Services, Department of",,"Nurse Evaluator II, Health Services",,,,59004,75228,,64122,0,0,0,64122,11388,0,0,2737,14125,2.00% @ 55,https://www.calhr.ca.gov,,07/01/2014,,,,
2010,State Department,"Health Care Services, Department of",,"Nurse Evaluator II, Health Services",,,,59004,75228,,64119,0,0,0,64119,12037,0,0,5312,17350,2.00% @ 55,https://www.calhr.ca.gov,,07/01/2014,,,,
2010,State Department,"Health Care Services, Department of",,"Staff Information Systems Analyst (Specialist), Range A",,,,60780,77592,,64091,0,0,0,64091,12416,0,0,13625,26040,2.00% @ 55,https://www.calhr.ca.gov,,07/01/2014,,,,
2010,State Department,"Health Care Services, Department of",,"Staff Information Systems Analyst (Specialist), Range A",,,,60780,77592,,64091,0,0,0,64091,12416,0,0,13625,26040,2.00% @ 55,https://www.calhr.ca.gov,,07/01/2014,,,,
2010,State Department,"Health Care Services, Department of",,"Staff Information Systems Analyst (Specialist), Range A",,,,60780,77592,,64091,0,0,0,64091,12416,0,0,13625,26040,2.00% @ 55,https://www.calhr.ca.gov,,07/01/2014,,,,
2010,State Department,"Health Care Services, Department of",,"Fraud Investigator, Department Of Health Services, Range C",,,,58656,74328,,64087,0,0,0,64087,17673,0,0,5012,22686,3.00% @ 50,https://www.calhr.ca.gov,,07/01/2014,,,,
2010,State Department,"Health Care Services, Department of",,"Fraud Investigator, Department Of Health Services, Range C",,,,58656,74328,,64062,0,0,0,64062,17909,0,0,12752,30662,3.00% @ 50,https://www.calhr.ca.gov,,07/01/2014,,,,
2010,State Department,"Health Care Services, Department of",,"Health Program Auditor III, Department Of Health Services",,,,55428,70764,,64052,0,0,0,64052,11424,0,0,2873,14296,2.00% @ 55,https://www.calhr.ca.gov,,07/01/2014,,,,
2010,State Department,"Health Care Services, Department of",,"Nurse Evaluator II, Health Services",,,,59004,75228,,64042,0,0,0,64042,12037,0,0,5312,17350,2.00% @ 55,https://www.calhr.ca.gov,,07/01/2014,,,,
2010,State Department,"Health Care Services, Department of",,"Nurse Evaluator III, Health Services",,,,58776,76200,,64028,0,0,0,64028,12193,0,0,14084,26277,2.00% @ 55,https://www.calhr.ca.gov,,07/01/2014,,,,
2010,State Department,"Health Care Services, Department of",,"Attorney, Range C",,,,67656,81816,,64026,0,0,0,64026,12181,0,0,13204,25385,2.00% @ 55,https://www.calhr.ca.gov,,07/01/2014,,,,
2010,State Department,"Health Care Services, Department of",,"Nurse Consultant I, Range A",,,,59976,76788,,64024,0,0,0,64024,12287,0,0,10400,22687,2.00% @ 55,https://www.calhr.ca.gov,,07/01/2014,,,,
2010,State Department,"Health Care Services, Department of",,"Health Program Auditor III, Department Of Health Services",,,,55428,70764,,64004,0,0,0,64004,11323,0,0,1811,13134,2.00% @ 55,https://www.calhr.ca.gov,,07/01/2014,,,,
2010,State Department,"Health Care Services, Department of",,"Health Program Auditor III, Department Of Health Services",,,,55428,70764,,64004,0,0,0,64004,11323,0,0,1811,13134,2.00% @ 55,https://www.calhr.ca.gov,,07/01/2014,,,,
2010,State Department,"Health Care Services, Department of",,"Health Program Auditor III, Department Of Health Services",,,,55428,70764,,64004,0,0,0,64004,11323,0,0,1811,13134,2.00% @ 55,https://www.calhr.ca.gov,,07/01/2014,,,,
2010,State Department,"Health Care Services, Department of",,Staff Services Manager I,,,,60948,73524,,63987,0,0,0,63987,11698,0,0,10844,22543,2.00% @ 55,https://www.calhr.ca.gov,,07/01/2014,,,,
2010,State Department,"Health Care Services, Department of",,Accounting Administrator I (Supervisor),,,,60948,73524,,63975,0,0,0,63975,11765,0,0,3526,15291,2.00% @ 55,https://www.calhr.ca.gov,,07/01/2014,,,,
2010,State Department,"Health Care Services, Department of",,Staff Services Manager I,,,,60948,73524,,60840,1617,0,1485,63942,12060,0,0,14084,26145,2.00% @ 55,https://www.calhr.ca.gov,,07/01/2014,,,,
2010,State Department,"Health Care Services, Department of",,Staff Services Manager I,,,,60948,73524,,63915,0,0,6,63921,11765,0,0,1430,13195,2.00% @ 55,https://www.calhr.ca.gov,,07/01/2014,,,,
2010,State Department,"Health Care Services, Department of",,Staff Services Manager II (Supervisory),,,,66912,80724,,63907,0,0,0,63907,12529,0,0,14084,26614,2.00% @ 55,https://www.calhr.ca.gov,,07/01/2014,,,,
2010,State Department,"Health Care Services, Department of",,"Health Program Audit Manager I, Department Of Health Services",,,,61344,77712,,63898,0,0,0,63898,11716,0,0,5636,17352,2.00% @ 55,https://www.calhr.ca.gov,,07/01/2014,,,,
2010,State Department,"Health Care Services, Department of",,"Nurse Evaluator II, Health Services",,,,59004,75228,,63873,0,0,0,63873,11978,0,0,11476,23454,2.00% @ 55,https://www.calhr.ca.gov,,07/01/2014,,,,
2010,State Department,"Health Care Services, Department of",,"Nurse Evaluator II, Health Services",,,,59004,75228,,63855,0,0,0,63855,12037,0,0,5312,17350,2.00% @ 55,https://www.calhr.ca.gov,,07/01/2014,,,,
2010,State Department,"Health Care Services, Department of",,"Nurse Evaluator II, Health Services",,,,59004,75228,,63855,0,0,0,63855,12037,0,0,5312,17350,2.00% @ 55,https://www.calhr.ca.gov,,07/01/2014,,,,
2010,State Department,"Health Care Services, Department of",,"Nurse Evaluator II, Health Services",,,,59004,75228,,63852,0,0,0,63852,11741,0,0,5312,17053,2.00% @ 55,https://www.calhr.ca.gov,,07/01/2014,,,,
2010,State Department,"Health Care Services, Department of",,"Nurse Evaluator II, Health Services",,,,59004,75228,,63821,0,0,0,63821,12049,0,0,13128,25177,2.00% @ 55,https://www.calhr.ca.gov,,07/01/2014,,,,
2010,State Department,"Health Care Services, Department of",,"Nurse Evaluator II, Health Services",,,,59004,75228,,63811,0,0,0,63811,12037,0,0,10400,22438,2.00% @ 55,https://www.calhr.ca.gov,,07/01/2014,,,,
2010,State Department,"Health Care Services, Department of",,"Health Program Auditor IV, Department Of Health Services",,,,57996,74016,,63809,0,0,0,63809,11843,0,0,5313,17157,2.00% @ 55,https://www.calhr.ca.gov,,07/01/2014,,,,
2010,State Department,"Health Care Services, Department of",,"Health Program Auditor IV, Department Of Health Services",,,,57996,74016,,63809,0,0,0,63809,11843,0,0,5313,17157,2.00% @ 55,https://www.calhr.ca.gov,,07/01/2014,,,,
2010,State Department,"Health Care Services, Department of",,Staff Services Manager I,,,,60948,73524,,63795,0,0,0,63795,11765,0,0,2339,14104,2.00% @ 55,https://www.calhr.ca.gov,,07/01/2014,,,,
2010,State Department,"Health Care Services, Department of",,"Nurse Evaluator III, Health Services",,,,58776,76200,,63786,0,0,0,63786,12193,0,0,14084,26277,2.00% @ 55,https://www.calhr.ca.gov,,07/01/2014,,,,
2010,State Department,"Health Care Services, Department of",,"Staff Information Systems Analyst (Specialist), Range A",,,,60780,77592,,63760,0,0,0,63760,12416,0,0,13625,26040,2.00% @ 55,https://www.calhr.ca.gov,,07/01/2014,,,,
2010,State Department,"Health Care Services, Department of",,"Staff Information Systems Analyst (Specialist), Range A",,,,60780,77592,,63760,0,0,0,63760,12416,0,0,13625,26040,2.00% @ 55,https://www.calhr.ca.gov,,07/01/2014,,,,
2010,State Department,"Health Care Services, Department of",,"Staff Information Systems Analyst (Specialist), Range A",,,,60780,77592,,63760,0,0,0,63760,12416,0,0,13625,26040,2.00% @ 55,https://www.calhr.ca.gov,,07/01/2014,,,,
2010,State Department,"Health Care Services, Department of",,"Nurse Evaluator II, Health Services",,,,59004,75228,,63757,0,0,0,63757,12037,0,0,10372,22410,2.00% @ 55,https://www.calhr.ca.gov,,07/01/2014,,,,
2010,State Department,"Health Care Services, Department of",,Health Program Manager I,,,,60948,73524,,63735,0,0,0,63735,11765,0,0,1966,13731,2.00% @ 55,https://www.calhr.ca.gov,,07/01/2014,,,,
2010,State Department,"Health Care Services, Department of",,"Health Program Auditor III, Department Of Health Services",,,,55428,70764,,63728,0,0,0,63728,11323,0,0,2063,13386,2.00% @ 55,https://www.calhr.ca.gov,,07/01/2014,,,,
2010,State Department,"Health Care Services, Department of",,"Nurse Evaluator II, Health Services",,,,59004,75228,,63727,0,0,0,63727,12037,0,0,10400,22438,2.00% @ 55,https://www.calhr.ca.gov,,07/01/2014,,,,
2010,State Department,"Health Care Services, Department of",,"Nurse Evaluator II, Health Services",,,,59004,75228,,63727,0,0,0,63727,12037,0,0,10400,22438,2.00% @ 55,https://www.calhr.ca.gov,,07/01/2014,,,,
2010,State Department,"Health Care Services, Department of",,Senior Information Systems Analyst (Supervisor),,,,70200,89580,,63718,0,0,0,63718,12485,0,0,2339,14824,2.00% @ 55,https://www.calhr.ca.gov,,07/01/2014,,,,
2010,State Department,"Health Care Services, Department of",,"Nurse Evaluator II, Health Services",,,,59004,75228,,63714,0,0,0,63714,12279,0,0,13359,25639,2.00% @ 55,https://www.calhr.ca.gov,,07/01/2014,,,,
2010,State Department,"Health Care Services, Department of",,"Nurse Evaluator III, Health Services",,,,58776,76200,,63711,0,0,0,63711,11989,0,0,10844,22834,2.00% @ 55,https://www.calhr.ca.gov,,07/01/2014,,,,
2010,State Department,"Health Care Services, Department of",,"Nurse Evaluator III, Health Services",,,,58776,76200,,63711,0,0,0,63711,11989,0,0,10844,22834,2.00% @ 55,https://www.calhr.ca.gov,,07/01/2014,,,,
2010,State Department,"Health Care Services, Department of",,"Staff Information Systems Analyst (Specialist), Range A",,,,60780,77592,,63210,0,0,500,63710,12129,0,0,13816,25945,2.00% @ 55,https://www.calhr.ca.gov,,07/01/2014,,,,
2010,State Department,"Health Care Services, Department of",,"Nurse Evaluator II, Health Services",,,,59004,75228,,63710,0,0,0,63710,12037,0,0,5312,17350,2.00% @ 55,https://www.calhr.ca.gov,,07/01/2014,,,,
2010,State Department,"Health Care Services, Department of",,"Associate Information Systems Analyst (Specialist), Range A",,,,55428,70764,,63705,0,0,0,63705,11323,0,0,2133,13456,2.00% @ 55,https://www.calhr.ca.gov,,07/01/2014,,,,
2010,State Department,"Health Care Services, Department of",,"Nurse Evaluator II, Health Services",,,,59004,75228,,63690,0,0,0,63690,12054,0,0,5312,17367,2.00% @ 55,https://www.calhr.ca.gov,,07/01/2014,,,,
2010,State Department,"Health Care Services, Department of",,Staff Services Manager I,,,,60948,73524,,63689,0,0,0,63689,11301,0,0,3276,14577,2.00% @ 55,https://www.calhr.ca.gov,,07/01/2014,,,,
2010,State Department,"Health Care Services, Department of",,"Nurse Evaluator II, Health Services",,,,59004,75228,,63684,0,0,0,63684,12037,0,0,5312,17350,2.00% @ 55,https://www.calhr.ca.gov,,07/01/2014,,,,
2010,State Department,"Health Care Services, Department of",,Staff Services Manager I,,,,60948,73524,,63674,0,0,0,63674,11765,0,0,10844,22609,2.00% @ 55,https://www.calhr.ca.gov,,07/01/2014,,,,
2010,State Department,"Health Care Services, Department of",,Tax Compliance Supervisor,,,,60948,73524,,63672,0,0,0,63672,11616,0,0,5636,17252,1.25% @ 65,https://www.calhr.ca.gov,,07/01/2014,,,,
2010,State Department,"Health Care Services, Department of",,"Associate Information Systems Analyst (Specialist), Range A",,,,55428,70764,,63164,0,0,500,63664,11323,0,0,1811,13134,2.00% @ 55,https://www.calhr.ca.gov,,07/01/2014,,,,
2010,State Department,"Health Care Services, Department of",,"Health Program Audit Manager I, Department Of Health Services",,,,61344,77712,,63636,0,0,0,63636,12435,0,0,14084,26519,2.00% @ 55,https://www.calhr.ca.gov,,07/01/2014,,,,
2010,State Department,"Health Care Services, Department of",,"Nurse Evaluator II, Health Services",,,,59004,75228,,63599,0,0,0,63599,12037,0,0,10400,22438,2.00% @ 55,https://www.calhr.ca.gov,,07/01/2014,,,,
2010,State Department,"Health Care Services, Department of",,"Fraud Investigator, Department Of Health Services, Range C",,,,58656,74328,,62752,0,0,845,63597,17909,0,0,9776,27686,3.00% @ 50,https://www.calhr.ca.gov,,07/01/2014,,,,
2010,State Department,"Health Care Services, Department of",,"Nurse Evaluator II, Health Services",,,,59004,75228,,63594,0,0,0,63594,12213,0,0,11348,23561,2.00% @ 55,https://www.calhr.ca.gov,,07/01/2014,,,,
2010,State Department,"Health Care Services, Department of",,"Health Program Audit Manager I, Department Of Health Services",,,,61344,77712,,63588,0,0,0,63588,12435,0,0,14084,26519,2.00% @ 55,https://www.calhr.ca.gov,,07/01/2014,,,,
2010,State Department,"Health Care Services, Department of",,"Health Program Auditor III, Department Of Health Services",,,,55428,70764,,63584,0,0,0,63584,11323,0,0,2495,13818,2.00% @ 55,https://www.calhr.ca.gov,,07/01/2014,,,,
2010,State Department,"Health Care Services, Department of",,"Health Program Auditor III, Department Of Health Services",,,,55428,70764,,63584,0,0,0,63584,11323,0,0,2495,13818,2.00% @ 55,https://www.calhr.ca.gov,,07/01/2014,,,,
2010,State Department,"Health Care Services, Department of",,"Health Program Auditor III, Department Of Health Services",,,,55428,70764,,63584,0,0,0,63584,11323,0,0,2495,13818,2.00% @ 55,https://www.calhr.ca.gov,,07/01/2014,,,,
2010,State Department,"Health Care Services, Department of",,"Fraud Investigator, Department Of Health Services, Range C",,,,58656,74328,,62277,0,0,1300,63577,17654,0,0,12008,29662,3.00% @ 50,https://www.calhr.ca.gov,,07/01/2014,,,,
2010,State Department,"Health Care Services, Department of",,"Nurse Evaluator II, Health Services",,,,59004,75228,,63541,0,0,0,63541,12037,0,0,10400,22438,2.00% @ 55,https://www.calhr.ca.gov,,07/01/2014,,,,
2010,State Department,"Health Care Services, Department of",,"Nurse Evaluator II, Health Services",,,,59004,75228,,63541,0,0,0,63541,12037,0,0,10400,22438,2.00% @ 55,https://www.calhr.ca.gov,,07/01/2014,,,,
2010,State Department,"Health Care Services, Department of",,"Nurse Evaluator II, Health Services",,,,59004,75228,,63541,0,0,0,63541,12037,0,0,10400,22438,2.00% @ 55,https://www.calhr.ca.gov,,07/01/2014,,,,
2010,State Department,"Health Care Services, Department of",,"Nurse Evaluator II, Health Services",,,,59004,75228,,63541,0,0,0,63541,12037,0,0,10400,22438,2.00% @ 55,https://www.calhr.ca.gov,,07/01/2014,,,,
2010,State Department,"Health Care Services, Department of",,"Nurse Evaluator II, Health Services",,,,59004,75228,,63541,0,0,0,63541,12037,0,0,10400,22438,2.00% @ 55,https://www.calhr.ca.gov,,07/01/2014,,,,
2010,State Department,"Health Care Services, Department of",,"Nurse Evaluator II, Health Services",,,,59004,75228,,63541,0,0,0,63541,12037,0,0,10400,22438,2.00% @ 55,https://www.calhr.ca.gov,,07/01/2014,,,,
2010,State Department,"Health Care Services, Department of",,"Nurse Evaluator II, Health Services",,,,59004,75228,,63534,0,0,0,63534,3537,0,0,1991,5527,2.00% @ 55,https://www.calhr.ca.gov,,07/01/2014,,,,
2010,State Department,"Health Care Services, Department of",,"Nurse Evaluator II, Health Services",,,,59004,75228,,63530,0,0,0,63530,12037,0,0,5312,17350,2.00% @ 55,https://www.calhr.ca.gov,,07/01/2014,,,,
2010,State Department,"Health Care Services, Department of",,"Nurse Evaluator II, Health Services",,,,59004,75228,,63513,0,0,0,63513,12037,0,0,10372,22410,2.00% @ 55,https://www.calhr.ca.gov,,07/01/2014,,,,
2010,State Department,"Health Care Services, Department of",,"Health Program Auditor IV, Department Of Health Services",,,,57996,74016,,63504,0,0,0,63504,11843,0,0,12891,24734,2.00% @ 55,https://www.calhr.ca.gov,,07/01/2014,,,,
2010,State Department,"Health Care Services, Department of",,"Health Program Auditor IV, Department Of Health Services",,,,57996,74016,,63504,0,0,0,63504,11843,0,0,12891,24734,2.00% @ 55,https://www.calhr.ca.gov,,07/01/2014,,,,
2010,State Department,"Health Care Services, Department of",,"Nurse Evaluator II, Health Services",,,,59004,75228,,63498,0,0,0,63498,7921,0,0,1991,9912,2.00% @ 55,https://www.calhr.ca.gov,,07/01/2014,,,,
2010,State Department,"Health Care Services, Department of",,"Health Program Audit Manager I, Department Of Health Services",,,,61344,77712,,63480,0,0,0,63480,12435,0,0,14084,26519,2.00% @ 55,https://www.calhr.ca.gov,,07/01/2014,,,,
2010,State Department,"Health Care Services, Department of",,"Health Program Auditor III, Department Of Health Services",,,,55428,70764,,63464,0,0,0,63464,11323,0,0,2855,14178,2.00% @ 55,https://www.calhr.ca.gov,,07/01/2014,,,,
2010,State Department,"Health Care Services, Department of",,"Associate Information Systems Analyst (Specialist), Range A",,,,55428,70764,,63458,0,0,0,63458,11323,0,0,2873,14196,2.00% @ 55,https://www.calhr.ca.gov,,07/01/2014,,,,
2010,State Department,"Health Care Services, Department of",,"Health Program Auditor III, Department Of Health Services",,,,55428,70764,,63458,0,0,0,63458,11323,0,0,2873,14196,2.00% @ 55,https://www.calhr.ca.gov,,07/01/2014,,,,
2010,State Department,"Health Care Services, Department of",,"Nurse Evaluator II, Health Services",,,,59004,75228,,63446,0,0,0,63446,12037,0,0,13628,25666,2.00% @ 55,https://www.calhr.ca.gov,,07/01/2014,,,,
2010,State Department,"Health Care Services, Department of",,"Nurse Consultant I, Range A",,,,59976,76788,,63386,0,0,48,63434,12287,0,0,13628,25915,2.00% @ 55,https://www.calhr.ca.gov,,07/01/2014,,,,
2010,State Department,"Health Care Services, Department of",,"Nurse Evaluator II, Health Services",,,,59004,75228,,63431,0,0,0,63431,11777,0,0,5312,17089,2.00% @ 55,https://www.calhr.ca.gov,,07/01/2014,,,,
2010,State Department,"Health Care Services, Department of",,"Health Program Auditor IV, Department Of Health Services",,,,57996,74016,,63422,0,0,0,63422,11843,0,0,5313,17157,2.00% @ 55,https://www.calhr.ca.gov,,07/01/2014,,,,
2010,State Department,"Health Care Services, Department of",,Staff Services Manager I,,,,60948,73524,,63407,0,0,0,63407,11765,0,0,5636,17401,2.00% @ 55,https://www.calhr.ca.gov,,07/01/2014,,,,
2010,State Department,"Health Care Services, Department of",,"Nurse Evaluator II, Health Services",,,,59004,75228,,63407,0,0,0,63407,7469,0,0,12838,20307,2.00% @ 55,https://www.calhr.ca.gov,,07/01/2014,,,,
2010,State Department,"Health Care Services, Department of",,"Nurse Evaluator II, Health Services",,,,59004,75228,,63402,0,0,0,63402,7935,0,0,2013,9948,2.00% @ 55,https://www.calhr.ca.gov,,07/01/2014,,,,
2010,State Department,"Health Care Services, Department of",,"C.E.A., Range 3",,,,74076,160572,,52097,0,11265,0,63361,9209,0,0,3288,12497,2.00% @ 55,https://www.calhr.ca.gov,,07/01/2014,,,,
2010,State Department,"Health Care Services, Department of",,"Fraud Investigator, Department Of Health Services, Range C",,,,58656,74328,,62485,0,0,845,63330,18116,0,0,12752,30868,3.00% @ 50,https://www.calhr.ca.gov,,07/01/2014,,,,
2010,State Department,"Health Care Services, Department of",,"Health Program Audit Manager I, Department Of Health Services",,,,61344,77712,,63322,0,0,0,63322,12181,0,0,13969,26151,2.00% @ 55,https://www.calhr.ca.gov,,07/01/2014,,,,
2010,State Department,"Health Care Services, Department of",,"Nurse Evaluator II, Health Services",,,,59004,75228,,63150,0,0,87,63237,10752,0,0,1991,12742,2.00% @ 55,https://www.calhr.ca.gov,,07/01/2014,,,,
2010,State Department,"Health Care Services, Department of",,"Staff Information Systems Analyst (Specialist), Range A",,,,60780,77592,,63223,0,0,0,63223,11721,0,0,5055,16776,2.00% @ 55,https://www.calhr.ca.gov,,07/01/2014,,,,
2010,State Department,"Health Care Services, Department of",,Staff Services Manager I,,,,60948,73524,,63218,0,0,0,63218,11765,0,0,5636,17401,2.00% @ 55,https://www.calhr.ca.gov,,07/01/2014,,,,
2010,State Department,"Health Care Services, Department of",,Staff Services Manager I,,,,60948,73524,,35020,0,28163,27,63211,6251,0,0,6326,12576,2.00% @ 55,https://www.calhr.ca.gov,,07/01/2014,,,,
2010,State Department,"Health Care Services, Department of",,Labor Relations Specialist,,,,60948,73524,,63179,0,0,0,63179,11204,0,0,2339,13543,2.00% @ 55,https://www.calhr.ca.gov,,07/01/2014,,,,
2010,State Department,"Health Care Services, Department of",,"Health Program Auditor III, Department Of Health Services",,,,55428,70764,,63164,0,0,0,63164,11323,0,0,1811,13134,2.00% @ 55,https://www.calhr.ca.gov,,07/01/2014,,,,
2010,State Department,"Health Care Services, Department of",,"Fraud Investigator, Department Of Health Services, Range C",,,,58656,74328,,63156,0,0,0,63156,17909,0,0,12752,30662,3.00% @ 50,https://www.calhr.ca.gov,,07/01/2014,,,,
2010,State Department,"Health Care Services, Department of",,Staff Services Manager I,,,,60948,73524,,63152,0,0,0,63152,11137,0,0,3526,14664,1.25% @ 65,https://www.calhr.ca.gov,,07/01/2014,,,,
2010,State Department,"Health Care Services, Department of",,"Nurse Evaluator II, Health Services",,,,59004,75228,,63137,0,0,0,63137,11039,0,0,1991,13030,2.00% @ 55,https://www.calhr.ca.gov,,07/01/2014,,,,
2010,State Department,"Health Care Services, Department of",,"Nurse Evaluator II, Health Services",,,,59004,75228,,63127,0,0,0,63127,12099,0,0,13628,25727,2.00% @ 55,https://www.calhr.ca.gov,,07/01/2014,,,,
2010,State Department,"Health Care Services, Department of",,"Health Program Auditor IV, Department Of Health Services",,,,57996,74016,,63108,0,0,18,63126,11843,0,0,13607,25451,2.00% @ 55,https://www.calhr.ca.gov,,07/01/2014,,,,
2010,State Department,"Health Care Services, Department of",,"Fraud Investigator, Department Of Health Services, Range C",,,,58656,74328,,62862,0,0,260,63122,18235,0,0,12752,30987,3.00% @ 50,https://www.calhr.ca.gov,,07/01/2014,,,,
2010,State Department,"Health Care Services, Department of",,"Health Program Auditor IV, Department Of Health Services",,,,57996,74016,,63102,0,0,0,63102,11843,0,0,13625,25468,2.00% @ 55,https://www.calhr.ca.gov,,07/01/2014,,,,
2010,State Department,"Health Care Services, Department of",,"Health Program Auditor IV, Department Of Health Services",,,,57996,74016,,63102,0,0,0,63102,11843,0,0,13625,25468,2.00% @ 55,https://www.calhr.ca.gov,,07/01/2014,,,,
2010,State Department,"Health Care Services, Department of",,"Nurse Evaluator II, Health Services",,,,59004,75228,,63094,0,0,0,63094,12037,0,0,13628,25666,2.00% @ 55,https://www.calhr.ca.gov,,07/01/2014,,,,
2010,State Department,"Health Care Services, Department of",,"Nurse Evaluator II, Health Services",,,,59004,75228,,63010,0,0,72,63082,12037,0,0,10400,22438,2.00% @ 55,https://www.calhr.ca.gov,,07/01/2014,,,,
2010,State Department,"Health Care Services, Department of",,"Nurse Evaluator II, Health Services",,,,59004,75228,,63064,0,0,0,63064,12037,0,0,11630,23668,2.00% @ 55,https://www.calhr.ca.gov,,07/01/2014,,,,
2010,State Department,"Health Care Services, Department of",,"Staff Information Systems Analyst (Specialist), Range A",,,,60780,77592,,63058,0,0,0,63058,11719,0,0,5313,17033,2.00% @ 55,https://www.calhr.ca.gov,,07/01/2014,,,,
2010,State Department,"Health Care Services, Department of",,"Nurse Evaluator II, Health Services",,,,59004,75228,,63053,0,0,0,63053,10403,0,0,13312,23715,2.00% @ 55,https://www.calhr.ca.gov,,07/01/2014,,,,
2010,State Department,"Health Care Services, Department of",,"Health Program Audit Manager I, Department Of Health Services",,,,61344,77712,,63050,0,0,0,63050,12227,0,0,14084,26311,2.00% @ 55,https://www.calhr.ca.gov,,07/01/2014,,,,
2010,State Department,"Health Care Services, Department of",,"Nurse Evaluator II, Health Services",,,,59004,75228,,63041,0,0,0,63041,12037,0,0,10372,22410,2.00% @ 55,https://www.calhr.ca.gov,,07/01/2014,,,,
2010,State Department,"Health Care Services, Department of",,"Fraud Investigator, Department Of Health Services, Range C",,,,58656,74328,,62195,0,0,845,63040,18235,0,0,12752,30987,3.00% @ 50,https://www.calhr.ca.gov,,07/01/2014,,,,
2010,State Department,"Health Care Services, Department of",,"Nurse Evaluator II, Health Services",,,,59004,75228,,63038,0,0,0,63038,11885,0,0,10400,22285,1.25% @ 65,https://www.calhr.ca.gov,,07/01/2014,,,,
2010,State Department,"Health Care Services, Department of",,"Nurse Evaluator II, Health Services",,,,59004,75228,,63010,0,0,0,63010,12037,0,0,10400,22438,2.00% @ 55,https://www.calhr.ca.gov,,07/01/2014,,,,
2010,State Department,"Health Care Services, Department of",,"Nurse Evaluator II, Health Services",,,,59004,75228,,63010,0,0,0,63010,12037,0,0,10400,22438,2.00% @ 55,https://www.calhr.ca.gov,,07/01/2014,,,,
2010,State Department,"Health Care Services, Department of",,"Staff Programmer Analyst (Specialist), Range A",,,,60780,77592,,63007,0,0,0,63007,11746,0,0,5313,17059,2.00% @ 55,https://www.calhr.ca.gov,,07/01/2014,,,,
2010,State Department,"Health Care Services, Department of",,"Health Program Auditor III, Department Of Health Services",,,,55428,70764,,62968,0,0,0,62968,11198,0,0,2133,13332,2.00% @ 55,https://www.calhr.ca.gov,,07/01/2014,,,,
2010,State Department,"Health Care Services, Department of",,"Nurse Evaluator II, Health Services",,,,59004,75228,,62966,0,0,0,62966,12037,0,0,13628,25666,2.00% @ 55,https://www.calhr.ca.gov,,07/01/2014,,,,
2010,State Department,"Health Care Services, Department of",,"Nurse Evaluator II, Health Services",,,,59004,75228,,62702,0,0,251,62952,12037,0,0,13628,25666,2.00% @ 55,https://www.calhr.ca.gov,,07/01/2014,,,,
2010,State Department,"Health Care Services, Department of",,"Nurse Evaluator II, Health Services",,,,59004,75228,,62678,0,0,269,62947,12037,0,0,10400,22438,2.00% @ 55,https://www.calhr.ca.gov,,07/01/2014,,,,
2010,State Department,"Health Care Services, Department of",,"Nurse Evaluator II, Health Services",,,,59004,75228,,62945,0,0,0,62945,11937,0,0,10400,22337,2.00% @ 55,https://www.calhr.ca.gov,,07/01/2014,,,,
2010,State Department,"Health Care Services, Department of",,"Staff Information Systems Analyst (Specialist), Range A",,,,60780,77592,,62924,0,0,0,62924,11136,0,0,1811,12946,2.00% @ 55,https://www.calhr.ca.gov,,07/01/2014,,,,
2010,State Department,"Health Care Services, Department of",,Research Program Specialist II,,,,63708,77412,,62912,0,0,0,62912,12387,0,0,13625,26011,2.00% @ 55,https://www.calhr.ca.gov,,07/01/2014,,,,
2010,State Department,"Health Care Services, Department of",,Health Program Manager I,,,,60948,73524,,62901,0,0,0,62901,11765,0,0,14084,25849,2.00% @ 55,https://www.calhr.ca.gov,,07/01/2014,,,,
2010,State Department,"Health Care Services, Department of",,"Nurse Evaluator II, Health Services",,,,59004,75228,,62889,0,0,0,62889,12037,0,0,10400,22438,2.00% @ 55,https://www.calhr.ca.gov,,07/01/2014,,,,
2010,State Department,"Health Care Services, Department of",,"Nurse Evaluator II, Health Services",,,,59004,75228,,62889,0,0,0,62889,12037,0,0,10400,22438,2.00% @ 55,https://www.calhr.ca.gov,,07/01/2014,,,,
2010,State Department,"Health Care Services, Department of",,Health Program Specialist II,,,,63708,77412,,62855,0,0,0,62855,11586,0,0,5313,16900,2.00% @ 55,https://www.calhr.ca.gov,,07/01/2014,,,,
2010,State Department,"Health Care Services, Department of",,Staff Services Manager I,,,,60948,73524,,62832,0,0,0,62832,11765,0,0,5636,17401,2.00% @ 55,https://www.calhr.ca.gov,,07/01/2014,,,,
2010,State Department,"Health Care Services, Department of",,Staff Services Manager I,,,,60948,73524,,62832,0,0,0,62832,11765,0,0,5636,17401,2.00% @ 55,https://www.calhr.ca.gov,,07/01/2014,,,,
2010,State Department,"Health Care Services, Department of",,"Nurse Evaluator II, Health Services",,,,59004,75228,,62830,0,0,0,62830,12037,0,0,10400,22438,2.00% @ 55,https://www.calhr.ca.gov,,07/01/2014,,,,
2010,State Department,"Health Care Services, Department of",,Research Program Specialist II,,,,63708,77412,,62827,0,0,0,62827,12387,0,0,13607,25994,2.00% @ 55,https://www.calhr.ca.gov,,07/01/2014,,,,
2010,State Department,"Health Care Services, Department of",,"Fraud Investigator, Department Of Health Services, Range C",,,,58656,74328,,62826,0,0,0,62826,18022,0,0,9776,27798,3.00% @ 50,https://www.calhr.ca.gov,,07/01/2014,,,,
2010,State Department,"Health Care Services, Department of",,"Associate Information Systems Analyst (Specialist), Range A",,,,55428,70764,,56381,0,0,6422,62803,10739,0,0,10403,21142,2.00% @ 55,https://www.calhr.ca.gov,,07/01/2014,,,,
2010,State Department,"Health Care Services, Department of",,"Fraud Investigator, Department Of Health Services, Range C",,,,58656,74328,,61662,690,0,436,62787,18035,0,0,12752,30787,3.00% @ 50,https://www.calhr.ca.gov,,07/01/2014,,,,
2010,State Department,"Health Care Services, Department of",,"Nurse Evaluator II, Health Services",,,,59004,75228,,62775,0,0,0,62775,9296,0,0,10106,19403,2.00% @ 55,https://www.calhr.ca.gov,,07/01/2014,,,,
2010,State Department,"Health Care Services, Department of",,Staff Services Manager I,,,,60948,73524,,62759,0,0,0,62759,11514,0,0,5636,17151,2.00% @ 55,https://www.calhr.ca.gov,,07/01/2014,,,,
2010,State Department,"Health Care Services, Department of",,"Fraud Investigator, Department Of Health Services, Range C",,,,58656,74328,,62752,0,0,0,62752,17909,0,0,9776,27686,3.00% @ 50,https://www.calhr.ca.gov,,07/01/2014,,,,
2010,State Department,"Health Care Services, Department of",,"Nurse Evaluator II, Health Services",,,,59004,75228,,62748,0,0,0,62748,11791,0,0,5312,17103,2.00% @ 55,https://www.calhr.ca.gov,,07/01/2014,,,,
2010,State Department,"Health Care Services, Department of",,"Nurse Evaluator II, Health Services",,,,59004,75228,,62742,0,0,0,62742,12044,0,0,13628,25672,2.00% @ 55,https://www.calhr.ca.gov,,07/01/2014,,,,
2010,State Department,"Health Care Services, Department of",,"Nurse Evaluator II, Health Services",,,,59004,75228,,62725,0,0,0,62725,12037,0,0,13628,25666,2.00% @ 55,https://www.calhr.ca.gov,,07/01/2014,,,,
2010,State Department,"Health Care Services, Department of",,"Nurse Evaluator II, Health Services",,,,59004,75228,,62725,0,0,0,62725,12037,0,0,13628,25666,2.00% @ 55,https://www.calhr.ca.gov,,07/01/2014,,,,
2010,State Department,"Health Care Services, Department of",,"Nurse Evaluator II, Health Services",,,,59004,75228,,62507,0,0,198,62705,12037,0,0,10400,22438,2.00% @ 55,https://www.calhr.ca.gov,,07/01/2014,,,,
2010,State Department,"Health Care Services, Department of",,"Nurse Evaluator II, Health Services",,,,59004,75228,,62702,0,0,0,62702,12037,0,0,13628,25666,2.00% @ 55,https://www.calhr.ca.gov,,07/01/2014,,,,
2010,State Department,"Health Care Services, Department of",,"Nurse Evaluator II, Health Services",,,,59004,75228,,62702,0,0,0,62702,12037,0,0,13628,25666,2.00% @ 55,https://www.calhr.ca.gov,,07/01/2014,,,,
2010,State Department,"Health Care Services, Department of",,"Nurse Evaluator II, Health Services",,,,59004,75228,,62702,0,0,0,62702,12037,0,0,13628,25666,2.00% @ 55,https://www.calhr.ca.gov,,07/01/2014,,,,
2010,State Department,"Health Care Services, Department of",,"Nurse Evaluator II, Health Services",,,,59004,75228,,62702,0,0,0,62702,12037,0,0,13628,25666,2.00% @ 55,https://www.calhr.ca.gov,,07/01/2014,,,,
2010,State Department,"Health Care Services, Department of",,Accounting Administrator I (Supervisor),,,,60948,73524,,62663,0,0,0,62663,11765,0,0,5636,17401,2.00% @ 55,https://www.calhr.ca.gov,,07/01/2014,,,,
2010,State Department,"Health Care Services, Department of",,"Nurse Evaluator II, Health Services",,,,59004,75228,,62661,0,0,0,62661,11885,0,0,5312,17197,2.00% @ 55,https://www.calhr.ca.gov,,07/01/2014,,,,
2010,State Department,"Health Care Services, Department of",,Staff Services Manager I,,,,60948,73524,,62652,0,0,0,62652,11765,0,0,5636,17401,2.00% @ 55,https://www.calhr.ca.gov,,07/01/2014,,,,
2010,State Department,"Health Care Services, Department of",,Health Program Manager I,,,,60948,73524,,62567,0,0,82,62649,11765,0,0,5636,17401,2.00% @ 55,https://www.calhr.ca.gov,,07/01/2014,,,,
2010,State Department,"Health Care Services, Department of",,Health Program Specialist I,,,,57996,70488,,62645,0,0,0,62645,11090,0,0,1811,12901,2.00% @ 55,https://www.calhr.ca.gov,,07/01/2014,,,,
2010,State Department,"Health Care Services, Department of",,"Health Program Auditor III, Department Of Health Services",,,,55428,70764,,62634,0,0,0,62634,11816,0,0,9933,21749,2.00% @ 55,https://www.calhr.ca.gov,,07/01/2014,,,,
2010,State Department,"Health Care Services, Department of",,"Associate Information Systems Analyst (Specialist), Range A",,,,55428,70764,,62629,0,0,0,62629,11076,0,0,1811,12886,2.00% @ 55,https://www.calhr.ca.gov,,07/01/2014,,,,
2010,State Department,"Health Care Services, Department of",,"Health Program Auditor IV, Department Of Health Services",,,,57996,74016,,62622,0,0,0,62622,11843,0,0,13625,25468,2.00% @ 55,https://www.calhr.ca.gov,,07/01/2014,,,,
2010,State Department,"Health Care Services, Department of",,"Health Program Auditor IV, Department Of Health Services",,,,57996,74016,,62611,0,0,0,62611,11602,0,0,5313,16915,2.00% @ 55,https://www.calhr.ca.gov,,07/01/2014,,,,
2010,State Department,"Health Care Services, Department of",,Staff Services Manager I,,,,60948,73524,,62581,0,0,0,62581,11765,0,0,10844,22609,2.00% @ 55,https://www.calhr.ca.gov,,07/01/2014,,,,
2010,State Department,"Health Care Services, Department of",,Staff Services Manager I,,,,60948,73524,,62555,0,0,0,62555,11664,0,0,14084,25748,2.00% @ 55,https://www.calhr.ca.gov,,07/01/2014,,,,
2010,State Department,"Health Care Services, Department of",,"Staff Information Systems Analyst (Specialist), Range A",,,,60780,77592,,62555,0,0,0,62555,11392,0,0,5313,16705,1.25% @ 65,https://www.calhr.ca.gov,,07/01/2014,,,,
2010,State Department,"Health Care Services, Department of",,"Nurse Evaluator II, Health Services",,,,59004,75228,,62521,0,0,0,62521,12037,0,0,10400,22438,2.00% @ 55,https://www.calhr.ca.gov,,07/01/2014,,,,
2010,State Department,"Health Care Services, Department of",,"Health Program Auditor IV, Department Of Health Services",,,,57996,74016,,62476,0,0,36,62512,11843,0,0,10403,22247,2.00% @ 55,https://www.calhr.ca.gov,,07/01/2014,,,,
2010,State Department,"Health Care Services, Department of",,"Nurse Evaluator II, Health Services",,,,59004,75228,,62507,0,0,0,62507,12037,0,0,10400,22438,2.00% @ 55,https://www.calhr.ca.gov,,07/01/2014,,,,
2010,State Department,"Health Care Services, Department of",,"Nurse Evaluator II, Health Services",,,,59004,75228,,62507,0,0,0,62507,12037,0,0,10400,22438,2.00% @ 55,https://www.calhr.ca.gov,,07/01/2014,,,,
2010,State Department,"Health Care Services, Department of",,"C.E.A., Range 1",,,,74076,160572,,62471,0,0,0,62471,12028,0,0,10684,22711,2.00% @ 55,https://www.calhr.ca.gov,,07/01/2014,,,,
2010,State Department,"Health Care Services, Department of",,Staff Services Manager I,,,,60948,73524,,62461,0,0,0,62461,11765,0,0,10844,22609,2.00% @ 55,https://www.calhr.ca.gov,,07/01/2014,,,,
2010,State Department,"Health Care Services, Department of",,"Nurse Evaluator II, Health Services",,,,59004,75228,,62456,0,0,0,62456,10265,0,0,2219,12484,2.00% @ 55,https://www.calhr.ca.gov,,07/01/2014,,,,
2010,State Department,"Health Care Services, Department of",,"Nurse Evaluator II, Health Services",,,,59004,75228,,62450,0,0,0,62450,6555,0,0,9812,16368,2.00% @ 55,https://www.calhr.ca.gov,,07/01/2014,,,,
2010,State Department,"Health Care Services, Department of",,"Systems Software Specialist II (Technical), Range A",,,,66732,85164,,62392,0,0,0,62392,12158,0,0,13625,25782,2.00% @ 55,https://www.calhr.ca.gov,,07/01/2014,,,,
2010,State Department,"Health Care Services, Department of",,Health Program Manager I,,,,60948,73524,,62387,0,0,0,62387,11765,0,0,5636,17401,2.00% @ 55,https://www.calhr.ca.gov,,07/01/2014,,,,
2010,State Department,"Health Care Services, Department of",,"Nurse Evaluator II, Health Services",,,,59004,75228,,62386,0,0,0,62386,10210,0,0,13312,23522,2.00% @ 55,https://www.calhr.ca.gov,,07/01/2014,,,,
2010,State Department,"Health Care Services, Department of",,"Fraud Investigator, Department Of Health Services, Range C",,,,58656,74328,,61476,0,0,910,62386,17461,0,0,12752,30213,3.00% @ 50,https://www.calhr.ca.gov,,07/01/2014,,,,
2010,State Department,"Health Care Services, Department of",,"Health Program Audit Manager I, Department Of Health Services",,,,61344,77712,,62382,0,0,0,62382,11799,0,0,10734,22533,2.00% @ 55,https://www.calhr.ca.gov,,07/01/2014,,,,
2010,State Department,"Health Care Services, Department of",,"Nurse Evaluator II, Health Services",,,,59004,75228,,62376,0,0,0,62376,12099,0,0,13628,25727,2.00% @ 55,https://www.calhr.ca.gov,,07/01/2014,,,,
2010,State Department,"Health Care Services, Department of",,Staff Services Manager II (Supervisory),,,,66912,80724,,62359,0,0,0,62359,11796,0,0,5636,17433,2.00% @ 55,https://www.calhr.ca.gov,,07/01/2014,,,,
2010,State Department,"Health Care Services, Department of",,"Fraud Investigator, Department Of Health Services, Range C",,,,58656,74328,,62333,0,0,0,62333,17703,0,0,12752,30455,3.00% @ 50,https://www.calhr.ca.gov,,07/01/2014,,,,
2010,State Department,"Health Care Services, Department of",,"Associate Accounting Analyst, Range A",,,,55428,67392,,57521,3353,0,1434,62308,11021,0,0,5313,16334,2.00% @ 55,https://www.calhr.ca.gov,,07/01/2014,,,,
2010,State Department,"Health Care Services, Department of",,"Nurse Evaluator II, Health Services",,,,59004,75228,,62273,0,0,0,62273,12037,0,0,10400,22438,2.00% @ 55,https://www.calhr.ca.gov,,07/01/2014,,,,
2010,State Department,"Health Care Services, Department of",,"Health Program Audit Manager I, Department Of Health Services",,,,61344,77712,,62238,0,0,0,62238,11208,0,0,2059,13267,2.00% @ 55,https://www.calhr.ca.gov,,07/01/2014,,,,
2010,State Department,"Health Care Services, Department of",,Staff Services Manager I,,,,60948,73524,,62227,0,0,0,62227,11563,0,0,10844,22407,2.00% @ 55,https://www.calhr.ca.gov,,07/01/2014,,,,
2010,State Department,"Health Care Services, Department of",,Staff Services Manager I,,,,60948,73524,,62211,0,0,0,62211,11765,0,0,5636,17401,2.00% @ 55,https://www.calhr.ca.gov,,07/01/2014,,,,
2010,State Department,"Health Care Services, Department of",,"Nurse Evaluator II, Health Services",,,,59004,75228,,62187,0,0,0,62187,12085,0,0,10400,22486,2.00% @ 55,https://www.calhr.ca.gov,,07/01/2014,,,,
2010,State Department,"Health Care Services, Department of",,"Nurse Evaluator II, Health Services",,,,59004,75228,,62177,0,0,0,62177,12002,0,0,13590,25592,2.00% @ 55,https://www.calhr.ca.gov,,07/01/2014,,,,
2010,State Department,"Health Care Services, Department of",,Staff Services Manager I,,,,60948,73524,,62170,0,0,0,62170,11621,0,0,5636,17257,2.00% @ 55,https://www.calhr.ca.gov,,07/01/2014,,,,
2010,State Department,"Health Care Services, Department of",,Staff Services Manager I,,,,60948,73524,,62169,0,0,0,62169,11765,0,0,5636,17401,2.00% @ 55,https://www.calhr.ca.gov,,07/01/2014,,,,
2010,State Department,"Health Care Services, Department of",,"Nurse Evaluator II, Health Services",,,,59004,75228,,62159,0,0,0,62159,12037,0,0,10400,22438,2.00% @ 55,https://www.calhr.ca.gov,,07/01/2014,,,,
2010,State Department,"Health Care Services, Department of",,"Nurse Evaluator II, Health Services",,,,59004,75228,,62156,0,0,0,62156,12092,0,0,13628,25720,2.00% @ 55,https://www.calhr.ca.gov,,07/01/2014,,,,
2010,State Department,"Health Care Services, Department of",,"Health Program Auditor IV, Department Of Health Services",,,,57996,74016,,62132,0,0,0,62132,11678,0,0,13607,25286,2.00% @ 55,https://www.calhr.ca.gov,,07/01/2014,,,,
2010,State Department,"Health Care Services, Department of",,"Health Program Auditor IV, Department Of Health Services",,,,57996,74016,,62116,0,0,0,62116,11843,0,0,10403,22247,2.00% @ 55,https://www.calhr.ca.gov,,07/01/2014,,,,
2010,State Department,"Health Care Services, Department of",,Health Program Manager I,,,,60948,73524,,62103,0,0,0,62103,11765,0,0,14084,25849,2.00% @ 55,https://www.calhr.ca.gov,,07/01/2014,,,,
2010,State Department,"Health Care Services, Department of",,Data Processing Manager II,,,,70188,89568,,62100,0,0,0,62100,2720,0,0,14084,16804,2.00% @ 55,https://www.calhr.ca.gov,,07/01/2014,,,,
2010,State Department,"Health Care Services, Department of",,Staff Services Manager I,,,,60948,73524,,62094,0,0,0,62094,11765,0,0,5636,17401,2.00% @ 55,https://www.calhr.ca.gov,,07/01/2014,,,,
2010,State Department,"Health Care Services, Department of",,"Nurse Evaluator II, Health Services",,,,59004,75228,,62045,0,0,0,62045,11603,0,0,5312,16916,2.00% @ 55,https://www.calhr.ca.gov,,07/01/2014,,,,
2010,State Department,"Health Care Services, Department of",,"Nurse Evaluator II, Health Services",,,,59004,75228,,62035,0,0,0,62035,12037,0,0,13628,25666,2.00% @ 55,https://www.calhr.ca.gov,,07/01/2014,,,,
2010,State Department,"Health Care Services, Department of",,"Nurse Evaluator II, Health Services",,,,59004,75228,,62035,0,0,0,62035,12037,0,0,13628,25666,2.00% @ 55,https://www.calhr.ca.gov,,07/01/2014,,,,
2010,State Department,"Health Care Services, Department of",,"Nurse Evaluator II, Health Services",,,,59004,75228,,62024,0,0,0,62024,11584,0,0,5312,16896,2.00% @ 55,https://www.calhr.ca.gov,,07/01/2014,,,,
2010,State Department,"Health Care Services, Department of",,"Health Program Auditor III, Department Of Health Services",,,,55428,70764,,62019,0,0,0,62019,10987,0,0,1811,12798,2.00% @ 55,https://www.calhr.ca.gov,,07/01/2014,,,,
2010,State Department,"Health Care Services, Department of",,"Nurse Evaluator II, Health Services",,,,59004,75228,,62012,0,0,0,62012,12037,0,0,13628,25666,2.00% @ 55,https://www.calhr.ca.gov,,07/01/2014,,,,
2010,State Department,"Health Care Services, Department of",,"Nurse Evaluator II, Health Services",,,,59004,75228,,62012,0,0,0,62012,12037,0,0,13628,25666,2.00% @ 55,https://www.calhr.ca.gov,,07/01/2014,,,,
2010,State Department,"Health Care Services, Department of",,"Nurse Evaluator II, Health Services",,,,59004,75228,,62012,0,0,0,62012,12037,0,0,13628,25666,2.00% @ 55,https://www.calhr.ca.gov,,07/01/2014,,,,
2010,State Department,"Health Care Services, Department of",,"Nurse Evaluator II, Health Services",,,,59004,75228,,62012,0,0,0,62012,12037,0,0,13628,25666,2.00% @ 55,https://www.calhr.ca.gov,,07/01/2014,,,,
2010,State Department,"Health Care Services, Department of",,"Nurse Evaluator II, Health Services",,,,59004,75228,,62012,0,0,0,62012,12037,0,0,13628,25666,2.00% @ 55,https://www.calhr.ca.gov,,07/01/2014,,,,
2010,State Department,"Health Care Services, Department of",,"Nurse Evaluator II, Health Services",,,,59004,75228,,62012,0,0,0,62012,12037,0,0,13628,25666,2.00% @ 55,https://www.calhr.ca.gov,,07/01/2014,,,,
2010,State Department,"Health Care Services, Department of",,"Nurse Evaluator II, Health Services",,,,59004,75228,,62012,0,0,0,62012,12037,0,0,13628,25666,2.00% @ 55,https://www.calhr.ca.gov,,07/01/2014,,,,
2010,State Department,"Health Care Services, Department of",,"Health Program Auditor III, Department Of Health Services",,,,55428,70764,,61997,0,0,0,61997,10983,0,0,1811,12794,2.00% @ 55,https://www.calhr.ca.gov,,07/01/2014,,,,
2010,State Department,"Health Care Services, Department of",,"Health Program Auditor IV, Department Of Health Services",,,,57996,74016,,61992,0,0,0,61992,11761,0,0,10403,22165,2.00% @ 55,https://www.calhr.ca.gov,,07/01/2014,,,,
2010,State Department,"Health Care Services, Department of",,"Associate Governmental Program Analyst, Range A",,,,52800,64176,,59618,0,2356,0,61974,11239,0,0,11351,22590,2.00% @ 55,https://www.calhr.ca.gov,,07/01/2014,,,,
2010,State Department,"Health Care Services, Department of",,"Nurse Evaluator II, Health Services",,,,59004,75228,,61931,0,0,0,61931,11907,0,0,10400,22307,2.00% @ 55,https://www.calhr.ca.gov,,07/01/2014,,,,
2010,State Department,"Health Care Services, Department of",,"Nurse Evaluator II, Health Services",,,,59004,75228,,61930,0,0,0,61930,12037,0,0,10400,22438,2.00% @ 55,https://www.calhr.ca.gov,,07/01/2014,,,,
2010,State Department,"Health Care Services, Department of",,"Nurse Evaluator II, Health Services",,,,59004,75228,,61927,0,0,0,61927,12037,0,0,10400,22438,2.00% @ 55,https://www.calhr.ca.gov,,07/01/2014,,,,
2010,State Department,"Health Care Services, Department of",,Research Program Specialist II,,,,63708,77412,,61922,0,0,0,61922,12387,0,0,5313,17700,2.00% @ 55,https://www.calhr.ca.gov,,07/01/2014,,,,
2010,State Department,"Health Care Services, Department of",,"Fraud Investigator, Department Of Health Services, Range C",,,,58656,74328,,59922,858,0,1131,61910,16880,0,0,5012,21892,3.00% @ 50,https://www.calhr.ca.gov,,07/01/2014,,,,
2010,State Department,"Health Care Services, Department of",,"Fraud Investigator, Department Of Health Services, Range C",,,,58656,74328,,61903,0,0,0,61903,17909,0,0,12752,30662,3.00% @ 50,https://www.calhr.ca.gov,,07/01/2014,,,,
2010,State Department,"Health Care Services, Department of",,Health Program Manager I,,,,60948,73524,,61881,0,0,0,61881,11765,0,0,14084,25849,2.00% @ 55,https://www.calhr.ca.gov,,07/01/2014,,,,
2010,State Department,"Health Care Services, Department of",,"Nurse Evaluator II, Health Services",,,,59004,75228,,61877,0,0,0,61877,12037,0,0,13590,25628,2.00% @ 55,https://www.calhr.ca.gov,,07/01/2014,,,,
2010,State Department,"Health Care Services, Department of",,Accounting Administrator II,,,,66912,80724,,61843,0,0,0,61843,11731,0,0,10844,22575,2.00% @ 55,https://www.calhr.ca.gov,,07/01/2014,,,,
2010,State Department,"Health Care Services, Department of",,"Nurse Evaluator II, Health Services",,,,59004,75228,,61832,0,0,0,61832,12037,0,0,13628,25666,2.00% @ 55,https://www.calhr.ca.gov,,07/01/2014,,,,
2010,State Department,"Health Care Services, Department of",,"Nurse Evaluator II, Health Services",,,,59004,75228,,61817,0,0,0,61817,12037,0,0,13590,25628,2.00% @ 55,https://www.calhr.ca.gov,,07/01/2014,,,,
2010,State Department,"Health Care Services, Department of",,"Health Program Auditor IV, Department Of Health Services",,,,57996,74016,,61811,0,0,0,61811,11843,0,0,12914,24757,2.00% @ 55,https://www.calhr.ca.gov,,07/01/2014,,,,
2010,State Department,"Health Care Services, Department of",,"Health Program Auditor III, Department Of Health Services",,,,55428,70764,,61792,0,0,0,61792,11322,0,0,2452,13774,2.00% @ 55,https://www.calhr.ca.gov,,07/01/2014,,,,
2010,State Department,"Health Care Services, Department of",,"Health Program Auditor III, Department Of Health Services",,,,55428,70764,,61783,0,0,0,61783,10997,0,0,2855,13852,2.00% @ 55,https://www.calhr.ca.gov,,07/01/2014,,,,
2010,State Department,"Health Care Services, Department of",,Staff Services Manager I,,,,60948,73524,,61754,0,0,0,61754,11765,0,0,8674,20439,2.00% @ 55,https://www.calhr.ca.gov,,07/01/2014,,,,
2010,State Department,"Health Care Services, Department of",,Research Manager I -General-,,,,60948,73524,,61753,0,0,0,61753,11765,0,0,10844,22609,2.00% @ 55,https://www.calhr.ca.gov,,07/01/2014,,,,
2010,State Department,"Health Care Services, Department of",,Staff Services Manager I,,,,60948,73524,,61753,0,0,0,61753,11765,0,0,10844,22609,2.00% @ 55,https://www.calhr.ca.gov,,07/01/2014,,,,
2010,State Department,"Health Care Services, Department of",,Research Manager I -General-,,,,60948,73524,,61743,0,0,0,61743,11765,0,0,10844,22609,2.00% @ 55,https://www.calhr.ca.gov,,07/01/2014,,,,
2010,State Department,"Health Care Services, Department of",,"Health Program Auditor IV, Department Of Health Services",,,,57996,74016,,61742,0,0,0,61742,11494,0,0,5313,16807,2.00% @ 55,https://www.calhr.ca.gov,,07/01/2014,,,,
2010,State Department,"Health Care Services, Department of",,"Health Program Auditor IV, Department Of Health Services",,,,57996,74016,,61714,0,0,0,61714,11494,0,0,5675,17169,2.00% @ 55,https://www.calhr.ca.gov,,07/01/2014,,,,
2010,State Department,"Health Care Services, Department of",,"Nurse Evaluator II, Health Services",,,,59004,75228,,61682,0,0,24,61706,12037,0,0,13628,25666,2.00% @ 55,https://www.calhr.ca.gov,,07/01/2014,,,,
2010,State Department,"Health Care Services, Department of",,Staff Services Manager I,,,,60948,73524,,61685,0,0,6,61691,11367,0,0,14084,25451,2.00% @ 55,https://www.calhr.ca.gov,,07/01/2014,,,,
2010,State Department,"Health Care Services, Department of",,"Health Program Audit Manager I, Department Of Health Services",,,,61344,77712,,61689,0,0,0,61689,11943,0,0,14075,26019,2.00% @ 55,https://www.calhr.ca.gov,,07/01/2014,,,,
2010,State Department,"Health Care Services, Department of",,"Health Program Auditor IV, Department Of Health Services",,,,57996,74016,,61636,0,0,40,61676,11843,0,0,13607,25451,2.00% @ 55,https://www.calhr.ca.gov,,07/01/2014,,,,
2010,State Department,"Health Care Services, Department of",,"Health Program Auditor III, Department Of Health Services",,,,55428,70764,,61666,0,0,0,61666,11323,0,0,5046,16369,2.00% @ 55,https://www.calhr.ca.gov,,07/01/2014,,,,
2010,State Department,"Health Care Services, Department of",,Staff Services Manager I,,,,60948,73524,,61664,0,0,0,61664,10927,0,0,1991,12918,2.00% @ 55,https://www.calhr.ca.gov,,07/01/2014,,,,
2010,State Department,"Health Care Services, Department of",,"Fraud Investigator, Department Of Health Services, Range C",,,,58656,74328,,61662,0,0,0,61662,17909,0,0,12752,30662,3.00% @ 50,https://www.calhr.ca.gov,,07/01/2014,,,,
2010,State Department,"Health Care Services, Department of",,"Nurse Evaluator II, Health Services",,,,59004,75228,,61658,0,0,0,61658,11393,0,0,5312,16705,2.00% @ 55,https://www.calhr.ca.gov,,07/01/2014,,,,
2010,State Department,"Health Care Services, Department of",,"Nurse Evaluator II, Health Services",,,,59004,75228,,61609,0,0,48,61657,11806,0,0,10400,22206,2.00% @ 55,https://www.calhr.ca.gov,,07/01/2014,,,,
2010,State Department,"Health Care Services, Department of",,Staff Services Manager I,,,,60948,73524,,60140,0,0,1516,61656,12030,0,0,14084,26115,2.00% @ 55,https://www.calhr.ca.gov,,07/01/2014,,,,
2010,State Department,"Health Care Services, Department of",,Staff Services Manager I,,,,60948,73524,,61645,0,0,0,61645,11765,0,0,11924,23689,2.00% @ 55,https://www.calhr.ca.gov,,07/01/2014,,,,
2010,State Department,"Health Care Services, Department of",,"Nurse Evaluator II, Health Services",,,,59004,75228,,61538,0,0,0,61538,9296,0,0,13154,22451,2.00% @ 55,https://www.calhr.ca.gov,,07/01/2014,,,,
2010,State Department,"Health Care Services, Department of",,"Associate Information Systems Analyst (Specialist), Range A",,,,55428,70764,,61511,0,0,0,61511,11323,0,0,5313,16636,2.00% @ 55,https://www.calhr.ca.gov,,07/01/2014,,,,
2010,State Department,"Health Care Services, Department of",,"Associate Information Systems Analyst (Specialist), Range A",,,,55428,70764,,61511,0,0,0,61511,11323,0,0,5313,16636,2.00% @ 55,https://www.calhr.ca.gov,,07/01/2014,,,,
2010,State Department,"Health Care Services, Department of",,"Health Program Auditor III, Department Of Health Services",,,,55428,70764,,61511,0,0,0,61511,11323,0,0,5313,16636,2.00% @ 55,https://www.calhr.ca.gov,,07/01/2014,,,,
2010,State Department,"Health Care Services, Department of",,"Nurse Evaluator II, Health Services",,,,59004,75228,,61510,0,0,0,61510,12037,0,0,10400,22438,2.00% @ 55,https://www.calhr.ca.gov,,07/01/2014,,,,
2010,State Department,"Health Care Services, Department of",,"Nurse Evaluator II, Health Services",,,,59004,75228,,61485,0,0,0,61485,11831,0,0,13628,25460,2.00% @ 55,https://www.calhr.ca.gov,,07/01/2014,,,,
2010,State Department,"Health Care Services, Department of",,Staff Services Manager I,,,,60948,73524,,61482,0,0,0,61482,11667,0,0,14084,25751,2.00% @ 55,https://www.calhr.ca.gov,,07/01/2014,,,,
2010,State Department,"Health Care Services, Department of",,"Nurse Evaluator II, Health Services",,,,59004,75228,,61462,0,0,0,61462,11974,0,0,12522,24496,2.00% @ 55,https://www.calhr.ca.gov,,07/01/2014,,,,
2010,State Department,"Health Care Services, Department of",,"Health Program Auditor IV, Department Of Health Services",,,,57996,74016,,61430,0,0,0,61430,11485,0,0,10772,22257,2.00% @ 55,https://www.calhr.ca.gov,,07/01/2014,,,,
2010,State Department,"Health Care Services, Department of",,Staff Services Manager I,,,,60948,73524,,61429,0,0,0,61429,11765,0,0,14084,25849,2.00% @ 55,https://www.calhr.ca.gov,,07/01/2014,,,,
2010,State Department,"Health Care Services, Department of",,Staff Services Manager I,,,,60948,73524,,61429,0,0,0,61429,11765,0,0,14084,25849,2.00% @ 55,https://www.calhr.ca.gov,,07/01/2014,,,,
2010,State Department,"Health Care Services, Department of",,Staff Services Manager I,,,,60948,73524,,61429,0,0,0,61429,11765,0,0,14084,25849,2.00% @ 55,https://www.calhr.ca.gov,,07/01/2014,,,,
2010,State Department,"Health Care Services, Department of",,Staff Services Manager I,,,,60948,73524,,61429,0,0,0,61429,11616,0,0,14084,25700,1.25% @ 65,https://www.calhr.ca.gov,,07/01/2014,,,,
2010,State Department,"Health Care Services, Department of",,Staff Services Manager I,,,,60948,73524,,61420,0,0,0,61420,11596,0,0,1991,13587,2.00% @ 55,https://www.calhr.ca.gov,,07/01/2014,,,,
2010,State Department,"Health Care Services, Department of",,"Nurse Evaluator II, Health Services",,,,59004,75228,,61395,0,0,0,61395,11388,0,0,5312,16700,2.00% @ 55,https://www.calhr.ca.gov,,07/01/2014,,,,
2010,State Department,"Health Care Services, Department of",,"Fraud Investigator, Department Of Health Services, Range C",,,,58656,74328,,60491,0,0,845,61336,15914,0,0,1991,17905,3.00% @ 50,https://www.calhr.ca.gov,,07/01/2014,,,,
2010,State Department,"Health Care Services, Department of",,"Senior Information Systems Analyst (Specialist), Range A",,,,66852,85308,,61330,0,0,0,61330,8214,0,0,12748,20962,2.00% @ 55,https://www.calhr.ca.gov,,07/01/2014,,,,
2010,State Department,"Health Care Services, Department of",,Health Facilities Evaluator Specialist,,,,57996,70488,,61268,0,0,48,61316,11279,0,0,5313,16592,2.00% @ 55,https://www.calhr.ca.gov,,07/01/2014,,,,
2010,State Department,"Health Care Services, Department of",,Accounting Administrator I (Supervisor),,,,60948,73524,,61269,0,0,0,61269,11765,0,0,10844,22609,2.00% @ 55,https://www.calhr.ca.gov,,07/01/2014,,,,
2010,State Department,"Health Care Services, Department of",,Staff Services Manager I,,,,60948,73524,,61269,0,0,0,61269,11765,0,0,10844,22609,2.00% @ 55,https://www.calhr.ca.gov,,07/01/2014,,,,
2010,State Department,"Health Care Services, Department of",,Health Program Specialist I,,,,57996,70488,,61268,0,0,0,61268,11279,0,0,5313,16592,2.00% @ 55,https://www.calhr.ca.gov,,07/01/2014,,,,
2010,State Department,"Health Care Services, Department of",,Research Program Specialist I,,,,57996,70488,,61268,0,0,0,61268,11279,0,0,5313,16592,2.00% @ 55,https://www.calhr.ca.gov,,07/01/2014,,,,
2010,State Department,"Health Care Services, Department of",,"Staff Programmer Analyst (Specialist), Range A",,,,60780,77592,,61215,0,0,0,61215,11377,0,0,5313,16691,2.00% @ 55,https://www.calhr.ca.gov,,07/01/2014,,,,
2010,State Department,"Health Care Services, Department of",,Staff Services Manager I,,,,60948,73524,,61212,0,0,0,61212,10946,0,0,1991,12937,2.00% @ 55,https://www.calhr.ca.gov,,07/01/2014,,,,
2010,State Department,"Health Care Services, Department of",,Health Education Consultant III (Specialist),,,,59172,77664,,61183,0,0,24,61207,12241,0,0,10400,22641,2.00% @ 55,https://www.calhr.ca.gov,,07/01/2014,,,,
2010,State Department,"Health Care Services, Department of",,"Health Program Auditor III, Department Of Health Services",,,,55428,70764,,60673,0,0,500,61173,11322,0,0,5313,16635,2.00% @ 55,https://www.calhr.ca.gov,,07/01/2014,,,,
2010,State Department,"Health Care Services, Department of",,"Staff Information Systems Analyst (Specialist), Range A",,,,60780,77592,,61095,1,0,75,61170,11768,0,0,13625,25392,2.00% @ 55,https://www.calhr.ca.gov,,07/01/2014,,,,
2010,State Department,"Health Care Services, Department of",,"Health Program Auditor III, Department Of Health Services",,,,55428,70764,,60390,0,0,744,61134,11323,0,0,4522,15845,2.00% @ 55,https://www.calhr.ca.gov,,07/01/2014,,,,
2010,State Department,"Health Care Services, Department of",,"Nurse Evaluator III, Health Services",,,,58776,76200,,61120,0,0,0,61120,12583,0,0,14008,26592,2.00% @ 55,https://www.calhr.ca.gov,,07/01/2014,,,,
2010,State Department,"Health Care Services, Department of",,"Health Program Auditor III, Department Of Health Services",,,,55428,70764,,61100,0,0,0,61100,11323,0,0,5046,16369,2.00% @ 55,https://www.calhr.ca.gov,,07/01/2014,,,,
2010,State Department,"Health Care Services, Department of",,"Staff Information Systems Analyst (Specialist), Range A",,,,60780,77592,,61090,0,0,0,61090,11355,0,0,5313,16669,2.00% @ 55,https://www.calhr.ca.gov,,07/01/2014,,,,
2010,State Department,"Health Care Services, Department of",,"Nurse Evaluator II, Health Services",,,,59004,75228,,61069,0,0,0,61069,11635,0,0,10400,22036,2.00% @ 55,https://www.calhr.ca.gov,,07/01/2014,,,,
2010,State Department,"Health Care Services, Department of",,"Health Program Auditor III, Department Of Health Services",,,,55428,70764,,61038,0,0,0,61038,11323,0,0,5313,16636,2.00% @ 55,https://www.calhr.ca.gov,,07/01/2014,,,,
2010,State Department,"Health Care Services, Department of",,"Health Program Auditor III, Department Of Health Services",,,,55428,70764,,61038,0,0,0,61038,11323,0,0,5313,16636,2.00% @ 55,https://www.calhr.ca.gov,,07/01/2014,,,,
2010,State Department,"Health Care Services, Department of",,"Health Program Auditor III, Department Of Health Services",,,,55428,70764,,61038,0,0,0,61038,11180,0,0,5313,16493,1.25% @ 65,https://www.calhr.ca.gov,,07/01/2014,,,,
2010,State Department,"Health Care Services, Department of",,"Nurse Evaluator II, Health Services",,,,59004,75228,,61037,0,0,0,61037,11388,0,0,5312,16700,2.00% @ 55,https://www.calhr.ca.gov,,07/01/2014,,,,
2010,State Department,"Health Care Services, Department of",,Associate Administrative Analyst -Accounting Systems-,,,,55428,67392,,61034,0,0,0,61034,10783,0,0,1811,12594,2.00% @ 55,https://www.calhr.ca.gov,,07/01/2014,,,,
2010,State Department,"Health Care Services, Department of",,"Associate Information Systems Analyst (Specialist), Range A",,,,55428,70764,,59881,0,0,1153,61034,11517,0,0,9897,21414,2.00% @ 55,https://www.calhr.ca.gov,,07/01/2014,,,,
2010,State Department,"Health Care Services, Department of",,Staff Services Manager II (Supervisory),,,,66912,80724,,61026,0,0,0,61026,11775,0,0,10844,22619,2.00% @ 55,https://www.calhr.ca.gov,,07/01/2014,,,,
2010,State Department,"Health Care Services, Department of",,"Health Program Auditor III, Department Of Health Services",,,,55428,70764,,61021,0,0,0,61021,11323,0,0,9916,21239,2.00% @ 55,https://www.calhr.ca.gov,,07/01/2014,,,,
2010,State Department,"Health Care Services, Department of",,"Nurse Evaluator II, Health Services",,,,59004,75228,,60992,0,0,0,60992,12037,0,0,13628,25666,2.00% @ 55,https://www.calhr.ca.gov,,07/01/2014,,,,
2010,State Department,"Health Care Services, Department of",,"Nurse Evaluator II, Health Services",,,,59004,75228,,60992,0,0,0,60992,12037,0,0,13628,25666,2.00% @ 55,https://www.calhr.ca.gov,,07/01/2014,,,,
2010,State Department,"Health Care Services, Department of",,"Nurse Evaluator II, Health Services",,,,59004,75228,,59542,1445,0,0,60987,10515,0,0,1814,12330,2.00% @ 55,https://www.calhr.ca.gov,,07/01/2014,,,,
2010,State Department,"Health Care Services, Department of",,Accounting Administrator III,,,,81348,89688,,40676,0,20299,0,60975,1034,0,0,195,1229,,https://www.calhr.ca.gov,,07/01/2014,,,,
2010,State Department,"Health Care Services, Department of",,"Health Program Auditor IV, Department Of Health Services",,,,57996,74016,,60947,0,0,0,60947,11694,0,0,13607,25301,1.25% @ 65,https://www.calhr.ca.gov,,07/01/2014,,,,
2010,State Department,"Health Care Services, Department of",,"Health Program Auditor III, Department Of Health Services",,,,55428,70764,,60945,0,0,0,60945,11323,0,0,5313,16636,2.00% @ 55,https://www.calhr.ca.gov,,07/01/2014,,,,
2010,State Department,"Health Care Services, Department of",,"Health Program Auditor III, Department Of Health Services",,,,55428,70764,,60945,0,0,0,60945,11323,0,0,5313,16636,2.00% @ 55,https://www.calhr.ca.gov,,07/01/2014,,,,
2010,State Department,"Health Care Services, Department of",,"Health Program Auditor III, Department Of Health Services",,,,55428,70764,,60945,0,0,0,60945,11323,0,0,5313,16636,2.00% @ 55,https://www.calhr.ca.gov,,07/01/2014,,,,
2010,State Department,"Health Care Services, Department of",,"Health Program Auditor III, Department Of Health Services",,,,55428,70764,,60945,0,0,0,60945,11323,0,0,5313,16636,2.00% @ 55,https://www.calhr.ca.gov,,07/01/2014,,,,
2010,State Department,"Health Care Services, Department of",,"Health Program Auditor IV, Department Of Health Services",,,,57996,74016,,60941,0,0,0,60941,11843,0,0,13625,25468,2.00% @ 55,https://www.calhr.ca.gov,,07/01/2014,,,,
2010,State Department,"Health Care Services, Department of",,Staff Services Manager I,,,,60948,73524,,60919,0,0,0,60919,11765,0,0,10844,22609,2.00% @ 55,https://www.calhr.ca.gov,,07/01/2014,,,,
2010,State Department,"Health Care Services, Department of",,Staff Services Manager I,,,,60948,73524,,60913,0,0,0,60913,11765,0,0,10844,22609,2.00% @ 55,https://www.calhr.ca.gov,,07/01/2014,,,,
2010,State Department,"Health Care Services, Department of",,"Associate Management Auditor, Range A",,,,55428,70764,,60865,0,0,0,60865,11323,0,0,10041,21364,2.00% @ 55,https://www.calhr.ca.gov,,07/01/2014,,,,
2010,State Department,"Health Care Services, Department of",,Staff Services Manager I,,,,60948,73524,,60840,0,0,0,60840,11765,0,0,14084,25849,2.00% @ 55,https://www.calhr.ca.gov,,07/01/2014,,,,
2010,State Department,"Health Care Services, Department of",,"Health Program Auditor III, Department Of Health Services",,,,55428,70764,,60839,0,0,0,60839,11323,0,0,5632,16955,2.00% @ 55,https://www.calhr.ca.gov,,07/01/2014,,,,
2010,State Department,"Health Care Services, Department of",,"Nurse Evaluator II, Health Services",,,,59004,75228,,60837,0,0,0,60837,12037,0,0,5312,17350,2.00% @ 55,https://www.calhr.ca.gov,,07/01/2014,,,,
2010,State Department,"Health Care Services, Department of",,"Nurse Evaluator II, Health Services",,,,59004,75228,,60837,0,0,0,60837,12037,0,0,5312,17350,2.00% @ 55,https://www.calhr.ca.gov,,07/01/2014,,,,
2010,State Department,"Health Care Services, Department of",,"Health Program Auditor III, Department Of Health Services",,,,55428,70764,,60835,0,0,0,60835,11323,0,0,5046,16369,2.00% @ 55,https://www.calhr.ca.gov,,07/01/2014,,,,
2010,State Department,"Health Care Services, Department of",,"Systems Software Specialist I (Technical), Range A",,,,60768,77580,,60835,0,0,0,60835,11660,0,0,10360,22020,2.00% @ 55,https://www.calhr.ca.gov,,07/01/2014,,,,
2010,State Department,"Health Care Services, Department of",,"Nurse Evaluator II, Health Services",,,,59004,75228,,60632,0,0,175,60807,11749,0,0,10400,22149,2.00% @ 55,https://www.calhr.ca.gov,,07/01/2014,,,,
2010,State Department,"Health Care Services, Department of",,"Associate Accounting Analyst, Range A",,,,55428,67392,,60284,518,0,0,60803,10783,0,0,2855,13639,2.00% @ 55,https://www.calhr.ca.gov,,07/01/2014,,,,
2010,State Department,"Health Care Services, Department of",,Staff Services Manager I,,,,60948,73524,,60769,0,0,0,60769,11765,0,0,14084,25849,2.00% @ 55,https://www.calhr.ca.gov,,07/01/2014,,,,
2010,State Department,"Health Care Services, Department of",,"Health Program Auditor III, Department Of Health Services",,,,55428,70764,,60759,0,0,0,60759,11323,0,0,10360,21683,2.00% @ 55,https://www.calhr.ca.gov,,07/01/2014,,,,
2010,State Department,"Health Care Services, Department of",,Staff Services Manager I,,,,60948,73524,,60740,0,0,0,60740,11765,0,0,14084,25849,2.00% @ 55,https://www.calhr.ca.gov,,07/01/2014,,,,
2010,State Department,"Health Care Services, Department of",,Staff Services Manager I,,,,60948,73524,,60740,0,0,0,60740,11765,0,0,14084,25849,2.00% @ 55,https://www.calhr.ca.gov,,07/01/2014,,,,
2010,State Department,"Health Care Services, Department of",,Staff Services Manager I,,,,60948,73524,,60740,0,0,0,60740,11765,0,0,14084,25849,2.00% @ 55,https://www.calhr.ca.gov,,07/01/2014,,,,
2010,State Department,"Health Care Services, Department of",,Health Program Manager I,,,,60948,73524,,60733,0,0,0,60733,11765,0,0,10844,22609,2.00% @ 55,https://www.calhr.ca.gov,,07/01/2014,,,,
2010,State Department,"Health Care Services, Department of",,Research Program Specialist I,,,,57996,70488,,60725,0,0,0,60725,11279,0,0,5243,16522,2.00% @ 55,https://www.calhr.ca.gov,,07/01/2014,,,,
2010,State Department,"Health Care Services, Department of",,"Health Program Auditor III, Department Of Health Services",,,,55428,70764,,60723,0,0,0,60723,10807,0,0,1811,12618,2.00% @ 55,https://www.calhr.ca.gov,,07/01/2014,,,,
2010,State Department,"Health Care Services, Department of",,"Nurse Consultant III (Specialist), Range A",,,,71436,91728,,55079,0,5643,0,60722,8568,0,0,4427,12995,2.00% @ 55,https://www.calhr.ca.gov,,07/01/2014,,,,
2010,State Department,"Health Care Services, Department of",,Staff Services Manager I,,,,60948,73524,,60716,0,0,0,60716,11537,0,0,14084,25621,2.00% @ 55,https://www.calhr.ca.gov,,07/01/2014,,,,
2010,State Department,"Health Care Services, Department of",,"Health Program Auditor III, Department Of Health Services",,,,55428,70764,,60689,0,0,0,60689,11323,0,0,10360,21683,2.00% @ 55,https://www.calhr.ca.gov,,07/01/2014,,,,
2010,State Department,"Health Care Services, Department of",,"Health Program Auditor III, Department Of Health Services",,,,55428,70764,,60683,0,0,0,60683,11248,0,0,5313,16561,2.00% @ 55,https://www.calhr.ca.gov,,07/01/2014,,,,
2010,State Department,"Health Care Services, Department of",,"Health Program Auditor III, Department Of Health Services",,,,55428,70764,,60680,0,0,0,60680,11323,0,0,5313,16636,2.00% @ 55,https://www.calhr.ca.gov,,07/01/2014,,,,
2010,State Department,"Health Care Services, Department of",,"Associate Information Systems Analyst (Specialist), Range A",,,,55428,70764,,60680,0,0,0,60680,11323,0,0,5313,16636,2.00% @ 55,https://www.calhr.ca.gov,,07/01/2014,,,,
2010,State Department,"Health Care Services, Department of",,Health Program Manager I,,,,60948,73524,,60589,0,0,90,60679,11765,0,0,14084,25849,2.00% @ 55,https://www.calhr.ca.gov,,07/01/2014,,,,
2010,State Department,"Health Care Services, Department of",,"Associate Governmental Program Analyst, Range A",,,,52800,64176,,59592,0,1080,0,60672,11239,0,0,11351,22590,2.00% @ 55,https://www.calhr.ca.gov,,07/01/2014,,,,
2010,State Department,"Health Care Services, Department of",,"Nurse Evaluator II, Health Services",,,,59004,75228,,60657,0,0,0,60657,12037,0,0,5312,17350,2.00% @ 55,https://www.calhr.ca.gov,,07/01/2014,,,,
2010,State Department,"Health Care Services, Department of",,"Health Program Auditor III, Department Of Health Services",,,,55428,70764,,60656,0,0,0,60656,10715,0,0,1811,12525,2.00% @ 55,https://www.calhr.ca.gov,,07/01/2014,,,,
2010,State Department,"Health Care Services, Department of",,Staff Services Manager I,,,,60948,73524,,60137,0,0,500,60637,11646,0,0,14084,25730,2.00% @ 55,https://www.calhr.ca.gov,,07/01/2014,,,,
2010,State Department,"Health Care Services, Department of",,"Nurse Evaluator II, Health Services",,,,59004,75228,,60615,0,0,0,60615,12042,0,0,13628,25670,2.00% @ 55,https://www.calhr.ca.gov,,07/01/2014,,,,
2010,State Department,"Health Care Services, Department of",,Staff Services Manager I,,,,60948,73524,,60589,0,0,0,60589,11765,0,0,14084,25849,2.00% @ 55,https://www.calhr.ca.gov,,07/01/2014,,,,
2010,State Department,"Health Care Services, Department of",,Staff Services Manager I,,,,60948,73524,,60589,0,0,0,60589,11765,0,0,14084,25849,2.00% @ 55,https://www.calhr.ca.gov,,07/01/2014,,,,
2010,State Department,"Health Care Services, Department of",,"Nurse Consultant II, Range A",,,,65460,83892,,60570,0,0,18,60588,10930,0,0,1991,12921,2.00% @ 55,https://www.calhr.ca.gov,,07/01/2014,,,,
2010,State Department,"Health Care Services, Department of",,Consultant In Physical Therapy For Physically Handicapped Children,,,,51288,70716,,60585,0,0,0,60585,11581,0,0,5312,16893,2.00% @ 55,https://www.calhr.ca.gov,,07/01/2014,,,,
2010,State Department,"Health Care Services, Department of",,"Associate Governmental Program Analyst, Range A",,,,52800,64176,,53783,362,0,6422,60567,10265,0,0,10401,20666,2.00% @ 55,https://www.calhr.ca.gov,,07/01/2014,,,,
2010,State Department,"Health Care Services, Department of",,"Health Program Auditor III, Department Of Health Services",,,,55428,70764,,60559,0,0,0,60559,11323,0,0,5675,16998,2.00% @ 55,https://www.calhr.ca.gov,,07/01/2014,,,,
2010,State Department,"Health Care Services, Department of",,Staff Services Manager I,,,,60948,73524,,60550,0,0,0,60550,11370,0,0,8674,20045,2.00% @ 55,https://www.calhr.ca.gov,,07/01/2014,,,,
2010,State Department,"Health Care Services, Department of",,"Nurse Evaluator II, Health Services",,,,59004,75228,,60541,0,0,0,60541,11780,0,0,13628,25408,2.00% @ 55,https://www.calhr.ca.gov,,07/01/2014,,,,
2010,State Department,"Health Care Services, Department of",,Health Program Specialist I,,,,57996,70488,,59995,0,0,500,60495,11204,0,0,5313,16518,2.00% @ 55,https://www.calhr.ca.gov,,07/01/2014,,,,
2010,State Department,"Health Care Services, Department of",,"Health Program Auditor III, Department Of Health Services",,,,55428,70764,,60491,0,0,0,60491,11323,0,0,5313,16636,2.00% @ 55,https://www.calhr.ca.gov,,07/01/2014,,,,
2010,State Department,"Health Care Services, Department of",,"Staff Information Systems Analyst (Specialist), Range A",,,,60780,77592,,60457,0,0,0,60457,11058,0,0,1811,12868,2.00% @ 55,https://www.calhr.ca.gov,,07/01/2014,,,,
2010,State Department,"Health Care Services, Department of",,"Associate Information Systems Analyst (Specialist), Range A",,,,55428,70764,,60438,0,0,0,60438,11115,0,0,5675,16790,1.25% @ 65,https://www.calhr.ca.gov,,07/01/2014,,,,
2010,State Department,"Health Care Services, Department of",,Staff Services Manager I,,,,60948,73524,,60409,0,0,0,60409,11765,0,0,14084,25849,2.00% @ 55,https://www.calhr.ca.gov,,07/01/2014,,,,
2010,State Department,"Health Care Services, Department of",,"Fraud Investigator, Department Of Health Services, Range B",,,,53448,67572,,60364,0,0,18,60382,11323,0,0,13247,24570,3.00% @ 50,https://www.calhr.ca.gov,,07/01/2014,,,,
2010,State Department,"Health Care Services, Department of",,"Fraud Investigator, Department Of Health Services, Range C",,,,58656,74328,,59795,0,0,585,60380,17584,0,0,12752,30336,3.00% @ 50,https://www.calhr.ca.gov,,07/01/2014,,,,
2010,State Department,"Health Care Services, Department of",,"Nurse Evaluator II, Health Services",,,,59004,75228,,60374,0,0,0,60374,11388,0,0,5312,16700,2.00% @ 55,https://www.calhr.ca.gov,,07/01/2014,,,,
2010,State Department,"Health Care Services, Department of",,"Nurse Evaluator II, Health Services",,,,59004,75228,,60370,0,0,0,60370,11388,0,0,7432,18820,2.00% @ 55,https://www.calhr.ca.gov,,07/01/2014,,,,
2010,State Department,"Health Care Services, Department of",,"Associate Programmer Analyst (Specialist), Range A",,,,55428,70764,,60365,0,0,0,60365,11323,0,0,12677,24000,2.00% @ 55,https://www.calhr.ca.gov,,07/01/2014,,,,
2010,State Department,"Health Care Services, Department of",,"Staff Programmer Analyst (Specialist), Range A",,,,60780,77592,,60305,0,0,0,60305,11060,0,0,120,11180,2.00% @ 55,https://www.calhr.ca.gov,,07/01/2014,,,,
2010,State Department,"Health Care Services, Department of",,"Nurse Evaluator II, Health Services",,,,59004,75228,,60294,0,0,0,60294,3537,0,0,5312,8849,2.00% @ 55,https://www.calhr.ca.gov,,07/01/2014,,,,
2010,State Department,"Health Care Services, Department of",,"Health Program Auditor IV, Department Of Health Services",,,,57996,74016,,61230,0,0,-946,60284,11494,0,0,10781,22274,2.00% @ 55,https://www.calhr.ca.gov,,07/01/2014,,,,
2010,State Department,"Health Care Services, Department of",,Staff Services Manager I,,,,60948,73524,,60256,0,0,18,60274,11765,0,0,14084,25849,2.00% @ 55,https://www.calhr.ca.gov,,07/01/2014,,,,
2010,State Department,"Health Care Services, Department of",,"Associate Information Systems Analyst (Specialist), Range A",,,,55428,70764,,60018,0,0,250,60268,11323,0,0,5313,16636,2.00% @ 55,https://www.calhr.ca.gov,,07/01/2014,,,,
2010,State Department,"Health Care Services, Department of",,"Health Program Auditor III, Department Of Health Services",,,,55428,70764,,60238,0,0,18,60256,11323,0,0,13625,24948,2.00% @ 55,https://www.calhr.ca.gov,,07/01/2014,,,,
2010,State Department,"Health Care Services, Department of",,"Staff Information Systems Analyst (Specialist), Range A",,,,60780,77592,,60255,0,0,0,60255,11746,0,0,13625,25371,2.00% @ 55,https://www.calhr.ca.gov,,07/01/2014,,,,
2010,State Department,"Health Care Services, Department of",,"Health Program Auditor III, Department Of Health Services",,,,55428,70764,,60251,0,0,0,60251,11224,0,0,5632,16855,2.00% @ 55,https://www.calhr.ca.gov,,07/01/2014,,,,
2010,State Department,"Health Care Services, Department of",,"Health Program Auditor III, Department Of Health Services",,,,55428,70764,,60244,0,0,0,60244,11323,0,0,13607,24930,2.00% @ 55,https://www.calhr.ca.gov,,07/01/2014,,,,
2010,State Department,"Health Care Services, Department of",,"Health Program Auditor III, Department Of Health Services",,,,55428,70764,,60244,0,0,0,60244,11323,0,0,13607,24930,2.00% @ 55,https://www.calhr.ca.gov,,07/01/2014,,,,
2010,State Department,"Health Care Services, Department of",,"Associate Information Systems Analyst (Specialist), Range A",,,,55428,70764,,60238,0,0,0,60238,11323,0,0,13625,24948,2.00% @ 55,https://www.calhr.ca.gov,,07/01/2014,,,,
2010,State Department,"Health Care Services, Department of",,"Associate Management Auditor, Range A",,,,55428,70764,,60238,0,0,0,60238,11323,0,0,13625,24948,2.00% @ 55,https://www.calhr.ca.gov,,07/01/2014,,,,
2010,State Department,"Health Care Services, Department of",,"Associate Accounting Analyst, Range A",,,,55428,67392,,60194,0,0,0,60194,10783,0,0,1811,12594,2.00% @ 55,https://www.calhr.ca.gov,,07/01/2014,,,,
2010,State Department,"Health Care Services, Department of",,"Research Analyst II -General-, Range A",,,,55428,67392,,60194,0,0,0,60194,10783,0,0,1811,12594,2.00% @ 55,https://www.calhr.ca.gov,,07/01/2014,,,,
2010,State Department,"Health Care Services, Department of",,"Staff Information Systems Analyst (Specialist), Range A",,,,60780,77592,,60182,0,0,0,60182,11072,0,0,5055,16126,2.00% @ 55,https://www.calhr.ca.gov,,07/01/2014,,,,
2010,State Department,"Health Care Services, Department of",,"Associate Management Auditor, Range A",,,,55428,70764,,59659,0,0,500,60159,11323,0,0,5675,16998,2.00% @ 55,https://www.calhr.ca.gov,,07/01/2014,,,,
2010,State Department,"Health Care Services, Department of",,Systems Software Specialist III (Technical),,,,73320,93552,,53687,0,6467,0,60154,9174,0,0,8279,17453,1.25% @ 65,https://www.calhr.ca.gov,,07/01/2014,,,,
2010,State Department,"Health Care Services, Department of",,"Nurse Evaluator III, Health Services",,,,58776,76200,,56813,0,3337,0,60150,10038,0,0,9941,19979,2.00% @ 55,https://www.calhr.ca.gov,,07/01/2014,,,,
2010,State Department,"Health Care Services, Department of",,"Health Program Audit Manager I, Department Of Health Services",,,,61344,77712,,60150,0,0,0,60150,12435,0,0,14084,26519,2.00% @ 55,https://www.calhr.ca.gov,,07/01/2014,,,,
2010,State Department,"Health Care Services, Department of",,"Health Program Audit Manager I, Department Of Health Services",,,,61344,77712,,60149,0,0,0,60149,12435,0,0,14084,26519,2.00% @ 55,https://www.calhr.ca.gov,,07/01/2014,,,,
2010,State Department,"Health Care Services, Department of",,"Health Program Auditor III, Department Of Health Services",,,,55428,70764,,60136,0,0,6,60142,11200,0,0,10041,21241,2.00% @ 55,https://www.calhr.ca.gov,,07/01/2014,,,,
2010,State Department,"Health Care Services, Department of",,Health Program Manager I,,,,60948,73524,,60140,0,0,0,60140,11765,0,0,14084,25849,2.00% @ 55,https://www.calhr.ca.gov,,07/01/2014,,,,
2010,State Department,"Health Care Services, Department of",,"Nurse Evaluator II, Health Services",,,,59004,75228,,60130,0,0,0,60130,11388,0,0,5312,16700,2.00% @ 55,https://www.calhr.ca.gov,,07/01/2014,,,,
2010,State Department,"Health Care Services, Department of",,"Staff Information Systems Analyst (Specialist), Range A",,,,60780,77592,,60034,0,0,0,60034,11136,0,0,5313,16449,2.00% @ 55,https://www.calhr.ca.gov,,07/01/2014,,,,
2010,State Department,"Health Care Services, Department of",,"Health Program Auditor III, Department Of Health Services",,,,55428,70764,,60024,0,0,0,60024,10608,0,0,1811,12418,2.00% @ 55,https://www.calhr.ca.gov,,07/01/2014,,,,
2010,State Department,"Health Care Services, Department of",,"Nurse Evaluator II, Health Services",,,,59004,75228,,60017,0,0,0,60017,11388,0,0,5312,16700,2.00% @ 55,https://www.calhr.ca.gov,,07/01/2014,,,,
2010,State Department,"Health Care Services, Department of",,Staff Services Manager I,,,,60948,73524,,60014,0,0,0,60014,11483,0,0,14084,25567,2.00% @ 55,https://www.calhr.ca.gov,,07/01/2014,,,,
2010,State Department,"Health Care Services, Department of",,"Associate Information Systems Analyst (Specialist), Range A",,,,55428,70764,,60010,0,0,0,60010,11323,0,0,5313,16636,2.00% @ 55,https://www.calhr.ca.gov,,07/01/2014,,,,
2010,State Department,"Health Care Services, Department of",,Research Program Specialist I,,,,57996,70488,,60001,0,0,0,60001,11279,0,0,13607,24886,2.00% @ 55,https://www.calhr.ca.gov,,07/01/2014,,,,
2010,State Department,"Health Care Services, Department of",,"Associate Information Systems Analyst (Specialist), Range A",,,,55428,70764,,59984,0,0,0,59984,11323,0,0,5675,16998,2.00% @ 55,https://www.calhr.ca.gov,,07/01/2014,,,,
2010,State Department,"Health Care Services, Department of",,"Associate Governmental Program Analyst, Range A",,,,52800,64176,,53280,0,0,6688,59967,10269,0,0,10403,20672,2.00% @ 55,https://www.calhr.ca.gov,,07/01/2014,,,,
2010,State Department,"Health Care Services, Department of",,"Nurse Evaluator II, Health Services",,,,59004,75228,,50796,0,9136,0,59933,8499,0,0,1493,9992,2.00% @ 55,https://www.calhr.ca.gov,,07/01/2014,,,,
2010,State Department,"Health Care Services, Department of",,"Nurse Evaluator II, Health Services",,,,59004,75228,,59925,0,0,0,59925,11853,0,0,13628,25481,2.00% @ 55,https://www.calhr.ca.gov,,07/01/2014,,,,
2010,State Department,"Health Care Services, Department of",,"Health Program Auditor III, Department Of Health Services",,,,55428,70764,,59914,0,0,0,59914,11321,0,0,5313,16634,2.00% @ 55,https://www.calhr.ca.gov,,07/01/2014,,,,
2010,State Department,"Health Care Services, Department of",,"Associate Information Systems Analyst (Specialist), Range A",,,,55428,70764,,59401,0,0,500,59901,11611,0,0,13625,25236,2.00% @ 55,https://www.calhr.ca.gov,,07/01/2014,,,,
2010,State Department,"Health Care Services, Department of",,Senior Tax Compliance Representative (Supervisor),,,,55428,67392,,59894,0,0,0,59894,10783,0,0,2219,13003,2.00% @ 55,https://www.calhr.ca.gov,,07/01/2014,,,,
2010,State Department,"Health Care Services, Department of",,"Systems Software Specialist I (Technical), Range A",,,,60768,77580,,59841,0,0,0,59841,11660,0,0,13625,25285,2.00% @ 55,https://www.calhr.ca.gov,,07/01/2014,,,,
2010,State Department,"Health Care Services, Department of",,"Health Program Auditor III, Department Of Health Services",,,,55428,70764,,59806,0,0,24,59830,11034,0,0,5313,16348,2.00% @ 55,https://www.calhr.ca.gov,,07/01/2014,,,,
2010,State Department,"Health Care Services, Department of",,"Fraud Investigator, Department Of Health Services, Range C",,,,58656,74328,,58949,0,0,845,59794,17730,0,0,12752,30482,3.00% @ 50,https://www.calhr.ca.gov,,07/01/2014,,,,
2010,State Department,"Health Care Services, Department of",,"Nurse Evaluator II, Health Services",,,,59004,75228,,59759,0,0,0,59759,6225,0,0,12680,18905,2.00% @ 55,https://www.calhr.ca.gov,,07/01/2014,,,,
2010,State Department,"Health Care Services, Department of",,"Health Program Auditor IV, Department Of Health Services",,,,57996,74016,,59752,0,0,0,59752,11843,0,0,13247,25091,2.00% @ 55,https://www.calhr.ca.gov,,07/01/2014,,,,
2010,State Department,"Health Care Services, Department of",,Health Education Consultant II,,,,53868,70716,,59745,0,0,0,59745,11145,0,0,5312,16457,2.00% @ 55,https://www.calhr.ca.gov,,07/01/2014,,,,
2010,State Department,"Health Care Services, Department of",,"Associate Accounting Analyst, Range A",,,,55428,67392,,59744,0,0,0,59744,10642,0,0,2495,13137,1.25% @ 65,https://www.calhr.ca.gov,,07/01/2014,,,,
2010,State Department,"Health Care Services, Department of",,"Health Program Auditor IV, Department Of Health Services",,,,57996,74016,,59708,0,0,0,59708,10938,0,0,5675,16613,2.00% @ 55,https://www.calhr.ca.gov,,07/01/2014,,,,
2010,State Department,"Health Care Services, Department of",,"Health Program Auditor III, Department Of Health Services",,,,55428,70764,,59422,0,0,240,59662,11321,0,0,11114,22435,2.00% @ 55,https://www.calhr.ca.gov,,07/01/2014,,,,
2010,State Department,"Health Care Services, Department of",,"Research Analyst II -General-, Range A",,,,55428,67392,,59648,0,0,0,59648,10783,0,0,2873,13656,2.00% @ 55,https://www.calhr.ca.gov,,07/01/2014,,,,
2010,State Department,"Health Care Services, Department of",,"Health Program Auditor III, Department Of Health Services",,,,55428,70764,,59627,0,0,6,59633,11323,0,0,10360,21683,2.00% @ 55,https://www.calhr.ca.gov,,07/01/2014,,,,
2010,State Department,"Health Care Services, Department of",,"Associate Information Systems Analyst (Specialist), Range A",,,,55428,70764,,59626,0,0,0,59626,11323,0,0,5046,16369,2.00% @ 55,https://www.calhr.ca.gov,,07/01/2014,,,,
2010,State Department,"Health Care Services, Department of",,"Staff Programmer Analyst (Specialist), Range A",,,,60780,77592,,59120,0,0,500,59620,10460,0,0,1811,12270,2.00% @ 55,https://www.calhr.ca.gov,,07/01/2014,,,,
2010,State Department,"Health Care Services, Department of",,"Senior Information Systems Analyst (Specialist), Range A",,,,66852,85308,,59116,0,0,500,59616,11537,0,0,13607,25144,2.00% @ 55,https://www.calhr.ca.gov,,07/01/2014,,,,
2010,State Department,"Health Care Services, Department of",,"Health Program Auditor III, Department Of Health Services",,,,55428,70764,,59612,0,0,0,59612,11323,0,0,10403,21726,2.00% @ 55,https://www.calhr.ca.gov,,07/01/2014,,,,
2010,State Department,"Health Care Services, Department of",,"Health Program Auditor III, Department Of Health Services",,,,55428,70764,,59612,0,0,0,59612,11323,0,0,10403,21726,2.00% @ 55,https://www.calhr.ca.gov,,07/01/2014,,,,
2010,State Department,"Health Care Services, Department of",,Health Program Specialist I,,,,57996,70488,,59596,0,0,0,59596,11279,0,0,5313,16592,2.00% @ 55,https://www.calhr.ca.gov,,07/01/2014,,,,
2010,State Department,"Health Care Services, Department of",,"Health Program Auditor IV, Department Of Health Services",,,,57996,74016,,59587,0,0,0,59587,11205,0,0,13625,24829,2.00% @ 55,https://www.calhr.ca.gov,,07/01/2014,,,,
2010,State Department,"Health Care Services, Department of",,"Nurse Evaluator II, Health Services",,,,59004,75228,,59585,0,0,0,59585,11434,0,0,10400,21834,2.00% @ 55,https://www.calhr.ca.gov,,07/01/2014,,,,
2010,State Department,"Health Care Services, Department of",,"Nurse Evaluator II, Health Services",,,,59004,75228,,59574,0,0,0,59574,11388,0,0,13628,25016,2.00% @ 55,https://www.calhr.ca.gov,,07/01/2014,,,,
2010,State Department,"Health Care Services, Department of",,"Nurse Evaluator II, Health Services",,,,59004,75228,,59558,0,0,0,59558,11388,0,0,13590,24978,2.00% @ 55,https://www.calhr.ca.gov,,07/01/2014,,,,
2010,State Department,"Health Care Services, Department of",,"Associate Management Auditor, Range A",,,,55428,70764,,58592,408,0,500,59501,11323,0,0,10403,21726,2.00% @ 55,https://www.calhr.ca.gov,,07/01/2014,,,,
2010,State Department,"Health Care Services, Department of",,"Associate Information Systems Analyst (Specialist), Range A",,,,55428,70764,,58767,119,0,510,59396,11409,0,0,13625,25034,2.00% @ 55,https://www.calhr.ca.gov,,07/01/2014,,,,
2010,State Department,"Health Care Services, Department of",,"Health Program Auditor III, Department Of Health Services",,,,55428,70764,,59395,0,0,0,59395,11034,0,0,5055,16089,2.00% @ 55,https://www.calhr.ca.gov,,07/01/2014,,,,
2010,State Department,"Health Care Services, Department of",,Research Program Specialist I,,,,57996,70488,,59369,0,0,0,59369,11279,0,0,10403,21682,2.00% @ 55,https://www.calhr.ca.gov,,07/01/2014,,,,
2010,State Department,"Health Care Services, Department of",,"Fraud Investigator, Department Of Health Services, Range C",,,,58656,74328,,57214,0,0,2145,59359,15539,0,0,5012,20551,3.00% @ 50,https://www.calhr.ca.gov,,07/01/2014,,,,
2010,State Department,"Health Care Services, Department of",,"Nurse Evaluator II, Health Services",,,,59004,75228,,59305,0,0,0,59305,12037,0,0,13628,25666,2.00% @ 55,https://www.calhr.ca.gov,,07/01/2014,,,,
2010,State Department,"Health Care Services, Department of",,Consultant In Physical Therapy For Physically Handicapped Children,,,,51288,70716,,59282,0,0,0,59282,11581,0,0,13628,25209,2.00% @ 55,https://www.calhr.ca.gov,,07/01/2014,,,,
2010,State Department,"Health Care Services, Department of",,"Staff Information Systems Analyst (Specialist), Range A",,,,60780,77592,,59268,0,0,0,59268,11273,0,0,10403,21676,2.00% @ 55,https://www.calhr.ca.gov,,07/01/2014,,,,
2010,State Department,"Health Care Services, Department of",,Staff Services Manager I,,,,60948,73524,,59221,0,0,0,59221,11564,0,0,14084,25648,2.00% @ 55,https://www.calhr.ca.gov,,07/01/2014,,,,
2010,State Department,"Health Care Services, Department of",,"Health Program Auditor III, Department Of Health Services",,,,55428,70764,,59074,0,0,120,59194,11304,0,0,10403,21707,2.00% @ 55,https://www.calhr.ca.gov,,07/01/2014,,,,
2010,State Department,"Health Care Services, Department of",,"Nurse Evaluator II, Health Services",,,,59004,75228,,59171,0,0,0,59171,11388,0,0,5312,16700,2.00% @ 55,https://www.calhr.ca.gov,,07/01/2014,,,,
2010,State Department,"Health Care Services, Department of",,"Associate Information Systems Analyst (Specialist), Range A",,,,55428,70764,,59169,0,0,0,59169,11323,0,0,12891,24214,2.00% @ 55,https://www.calhr.ca.gov,,07/01/2014,,,,
2010,State Department,"Health Care Services, Department of",,"Associate Information Systems Analyst (Specialist), Range A",,,,55428,70764,,59169,0,0,0,59169,11323,0,0,12891,24214,2.00% @ 55,https://www.calhr.ca.gov,,07/01/2014,,,,
2010,State Department,"Health Care Services, Department of",,"Health Program Auditor III, Department Of Health Services",,,,55428,70764,,59169,0,0,0,59169,11323,0,0,12891,24214,2.00% @ 55,https://www.calhr.ca.gov,,07/01/2014,,,,
2010,State Department,"Health Care Services, Department of",,"Nurse Evaluator II, Health Services",,,,59004,75228,,59152,0,0,0,59152,11388,0,0,13628,25016,2.00% @ 55,https://www.calhr.ca.gov,,07/01/2014,,,,
2010,State Department,"Health Care Services, Department of",,"Health Program Auditor III, Department Of Health Services",,,,55428,70764,,58613,0,0,500,59113,11323,0,0,10360,21683,2.00% @ 55,https://www.calhr.ca.gov,,07/01/2014,,,,
2010,State Department,"Health Care Services, Department of",,"Nurse Evaluator III, Health Services",,,,58776,76200,,59111,0,0,0,59111,11007,0,0,5167,16174,2.00% @ 55,https://www.calhr.ca.gov,,07/01/2014,,,,
2010,State Department,"Health Care Services, Department of",,"Fraud Investigator, Department Of Health Services, Range C",,,,58656,74328,,58244,0,0,845,59089,17002,0,0,12752,29754,3.00% @ 50,https://www.calhr.ca.gov,,07/01/2014,,,,
2010,State Department,"Health Care Services, Department of",,"Health Program Auditor III, Department Of Health Services",,,,55428,70764,,59082,0,0,0,59082,11323,0,0,10403,21726,2.00% @ 55,https://www.calhr.ca.gov,,07/01/2014,,,,
2010,State Department,"Health Care Services, Department of",,"Health Program Auditor III, Department Of Health Services",,,,55428,70764,,59082,0,0,0,59082,11323,0,0,10403,21726,2.00% @ 55,https://www.calhr.ca.gov,,07/01/2014,,,,
2010,State Department,"Health Care Services, Department of",,"Health Program Auditor III, Department Of Health Services",,,,55428,70764,,59082,0,0,0,59082,11323,0,0,10403,21726,2.00% @ 55,https://www.calhr.ca.gov,,07/01/2014,,,,
2010,State Department,"Health Care Services, Department of",,"Health Program Auditor III, Department Of Health Services",,,,55428,70764,,59082,0,0,0,59082,11180,0,0,10403,21583,1.25% @ 65,https://www.calhr.ca.gov,,07/01/2014,,,,
2010,State Department,"Health Care Services, Department of",,Staff Services Manager I,,,,60948,73524,,59065,0,0,0,59065,10636,0,0,2339,12975,2.00% @ 55,https://www.calhr.ca.gov,,07/01/2014,,,,
2010,State Department,"Health Care Services, Department of",,"Health Program Auditor IV, Department Of Health Services",,,,57996,74016,,59062,0,0,0,59062,11843,0,0,10403,22247,2.00% @ 55,https://www.calhr.ca.gov,,07/01/2014,,,,
2010,State Department,"Health Care Services, Department of",,Staff Services Manager I,,,,60948,73524,,59034,0,0,0,59034,11343,0,0,14084,25427,2.00% @ 55,https://www.calhr.ca.gov,,07/01/2014,,,,
2010,State Department,"Health Care Services, Department of",,Research Program Specialist I,,,,57996,70488,,58975,0,0,0,58975,11279,0,0,13625,24903,2.00% @ 55,https://www.calhr.ca.gov,,07/01/2014,,,,
2010,State Department,"Health Care Services, Department of",,Examiner II Laboratory Field Services,,,,56676,73668,,58922,0,0,0,58922,11618,0,0,13625,25243,2.00% @ 55,https://www.calhr.ca.gov,,07/01/2014,,,,
2010,State Department,"Health Care Services, Department of",,"Health Program Auditor IV, Department Of Health Services",,,,57996,74016,,58911,0,0,0,58911,11205,0,0,10781,21985,2.00% @ 55,https://www.calhr.ca.gov,,07/01/2014,,,,
2010,State Department,"Health Care Services, Department of",,"Staff Information Systems Analyst (Specialist), Range A",,,,60780,77592,,58901,0,0,0,58901,11192,0,0,10403,21595,2.00% @ 55,https://www.calhr.ca.gov,,07/01/2014,,,,
2010,State Department,"Health Care Services, Department of",,"Nurse Evaluator II, Health Services",,,,59004,75228,,58875,0,0,0,58875,12037,0,0,5312,17350,2.00% @ 55,https://www.calhr.ca.gov,,07/01/2014,,,,
2010,State Department,"Health Care Services, Department of",,"Staff Information Systems Analyst (Specialist), Range A",,,,60780,77592,,57104,1763,0,0,58866,10083,0,0,1811,11894,2.00% @ 55,https://www.calhr.ca.gov,,07/01/2014,,,,
2010,State Department,"Health Care Services, Department of",,"Associate Governmental Program Analyst, Range A",,,,52800,64176,,58862,0,0,0,58862,10487,0,0,2855,13342,2.00% @ 55,https://www.calhr.ca.gov,,07/01/2014,,,,
2010,State Department,"Health Care Services, Department of",,"Health Program Auditor III, Department Of Health Services",,,,55428,70764,,58860,0,0,0,58860,11323,0,0,2008,13331,2.00% @ 55,https://www.calhr.ca.gov,,07/01/2014,,,,
2010,State Department,"Health Care Services, Department of",,Staff Services Manager I,,,,60948,73524,,58846,0,0,0,58846,10947,0,0,5341,16289,2.00% @ 55,https://www.calhr.ca.gov,,07/01/2014,,,,
2010,State Department,"Health Care Services, Department of",,"Nurse Evaluator II, Health Services",,,,59004,75228,,58423,0,0,390,58813,11572,0,0,3406,14978,2.00% @ 55,https://www.calhr.ca.gov,,07/01/2014,,,,
2010,State Department,"Health Care Services, Department of",,"Fraud Investigator, Department Of Health Services, Range C",,,,58656,74328,,57966,0,0,845,58811,16923,0,0,12752,29675,3.00% @ 50,https://www.calhr.ca.gov,,07/01/2014,,,,
2010,State Department,"Health Care Services, Department of",,"Health Program Auditor III, Department Of Health Services",,,,55428,70764,,58772,0,0,0,58772,11323,0,0,13607,24930,2.00% @ 55,https://www.calhr.ca.gov,,07/01/2014,,,,
2010,State Department,"Health Care Services, Department of",,Staff Services Manager III,,,,81348,89688,,58731,0,0,36,58767,7822,0,0,5636,13458,2.00% @ 55,https://www.calhr.ca.gov,,07/01/2014,,,,
2010,State Department,"Health Care Services, Department of",,"Associate Information Systems Analyst (Specialist), Range A",,,,55428,70764,,58767,0,0,0,58767,11323,0,0,13625,24948,2.00% @ 55,https://www.calhr.ca.gov,,07/01/2014,,,,
2010,State Department,"Health Care Services, Department of",,"Health Program Auditor III, Department Of Health Services",,,,55428,70764,,58767,0,0,0,58767,11323,0,0,13625,24948,2.00% @ 55,https://www.calhr.ca.gov,,07/01/2014,,,,
2010,State Department,"Health Care Services, Department of",,"Health Program Auditor III, Department Of Health Services",,,,55428,70764,,58767,0,0,0,58767,11323,0,0,13625,24948,2.00% @ 55,https://www.calhr.ca.gov,,07/01/2014,,,,
2010,State Department,"Health Care Services, Department of",,"Health Program Auditor III, Department Of Health Services",,,,55428,70764,,58767,0,0,0,58767,11323,0,0,13625,24948,2.00% @ 55,https://www.calhr.ca.gov,,07/01/2014,,,,
2010,State Department,"Health Care Services, Department of",,"Health Program Auditor III, Department Of Health Services",,,,55428,70764,,58767,0,0,0,58767,11323,0,0,13625,24948,2.00% @ 55,https://www.calhr.ca.gov,,07/01/2014,,,,
2010,State Department,"Health Care Services, Department of",,"Medical Consultant I, Department Of Health Services, Range C",,,,112776,154728,,58742,0,0,0,58742,0,0,0,995,995,Alternate Retirement Plan (ARP),https://www.calhr.ca.gov,,07/01/2014,,,,
2010,State Department,"Health Care Services, Department of",,"Systems Software Specialist II (Technical), Range A",,,,66732,85164,,58592,0,0,135,58727,10991,0,0,6495,17487,2.00% @ 55,https://www.calhr.ca.gov,,07/01/2014,,,,
2010,State Department,"Health Care Services, Department of",,"Health Program Auditor III, Department Of Health Services",,,,55428,70764,,58687,0,0,30,58717,10386,0,0,1811,12197,2.00% @ 55,https://www.calhr.ca.gov,,07/01/2014,,,,
2010,State Department,"Health Care Services, Department of",,"Attorney, Range C",,,,67656,81816,,58696,0,0,6,58702,8670,0,0,5288,13958,2.00% @ 55,https://www.calhr.ca.gov,,07/01/2014,,,,
2010,State Department,"Health Care Services, Department of",,Staff Services Manager I,,,,60948,73524,,58695,0,0,0,58695,11159,0,0,5636,16796,2.00% @ 55,https://www.calhr.ca.gov,,07/01/2014,,,,
2010,State Department,"Health Care Services, Department of",,Business Service Officer III,,,,55464,66912,,57912,273,0,466,58651,10782,0,0,1966,12748,2.00% @ 55,https://www.calhr.ca.gov,,07/01/2014,,,,
2010,State Department,"Health Care Services, Department of",,"Nurse Evaluator II, Health Services",,,,59004,75228,,58600,0,0,0,58600,10381,0,0,13470,23851,2.00% @ 55,https://www.calhr.ca.gov,,07/01/2014,,,,
2010,State Department,"Health Care Services, Department of",,"Research Analyst II -General-, Range A",,,,55428,67392,,58596,0,0,0,58596,10320,0,0,1811,12130,2.00% @ 55,https://www.calhr.ca.gov,,07/01/2014,,,,
2010,State Department,"Health Care Services, Department of",,"Health Program Auditor III, Department Of Health Services",,,,55428,70764,,58592,0,0,0,58592,11323,0,0,10403,21726,2.00% @ 55,https://www.calhr.ca.gov,,07/01/2014,,,,
2010,State Department,"Health Care Services, Department of",,"Pharmaceutical Consultant I, Department Of Health Services",,,,62004,89508,,58577,0,0,0,58577,11240,0,0,10400,21640,2.00% @ 55,https://www.calhr.ca.gov,,07/01/2014,,,,
2010,State Department,"Health Care Services, Department of",,"Nurse Evaluator II, Health Services",,,,59004,75228,,58575,0,0,0,58575,10993,0,0,4870,15863,2.00% @ 55,https://www.calhr.ca.gov,,07/01/2014,,,,
2010,State Department,"Health Care Services, Department of",,"Health Program Auditor III, Department Of Health Services",,,,55428,70764,,58543,0,0,0,58543,11116,0,0,13247,24364,2.00% @ 55,https://www.calhr.ca.gov,,07/01/2014,,,,
2010,State Department,"Health Care Services, Department of",,"Research Analyst II -General-, Range A",,,,55428,67392,,58541,0,0,0,58541,10783,0,0,5313,16097,2.00% @ 55,https://www.calhr.ca.gov,,07/01/2014,,,,
2010,State Department,"Health Care Services, Department of",,Health Program Specialist I,,,,57996,70488,,58471,0,0,0,58471,11279,0,0,5243,16522,2.00% @ 55,https://www.calhr.ca.gov,,07/01/2014,,,,
2010,State Department,"Health Care Services, Department of",,"Medical Consultant I, Department Of Health Services, Range C",,,,112776,154728,,9278,0,49190,0,58468,1605,0,0,867,2472,2.00% @ 55,https://www.calhr.ca.gov,,07/01/2014,,,,
2010,State Department,"Health Care Services, Department of",,"Associate Information Systems Analyst (Specialist), Range A",,,,55428,70764,,58467,0,0,0,58467,11180,0,0,10781,21960,1.25% @ 65,https://www.calhr.ca.gov,,07/01/2014,,,,
2010,State Department,"Health Care Services, Department of",,"Health Program Auditor III, Department Of Health Services",,,,55428,70764,,58454,0,0,6,58460,10045,0,0,5055,15099,2.00% @ 55,https://www.calhr.ca.gov,,07/01/2014,,,,
2010,State Department,"Health Care Services, Department of",,"Health Program Auditor III, Department Of Health Services",,,,55428,70764,,58427,0,0,0,58427,11323,0,0,10360,21683,2.00% @ 55,https://www.calhr.ca.gov,,07/01/2014,,,,
2010,State Department,"Health Care Services, Department of",,Accounting Administrator I (Supervisor),,,,60948,73524,,57773,389,0,259,58421,11279,0,0,12338,23617,2.00% @ 55,https://www.calhr.ca.gov,,07/01/2014,,,,
2010,State Department,"Health Care Services, Department of",,"Staff Information Systems Analyst (Specialist), Range A",,,,60780,77592,,58411,0,0,0,58411,11052,0,0,13607,24659,1.25% @ 65,https://www.calhr.ca.gov,,07/01/2014,,,,
2010,State Department,"Health Care Services, Department of",,"Nurse Evaluator II, Health Services",,,,59004,75228,,58407,0,0,0,58407,11388,0,0,10400,21788,2.00% @ 55,https://www.calhr.ca.gov,,07/01/2014,,,,
2010,State Department,"Health Care Services, Department of",,"Research Analyst II -General-, Range A",,,,55428,67392,,57885,0,0,506,58391,10616,0,0,5313,15930,1.25% @ 65,https://www.calhr.ca.gov,,07/01/2014,,,,
2010,State Department,"Health Care Services, Department of",,"Fraud Investigator, Department Of Health Services, Range C",,,,58656,74328,,58130,0,0,260,58390,16182,0,0,5012,21194,3.00% @ 50,https://www.calhr.ca.gov,,07/01/2014,,,,
2010,State Department,"Health Care Services, Department of",,"Nurse Evaluator II, Health Services",,,,59004,75228,,58371,0,0,0,58371,0,0,0,4859,4859,Alternate Retirement Plan (ARP),https://www.calhr.ca.gov,,07/01/2014,,,,
2010,State Department,"Health Care Services, Department of",,"Fraud Investigator, Department Of Health Services, Range C",,,,58656,74328,,54946,1887,0,1527,58360,15646,0,0,12256,27902,3.00% @ 50,https://www.calhr.ca.gov,,07/01/2014,,,,
2010,State Department,"Health Care Services, Department of",,"Associate Information Systems Analyst (Specialist), Range A",,,,55428,70764,,58340,0,0,0,58340,11280,0,0,10403,21683,2.00% @ 55,https://www.calhr.ca.gov,,07/01/2014,,,,
2010,State Department,"Health Care Services, Department of",,Staff Services Manager I,,,,60948,73524,,58314,0,0,24,58338,11765,0,0,5636,17401,2.00% @ 55,https://www.calhr.ca.gov,,07/01/2014,,,,
2010,State Department,"Health Care Services, Department of",,"Health Program Auditor IV, Department Of Health Services",,,,57996,74016,,58335,0,0,0,58335,11075,0,0,10403,21479,2.00% @ 55,https://www.calhr.ca.gov,,07/01/2014,,,,
2010,State Department,"Health Care Services, Department of",,"Health Program Auditor III, Department Of Health Services",,,,55428,70764,,58297,0,0,0,58297,11323,0,0,12914,24237,2.00% @ 55,https://www.calhr.ca.gov,,07/01/2014,,,,
2010,State Department,"Health Care Services, Department of",,"Research Analyst II -General-, Range A",,,,55428,67392,,58295,0,0,0,58295,10783,0,0,6053,16836,2.00% @ 55,https://www.calhr.ca.gov,,07/01/2014,,,,
2010,State Department,"Health Care Services, Department of",,"Associate Governmental Program Analyst, Range A",,,,52800,64176,,58262,0,0,0,58262,10487,0,0,2133,12620,2.00% @ 55,https://www.calhr.ca.gov,,07/01/2014,,,,
2010,State Department,"Health Care Services, Department of",,"Associate Governmental Program Analyst, Range A",,,,52800,64176,,58202,0,0,0,58202,10269,0,0,1811,12079,2.00% @ 55,https://www.calhr.ca.gov,,07/01/2014,,,,
2010,State Department,"Health Care Services, Department of",,"Associate Governmental Program Analyst, Range A",,,,52800,64176,,58202,0,0,0,58202,10269,0,0,1811,12079,2.00% @ 55,https://www.calhr.ca.gov,,07/01/2014,,,,
2010,State Department,"Health Care Services, Department of",,"Associate Governmental Program Analyst, Range A",,,,52800,64176,,58202,0,0,0,58202,10269,0,0,1811,12079,2.00% @ 55,https://www.calhr.ca.gov,,07/01/2014,,,,
2010,State Department,"Health Care Services, Department of",,"Staff Information Systems Analyst (Specialist), Range A",,,,60780,77592,,58196,0,0,0,58196,10973,0,0,13625,24598,2.00% @ 55,https://www.calhr.ca.gov,,07/01/2014,,,,
2010,State Department,"Health Care Services, Department of",,Health Education Consultant III (Specialist),,,,59172,77664,,45797,0,0,12395,58192,11626,0,0,10400,22026,2.00% @ 55,https://www.calhr.ca.gov,,07/01/2014,,,,
2010,State Department,"Health Care Services, Department of",,"Nurse Evaluator II, Health Services",,,,59004,75228,,58192,0,0,0,58192,11333,0,0,12493,23826,2.00% @ 55,https://www.calhr.ca.gov,,07/01/2014,,,,
2010,State Department,"Health Care Services, Department of",,"Staff Information Systems Analyst (Specialist), Range A",,,,60780,77592,,57044,0,0,1130,58174,10648,0,0,5313,15961,2.00% @ 55,https://www.calhr.ca.gov,,07/01/2014,,,,
2010,State Department,"Health Care Services, Department of",,"Nurse Evaluator II, Health Services",,,,59004,75228,,58161,0,0,0,58161,11009,0,0,5312,16321,2.00% @ 55,https://www.calhr.ca.gov,,07/01/2014,,,,
2010,State Department,"Health Care Services, Department of",,Associate Administrative Analyst -Accounting Systems-,,,,55428,67392,,57628,0,0,500,58128,10629,0,0,5313,15942,2.00% @ 55,https://www.calhr.ca.gov,,07/01/2014,,,,
2010,State Department,"Health Care Services, Department of",,Staff Services Manager I,,,,60948,73524,,58088,0,0,0,58088,10675,0,0,5636,16311,2.00% @ 55,https://www.calhr.ca.gov,,07/01/2014,,,,
2010,State Department,"Health Care Services, Department of",,"Health Program Auditor III, Department Of Health Services",,,,55428,70764,,58083,0,0,0,58083,11180,0,0,13607,24787,1.25% @ 65,https://www.calhr.ca.gov,,07/01/2014,,,,
2010,State Department,"Health Care Services, Department of",,"Associate Information Systems Analyst (Specialist), Range A",,,,55428,70764,,58077,0,0,0,58077,11323,0,0,13625,24948,2.00% @ 55,https://www.calhr.ca.gov,,07/01/2014,,,,
2010,State Department,"Health Care Services, Department of",,"Health Program Auditor III, Department Of Health Services",,,,55428,70764,,58077,0,0,0,58077,11323,0,0,13625,24948,2.00% @ 55,https://www.calhr.ca.gov,,07/01/2014,,,,
2010,State Department,"Health Care Services, Department of",,"Health Program Auditor III, Department Of Health Services",,,,55428,70764,,58077,0,0,0,58077,11323,0,0,13625,24948,2.00% @ 55,https://www.calhr.ca.gov,,07/01/2014,,,,
2010,State Department,"Health Care Services, Department of",,"Staff Programmer Analyst (Specialist), Range A",,,,60780,77592,,57389,0,0,648,58037,10672,0,0,5055,15727,2.00% @ 55,https://www.calhr.ca.gov,,07/01/2014,,,,
2010,State Department,"Health Care Services, Department of",,"Nurse Evaluator II, Health Services",,,,59004,75228,,58011,0,0,0,58011,0,0,0,5312,5312,Alternate Retirement Plan (ARP),https://www.calhr.ca.gov,,07/01/2014,,,,
2010,State Department,"Health Care Services, Department of",,Research Program Specialist I,,,,57996,70488,,57999,0,0,0,57999,11279,0,0,10403,21682,2.00% @ 55,https://www.calhr.ca.gov,,07/01/2014,,,,
2010,State Department,"Health Care Services, Department of",,Senior Tax Compliance Representative (Specialist),,,,55428,67392,,57975,0,0,13,57988,10783,0,0,5313,16097,2.00% @ 55,https://www.calhr.ca.gov,,07/01/2014,,,,
2010,State Department,"Health Care Services, Department of",,"Associate Governmental Program Analyst, Range A",,,,52800,64176,,57909,0,0,53,57962,10219,0,0,1811,12030,2.00% @ 55,https://www.calhr.ca.gov,,07/01/2014,,,,
2010,State Department,"Health Care Services, Department of",,"Staff Information Systems Analyst (Specialist), Range A",,,,60780,77592,,58424,0,0,-489,57935,11171,0,0,11091,22262,2.00% @ 55,https://www.calhr.ca.gov,,07/01/2014,,,,
2010,State Department,"Health Care Services, Department of",,Associate Medi-Cal Eligibility Analyst,,,,52800,64176,,57902,0,0,24,57926,10269,0,0,2133,12402,2.00% @ 55,https://www.calhr.ca.gov,,07/01/2014,,,,
2010,State Department,"Health Care Services, Department of",,"Fraud Investigator, Department Of Health Services, Range C",,,,58656,74328,,56601,0,0,1311,57912,16062,0,0,5012,21075,3.00% @ 50,https://www.calhr.ca.gov,,07/01/2014,,,,
2010,State Department,"Health Care Services, Department of",,"Health Program Auditor III, Department Of Health Services",,,,55428,70764,,57907,0,0,0,57907,11034,0,0,10403,21438,2.00% @ 55,https://www.calhr.ca.gov,,07/01/2014,,,,
2010,State Department,"Health Care Services, Department of",,"Associate Governmental Program Analyst, Range A",,,,52800,64176,,57902,0,0,0,57902,10269,0,0,2133,12402,2.00% @ 55,https://www.calhr.ca.gov,,07/01/2014,,,,
2010,State Department,"Health Care Services, Department of",,"Associate Governmental Program Analyst, Range A",,,,52800,64176,,57902,0,0,0,57902,10269,0,0,2133,12402,2.00% @ 55,https://www.calhr.ca.gov,,07/01/2014,,,,
2010,State Department,"Health Care Services, Department of",,"Associate Governmental Program Analyst, Range A",,,,52800,64176,,57902,0,0,0,57902,10139,0,0,2133,12272,1.25% @ 65,https://www.calhr.ca.gov,,07/01/2014,,,,
2010,State Department,"Health Care Services, Department of",,"Health Program Auditor IV, Department Of Health Services",,,,57996,74016,,57901,0,0,0,57901,11843,0,0,10403,22247,2.00% @ 55,https://www.calhr.ca.gov,,07/01/2014,,,,
2010,State Department,"Health Care Services, Department of",,"Research Analyst II -General-, Range A",,,,55428,67392,,57857,0,0,0,57857,10783,0,0,5055,15838,2.00% @ 55,https://www.calhr.ca.gov,,07/01/2014,,,,
2010,State Department,"Health Care Services, Department of",,"Health Program Auditor III, Department Of Health Services",,,,55428,70764,,57843,0,0,0,57843,10661,0,0,5243,15904,2.00% @ 55,https://www.calhr.ca.gov,,07/01/2014,,,,
2010,State Department,"Health Care Services, Department of",,"Nurse Evaluator II, Health Services",,,,59004,75228,,57834,0,0,0,57834,5849,0,0,1991,7840,2.00% @ 55,https://www.calhr.ca.gov,,07/01/2014,,,,
2010,State Department,"Health Care Services, Department of",,Research Program Specialist I,,,,57996,70488,,57809,0,0,0,57809,11279,0,0,13247,24526,2.00% @ 55,https://www.calhr.ca.gov,,07/01/2014,,,,
2010,State Department,"Health Care Services, Department of",,"Associate Governmental Program Analyst, Range A",,,,52800,64176,,57782,0,0,0,57782,10269,0,0,2495,12764,2.00% @ 55,https://www.calhr.ca.gov,,07/01/2014,,,,
2010,State Department,"Health Care Services, Department of",,"Associate Governmental Program Analyst, Range A",,,,52800,64176,,56246,0,0,1536,57782,10269,0,0,2495,12764,2.00% @ 55,https://www.calhr.ca.gov,,07/01/2014,,,,
2010,State Department,"Health Care Services, Department of",,Associate Medi-Cal Eligibility Analyst,,,,52800,64176,,57782,0,0,0,57782,10269,0,0,2495,12764,2.00% @ 55,https://www.calhr.ca.gov,,07/01/2014,,,,
2010,State Department,"Health Care Services, Department of",,"Research Analyst II -General-, Range A",,,,55428,67392,,57774,0,0,0,57774,10783,0,0,10403,21187,2.00% @ 55,https://www.calhr.ca.gov,,07/01/2014,,,,
2010,State Department,"Health Care Services, Department of",,Senior Tax Compliance Representative (Specialist),,,,55428,67392,,57774,0,0,0,57774,10783,0,0,10403,21187,2.00% @ 55,https://www.calhr.ca.gov,,07/01/2014,,,,
2010,State Department,"Health Care Services, Department of",,"Health Program Auditor III, Department Of Health Services",,,,55428,70764,,57747,0,0,0,57747,11323,0,0,13625,24948,2.00% @ 55,https://www.calhr.ca.gov,,07/01/2014,,,,
2010,State Department,"Health Care Services, Department of",,"Research Analyst II -General-, Range A",,,,55428,67392,,57726,0,0,0,57726,10783,0,0,6053,16836,2.00% @ 55,https://www.calhr.ca.gov,,07/01/2014,,,,
2010,State Department,"Health Care Services, Department of",,"Staff Information Systems Analyst (Specialist), Range A",,,,60780,77592,,57725,0,0,0,57725,11319,0,0,13625,24944,2.00% @ 55,https://www.calhr.ca.gov,,07/01/2014,,,,
2010,State Department,"Health Care Services, Department of",,"Research Analyst II -General-, Range A",,,,55428,67392,,57710,0,0,0,57710,10783,0,0,5313,16097,2.00% @ 55,https://www.calhr.ca.gov,,07/01/2014,,,,
2010,State Department,"Health Care Services, Department of",,"Research Analyst II -General-, Range A",,,,55428,67392,,57701,0,0,0,57701,10783,0,0,5313,16097,2.00% @ 55,https://www.calhr.ca.gov,,07/01/2014,,,,
2010,State Department,"Health Care Services, Department of",,"Associate Information Systems Analyst (Specialist), Range A",,,,55428,70764,,57695,0,0,0,57695,11258,0,0,13625,24883,2.00% @ 55,https://www.calhr.ca.gov,,07/01/2014,,,,
2010,State Department,"Health Care Services, Department of",,"Associate Governmental Program Analyst, Range A",,,,52800,64176,,57662,0,0,0,57662,10269,0,0,2855,13124,2.00% @ 55,https://www.calhr.ca.gov,,07/01/2014,,,,
2010,State Department,"Health Care Services, Department of",,Research Program Specialist II,,,,63708,77412,,57657,0,0,0,57657,4525,0,0,1811,6336,2.00% @ 55,https://www.calhr.ca.gov,,07/01/2014,,,,
2010,State Department,"Health Care Services, Department of",,"Associate Governmental Program Analyst, Range A",,,,52800,64176,,57656,0,0,0,57656,10269,0,0,2873,13141,2.00% @ 55,https://www.calhr.ca.gov,,07/01/2014,,,,
2010,State Department,"Health Care Services, Department of",,"Nurse Evaluator II, Health Services",,,,59004,75228,,57442,0,0,173,57615,11388,0,0,13628,25016,2.00% @ 55,https://www.calhr.ca.gov,,07/01/2014,,,,
2010,State Department,"Health Care Services, Department of",,"Health Program Auditor III, Department Of Health Services",,,,55428,70764,,57613,0,0,0,57613,10622,0,0,5243,15865,2.00% @ 55,https://www.calhr.ca.gov,,07/01/2014,,,,
2010,State Department,"Health Care Services, Department of",,"Health Program Auditor III, Department Of Health Services",,,,55428,70764,,57606,0,0,0,57606,10163,0,0,1811,11974,2.00% @ 55,https://www.calhr.ca.gov,,07/01/2014,,,,
2010,State Department,"Health Care Services, Department of",,"Information Officer I (Specialist), Range A",,,,52800,64176,,57026,0,0,500,57526,10269,0,0,2873,13141,2.00% @ 55,https://www.calhr.ca.gov,,07/01/2014,,,,
2010,State Department,"Health Care Services, Department of",,"Nurse Evaluator II, Health Services",,,,59004,75228,,57496,0,0,0,57496,11397,0,0,13628,25026,2.00% @ 55,https://www.calhr.ca.gov,,07/01/2014,,,,
2010,State Department,"Health Care Services, Department of",,Staff Services Manager I,,,,60948,73524,,57496,0,0,0,57496,10667,0,0,5636,16303,2.00% @ 55,https://www.calhr.ca.gov,,07/01/2014,,,,
2010,State Department,"Health Care Services, Department of",,"Fraud Investigator, Department Of Health Services, Range C",,,"Peace Officer I, Developmental Center",58656,74328,,57308,44,0,142,57494,14827,0,0,1991,16818,3.00% @ 50,https://www.calhr.ca.gov,,07/01/2014,,,,
2010,State Department,"Health Care Services, Department of",,Staff Services Manager I,,,,60948,73524,,57469,0,0,0,57469,11323,0,0,14084,25407,2.00% @ 55,https://www.calhr.ca.gov,,07/01/2014,,,,
2010,State Department,"Health Care Services, Department of",,Senior Tax Compliance Representative (Specialist),,,,55428,67392,,57442,0,0,0,57442,10743,0,0,5813,16555,2.00% @ 55,https://www.calhr.ca.gov,,07/01/2014,,,,
2010,State Department,"Health Care Services, Department of",,"Attorney, Range C",,,,67656,81816,,57440,0,0,0,57440,9492,0,0,12734,22226,2.00% @ 55,https://www.calhr.ca.gov,,07/01/2014,,,,
2010,State Department,"Health Care Services, Department of",,"Nurse Evaluator II, Health Services",,,,59004,75228,,57413,0,0,0,57413,12058,0,0,13590,25648,2.00% @ 55,https://www.calhr.ca.gov,,07/01/2014,,,,
2010,State Department,"Health Care Services, Department of",,"Fraud Investigator, Department Of Health Services, Range C",,,,58656,74328,,57126,0,0,260,57386,14979,0,0,1991,16969,3.00% @ 50,https://www.calhr.ca.gov,,07/01/2014,,,,
2010,State Department,"Health Care Services, Department of",,"Associate Governmental Program Analyst, Range A",,,,52800,64176,,57362,0,0,0,57362,10269,0,0,1811,12079,2.00% @ 55,https://www.calhr.ca.gov,,07/01/2014,,,,
2010,State Department,"Health Care Services, Department of",,"Health Program Auditor III, Department Of Health Services",,,,55428,70764,,57359,0,0,0,57359,11034,0,0,10403,21438,2.00% @ 55,https://www.calhr.ca.gov,,07/01/2014,,,,
2010,State Department,"Health Care Services, Department of",,"Nurse Evaluator II, Health Services",,,,59004,75228,,57359,0,0,0,57359,11388,0,0,13628,25016,2.00% @ 55,https://www.calhr.ca.gov,,07/01/2014,,,,
2010,State Department,"Health Care Services, Department of",,"Research Analyst II -General-, Range A",,,,55428,67392,,57268,0,0,0,57268,10783,0,0,13625,24408,2.00% @ 55,https://www.calhr.ca.gov,,07/01/2014,,,,
2010,State Department,"Health Care Services, Department of",,"Research Analyst II -General-, Range A",,,,55428,67392,,57268,0,0,0,57268,10783,0,0,13625,24408,2.00% @ 55,https://www.calhr.ca.gov,,07/01/2014,,,,
2010,State Department,"Health Care Services, Department of",,"Research Analyst II -General-, Range A",,,,55428,67392,,57154,0,0,0,57154,10783,0,0,5243,16026,2.00% @ 55,https://www.calhr.ca.gov,,07/01/2014,,,,
2010,State Department,"Health Care Services, Department of",,"Health Program Auditor III, Department Of Health Services",,,,55428,70764,,57144,0,0,0,57144,10661,0,0,5055,15716,2.00% @ 55,https://www.calhr.ca.gov,,07/01/2014,,,,
2010,State Department,"Health Care Services, Department of",,Staff Services Manager I,,,,60948,73524,,57117,0,0,0,57117,10947,0,0,14084,25031,2.00% @ 55,https://www.calhr.ca.gov,,07/01/2014,,,,
2010,State Department,"Health Care Services, Department of",,"Research Analyst II -General-, Range A",,,,55428,67392,,57053,0,0,0,57053,10783,0,0,5560,16343,2.00% @ 55,https://www.calhr.ca.gov,,07/01/2014,,,,
2010,State Department,"Health Care Services, Department of",,"Associate Governmental Program Analyst, Range A",,,,52800,64176,,54957,1234,0,802,56993,10273,0,0,10360,20633,1.25% @ 65,https://www.calhr.ca.gov,,07/01/2014,,,,
2010,State Department,"Health Care Services, Department of",,"Health Program Auditor III, Department Of Health Services",,,,55428,70764,,56967,0,0,0,56967,11323,0,0,13625,24948,2.00% @ 55,https://www.calhr.ca.gov,,07/01/2014,,,,
2010,State Department,"Health Care Services, Department of",,"Associate Governmental Program Analyst, Range A",,,,52800,64176,,56942,0,0,0,56942,10269,0,0,2495,12764,2.00% @ 55,https://www.calhr.ca.gov,,07/01/2014,,,,
2010,State Department,"Health Care Services, Department of",,"Fraud Investigator, Department Of Health Services, Range C",,,,58656,74328,,56090,0,0,845,56935,16562,0,0,12752,29314,3.00% @ 50,https://www.calhr.ca.gov,,07/01/2014,,,,
2010,State Department,"Health Care Services, Department of",,"Associate Governmental Program Analyst, Range A",,,,52800,64176,,56906,0,0,0,56906,10269,0,0,2063,12332,2.00% @ 55,https://www.calhr.ca.gov,,07/01/2014,,,,
2010,State Department,"Health Care Services, Department of",,Senior Tax Compliance Representative (Specialist),,,,55428,67392,,56905,0,0,0,56905,10722,0,0,13625,24347,2.00% @ 55,https://www.calhr.ca.gov,,07/01/2014,,,,
2010,State Department,"Health Care Services, Department of",,"Associate Accounting Analyst, Range A",,,,55428,67392,,56264,397,0,235,56895,10123,0,0,1811,11933,2.00% @ 55,https://www.calhr.ca.gov,,07/01/2014,,,,
2010,State Department,"Health Care Services, Department of",,"Health Program Auditor III, Department Of Health Services",,,,55428,70764,,56863,0,0,0,56863,10042,0,0,1811,11853,2.00% @ 55,https://www.calhr.ca.gov,,07/01/2014,,,,
2010,State Department,"Health Care Services, Department of",,"Associate Governmental Program Analyst, Range A",,,,52800,64176,,48290,0,8539,0,56829,9253,0,0,9882,19135,2.00% @ 55,https://www.calhr.ca.gov,,07/01/2014,,,,
2010,State Department,"Health Care Services, Department of",,"Fraud Investigator, Department Of Health Services, Range C",,,,58656,74328,,50565,0,0,6264,56828,13348,0,0,1991,15338,3.00% @ 50,https://www.calhr.ca.gov,,07/01/2014,,,,
2010,State Department,"Health Care Services, Department of",,"Fraud Investigator, Department Of Health Services, Range C",,,,58656,74328,,50749,4048,0,1987,56784,14475,0,0,9776,24251,3.00% @ 50,https://www.calhr.ca.gov,,07/01/2014,,,,
2010,State Department,"Health Care Services, Department of",,Associate Medi-Cal Eligibility Analyst,,,,52800,64176,,51278,0,0,5497,56775,9569,0,0,10026,19595,2.00% @ 55,https://www.calhr.ca.gov,,07/01/2014,,,,
2010,State Department,"Health Care Services, Department of",,"Associate Governmental Program Analyst, Range A",,,,52800,64176,,56762,0,0,0,56762,10139,0,0,2495,12634,1.25% @ 65,https://www.calhr.ca.gov,,07/01/2014,,,,
2010,State Department,"Health Care Services, Department of",,"Associate Programmer Analyst (Specialist), Range A",,,,55428,70764,,56719,0,0,6,56725,10622,0,0,12891,23513,2.00% @ 55,https://www.calhr.ca.gov,,07/01/2014,,,,
2010,State Department,"Health Care Services, Department of",,"Associate Governmental Program Analyst, Range A",,,,52800,64176,,56706,0,0,0,56706,10269,0,0,3659,13927,2.00% @ 55,https://www.calhr.ca.gov,,07/01/2014,,,,
2010,State Department,"Health Care Services, Department of",,"Research Analyst II -General-, Range A",,,,55428,67392,,56690,0,0,0,56690,10783,0,0,5313,16097,2.00% @ 55,https://www.calhr.ca.gov,,07/01/2014,,,,
2010,State Department,"Health Care Services, Department of",,"Nurse Evaluator II, Health Services",,,,59004,75228,,56676,0,0,0,56676,10150,0,0,10372,20522,2.00% @ 55,https://www.calhr.ca.gov,,07/01/2014,,,,
2010,State Department,"Health Care Services, Department of",,"Associate Governmental Program Analyst, Range A",,,,52800,64176,,56663,0,0,0,56663,10102,0,0,1599,11701,1.25% @ 65,https://www.calhr.ca.gov,,07/01/2014,,,,
2010,State Department,"Health Care Services, Department of",,"Research Analyst II -General-, Range A",,,,55428,67392,,56657,0,0,0,56657,10783,0,0,10360,21143,2.00% @ 55,https://www.calhr.ca.gov,,07/01/2014,,,,
2010,State Department,"Health Care Services, Department of",,"Research Analyst II -General-, Range A",,,,55428,67392,,56642,0,0,0,56642,10783,0,0,10403,21187,2.00% @ 55,https://www.calhr.ca.gov,,07/01/2014,,,,
2010,State Department,"Health Care Services, Department of",,"Research Analyst II -General-, Range A",,,,55428,67392,,56642,0,0,0,56642,10783,0,0,10403,21187,2.00% @ 55,https://www.calhr.ca.gov,,07/01/2014,,,,
2010,State Department,"Health Care Services, Department of",,"Nurse Evaluator II, Health Services",,,,59004,75228,,56608,0,0,0,56608,11388,0,0,13628,25016,2.00% @ 55,https://www.calhr.ca.gov,,07/01/2014,,,,
2010,State Department,"Health Care Services, Department of",,Staff Services Manager I,,,,60948,73524,,56562,0,0,0,56562,10396,0,0,5636,16033,2.00% @ 55,https://www.calhr.ca.gov,,07/01/2014,,,,
2010,State Department,"Health Care Services, Department of",,Staff Services Manager I,,,,60948,73524,,56532,0,0,0,56532,10906,0,0,14084,24990,2.00% @ 55,https://www.calhr.ca.gov,,07/01/2014,,,,
2010,State Department,"Health Care Services, Department of",,"Health Program Auditor III, Department Of Health Services",,,,55428,70764,,56517,0,0,0,56517,11323,0,0,13625,24948,2.00% @ 55,https://www.calhr.ca.gov,,07/01/2014,,,,
2010,State Department,"Health Care Services, Department of",,Senior Accounting Officer (Supervisor),,,,55464,66912,,55515,655,0,339,56509,10732,0,0,10844,21577,2.00% @ 55,https://www.calhr.ca.gov,,07/01/2014,,,,
2010,State Department,"Health Care Services, Department of",,"Associate Governmental Program Analyst, Range A",,,,52800,64176,,56386,93,0,0,56478,10054,0,0,2873,12927,2.00% @ 55,https://www.calhr.ca.gov,,07/01/2014,,,,
2010,State Department,"Health Care Services, Department of",,"Associate Information Systems Analyst (Specialist), Range A",,,,55428,70764,,56401,0,0,0,56401,10680,0,0,5675,16355,2.00% @ 55,https://www.calhr.ca.gov,,07/01/2014,,,,
2010,State Department,"Health Care Services, Department of",,"Associate Management Auditor, Range A",,,,55428,70764,,56372,0,0,0,56372,11034,0,0,13625,24659,2.00% @ 55,https://www.calhr.ca.gov,,07/01/2014,,,,
2010,State Department,"Health Care Services, Department of",,"Staff Information Systems Analyst (Specialist), Range A",,,,60780,77592,,56359,0,0,0,56359,9094,0,0,5212,14306,2.00% @ 55,https://www.calhr.ca.gov,,07/01/2014,,,,
2010,State Department,"Health Care Services, Department of",,Senior Tax Compliance Representative (Supervisor),,,,55428,67392,,56353,0,0,0,56353,10783,0,0,10844,21628,2.00% @ 55,https://www.calhr.ca.gov,,07/01/2014,,,,
2010,State Department,"Health Care Services, Department of",,"Health Program Auditor III, Department Of Health Services",,,,55428,70764,,55142,0,0,1200,56342,10269,0,0,5313,15582,2.00% @ 55,https://www.calhr.ca.gov,,07/01/2014,,,,
2010,State Department,"Health Care Services, Department of",,"Associate Governmental Program Analyst, Range A",,,,52800,64176,,55154,0,1170,0,56323,9715,0,0,1811,11526,2.00% @ 55,https://www.calhr.ca.gov,,07/01/2014,,,,
2010,State Department,"Health Care Services, Department of",,"Associate Information Systems Analyst (Specialist), Range A",,,,55428,70764,,56318,0,0,0,56318,10503,0,0,5313,15816,2.00% @ 55,https://www.calhr.ca.gov,,07/01/2014,,,,
2010,State Department,"Health Care Services, Department of",,"Fraud Investigator, Department Of Health Services, Range C",,,,58656,74328,,54887,0,0,1430,56317,14582,0,0,5012,19594,3.00% @ 50,https://www.calhr.ca.gov,,07/01/2014,,,,
2010,State Department,"Health Care Services, Department of",,"Research Analyst II -General-, Range A",,,,55428,67392,,56248,0,0,0,56248,10783,0,0,13625,24408,2.00% @ 55,https://www.calhr.ca.gov,,07/01/2014,,,,
2010,State Department,"Health Care Services, Department of",,"Health Program Auditor III, Department Of Health Services",,,,55428,70764,,56229,0,0,0,56229,10544,0,0,5313,15858,2.00% @ 55,https://www.calhr.ca.gov,,07/01/2014,,,,
2010,State Department,"Health Care Services, Department of",,"Research Analyst II -General-, Range A",,,,55428,67392,,54753,0,0,1459,56212,10133,0,0,1811,11944,2.00% @ 55,https://www.calhr.ca.gov,,07/01/2014,,,,
2010,State Department,"Health Care Services, Department of",,"Associate Governmental Program Analyst, Range A",,,,52800,64176,,55708,0,0,500,56208,10269,0,0,5313,15582,2.00% @ 55,https://www.calhr.ca.gov,,07/01/2014,,,,
2010,State Department,"Health Care Services, Department of",,"Research Analyst II -General-, Range A",,,,55428,67392,,56199,0,0,0,56199,10783,0,0,12891,23675,2.00% @ 55,https://www.calhr.ca.gov,,07/01/2014,,,,
2010,State Department,"Health Care Services, Department of",,"Research Analyst II -General-, Range A",,,,55428,67392,,56199,0,0,0,56199,10783,0,0,12891,23675,2.00% @ 55,https://www.calhr.ca.gov,,07/01/2014,,,,
2010,State Department,"Health Care Services, Department of",,"Health Program Auditor III, Department Of Health Services",,,,55428,70764,,56189,0,0,0,56189,9928,0,0,1811,11739,2.00% @ 55,https://www.calhr.ca.gov,,07/01/2014,,,,
2010,State Department,"Health Care Services, Department of",,"Fraud Investigator, Department Of Health Services, Range C",,,,58656,74328,,52967,2376,0,830,56173,14807,0,0,4672,19479,3.00% @ 50,https://www.calhr.ca.gov,,07/01/2014,,,,
2010,State Department,"Health Care Services, Department of",,"Health Program Auditor III, Department Of Health Services",,,,55428,70764,,56127,0,0,0,56127,10583,0,0,7858,18442,2.00% @ 55,https://www.calhr.ca.gov,,07/01/2014,,,,
2010,State Department,"Health Care Services, Department of",,Staff Services Manager I,,,,60948,73524,,55816,309,0,0,56125,10652,0,0,5844,16496,2.00% @ 55,https://www.calhr.ca.gov,,07/01/2014,,,,
2010,State Department,"Health Care Services, Department of",,"Fraud Investigator, Department Of Health Services, Range C",,,,58656,74328,,53137,0,0,2973,56111,16050,0,0,9471,25521,3.00% @ 50,https://www.calhr.ca.gov,,07/01/2014,,,,
2010,State Department,"Health Care Services, Department of",,"Associate Governmental Program Analyst, Range A",,,,52800,64176,,56054,0,0,0,56054,10269,0,0,2133,12402,2.00% @ 55,https://www.calhr.ca.gov,,07/01/2014,,,,
2010,State Department,"Health Care Services, Department of",,Staff Services Manager I,,,,60948,73524,,52571,0,0,3429,56000,10776,0,0,14084,24861,2.00% @ 55,https://www.calhr.ca.gov,,07/01/2014,,,,
2010,State Department,"Health Care Services, Department of",,"Nurse Evaluator II, Health Services",,,,59004,75228,,55998,0,0,0,55998,10058,0,0,4870,14927,2.00% @ 55,https://www.calhr.ca.gov,,07/01/2014,,,,
2010,State Department,"Health Care Services, Department of",,"Health Program Auditor III, Department Of Health Services",,,,55428,70764,,55970,0,0,0,55970,9891,0,0,1811,11702,2.00% @ 55,https://www.calhr.ca.gov,,07/01/2014,,,,
2010,State Department,"Health Care Services, Department of",,"Health Program Auditor IV, Department Of Health Services",,,,57996,74016,,55941,0,0,0,55941,11843,0,0,13625,25468,2.00% @ 55,https://www.calhr.ca.gov,,07/01/2014,,,,
2010,State Department,"Health Care Services, Department of",,"Health Program Auditor III, Department Of Health Services",,,,55428,70764,,55897,0,0,0,55897,11323,0,0,13625,24948,2.00% @ 55,https://www.calhr.ca.gov,,07/01/2014,,,,
2010,State Department,"Health Care Services, Department of",,"Research Analyst II -General-, Range A",,,,55428,67392,,55878,0,0,0,55878,10548,0,0,13625,24173,2.00% @ 55,https://www.calhr.ca.gov,,07/01/2014,,,,
2010,State Department,"Health Care Services, Department of",,"Senior Legal Analyst, Range A",,,,55428,67392,,55802,0,0,0,55802,10783,0,0,13607,24391,2.00% @ 55,https://www.calhr.ca.gov,,07/01/2014,,,,
2010,State Department,"Health Care Services, Department of",,"Associate Accounting Analyst, Range A",,,,55428,67392,,55797,0,0,0,55797,10783,0,0,13625,24408,2.00% @ 55,https://www.calhr.ca.gov,,07/01/2014,,,,
2010,State Department,"Health Care Services, Department of",,"Associate Accounting Analyst, Range A",,,,55428,67392,,55797,0,0,0,55797,10783,0,0,13625,24408,2.00% @ 55,https://www.calhr.ca.gov,,07/01/2014,,,,
2010,State Department,"Health Care Services, Department of",,"Research Analyst II -General-, Range A",,,,55428,67392,,55797,0,0,0,55797,10783,0,0,13625,24408,2.00% @ 55,https://www.calhr.ca.gov,,07/01/2014,,,,
2010,State Department,"Health Care Services, Department of",,"Research Analyst II -General-, Range A",,,,55428,67392,,55797,0,0,0,55797,10783,0,0,13625,24408,2.00% @ 55,https://www.calhr.ca.gov,,07/01/2014,,,,
2010,State Department,"Health Care Services, Department of",,"Associate Governmental Program Analyst, Range A",,,,52800,64176,,55794,0,0,0,55794,10139,0,0,5055,15194,1.25% @ 65,https://www.calhr.ca.gov,,07/01/2014,,,,
2010,State Department,"Health Care Services, Department of",,"Health Program Auditor III, Department Of Health Services",,,,55428,70764,,55768,0,0,0,55768,10181,0,0,131,10312,2.00% @ 55,https://www.calhr.ca.gov,,07/01/2014,,,,
2010,State Department,"Health Care Services, Department of",,"Fraud Investigator, Department Of Health Services, Range C",,,,58656,74328,,55153,302,0,284,55739,15480,0,0,5012,20492,3.00% @ 50,https://www.calhr.ca.gov,,07/01/2014,,,,
2010,State Department,"Health Care Services, Department of",,"Health Program Auditor III, Department Of Health Services",,,,55428,70764,,55721,0,0,0,55721,10712,0,0,10403,21116,2.00% @ 55,https://www.calhr.ca.gov,,07/01/2014,,,,
2010,State Department,"Health Care Services, Department of",,"Associate Governmental Program Analyst, Range A",,,,52800,64176,,55708,0,0,0,55708,10269,0,0,5313,15582,2.00% @ 55,https://www.calhr.ca.gov,,07/01/2014,,,,
2010,State Department,"Health Care Services, Department of",,"Research Analyst II -General-, Range A",,,,55428,67392,,55677,0,0,0,55677,10783,0,0,10781,21564,2.00% @ 55,https://www.calhr.ca.gov,,07/01/2014,,,,
2010,State Department,"Health Care Services, Department of",,"Research Analyst II -General-, Range A",,,,55428,67392,,55664,0,0,0,55664,10335,0,0,5503,15839,2.00% @ 55,https://www.calhr.ca.gov,,07/01/2014,,,,
2010,State Department,"Health Care Services, Department of",,"Associate Information Systems Analyst (Specialist), Range A",,,,55428,70764,,55629,0,0,0,55629,10756,0,0,13625,24381,2.00% @ 55,https://www.calhr.ca.gov,,07/01/2014,,,,
2010,State Department,"Health Care Services, Department of",,"Research Analyst II -General-, Range A",,,,55428,67392,,55622,0,0,0,55622,10783,0,0,10403,21187,2.00% @ 55,https://www.calhr.ca.gov,,07/01/2014,,,,
2010,State Department,"Health Care Services, Department of",,"Staff Information Systems Analyst (Specialist), Range A",,,,60780,77592,,55537,0,0,0,55537,9908,0,0,11692,21600,2.00% @ 55,https://www.calhr.ca.gov,,07/01/2014,,,,
2010,State Department,"Health Care Services, Department of",,"Research Analyst II -General-, Range A",,,,55428,67392,,55536,0,0,0,55536,10596,0,0,10403,21000,2.00% @ 55,https://www.calhr.ca.gov,,07/01/2014,,,,
2010,State Department,"Health Care Services, Department of",,"Research Analyst II -General-, Range A",,,,55428,67392,,55527,0,0,0,55527,9890,0,0,2873,12762,2.00% @ 55,https://www.calhr.ca.gov,,07/01/2014,,,,
2010,State Department,"Health Care Services, Department of",,"Staff Information Systems Analyst (Specialist), Range A",,,,60780,77592,,55515,0,0,0,55515,10774,0,0,13555,24330,1.25% @ 65,https://www.calhr.ca.gov,,07/01/2014,,,,
2010,State Department,"Health Care Services, Department of",,"Health Program Auditor III, Department Of Health Services",,,,55428,70764,,55511,0,0,0,55511,10768,0,0,13607,24375,2.00% @ 55,https://www.calhr.ca.gov,,07/01/2014,,,,
2010,State Department,"Health Care Services, Department of",,"Research Analyst II -General-, Range A",,,,55428,67392,,55497,0,0,0,55497,10783,0,0,10781,21564,2.00% @ 55,https://www.calhr.ca.gov,,07/01/2014,,,,
2010,State Department,"Health Care Services, Department of",,"Health Program Auditor III, Department Of Health Services",,,,55428,70764,,55480,0,0,0,55480,10231,0,0,5243,15475,2.00% @ 55,https://www.calhr.ca.gov,,07/01/2014,,,,
2010,State Department,"Health Care Services, Department of",,Staff Services Manager I,,,,60948,73524,,55454,0,0,0,55454,10435,0,0,14084,24519,2.00% @ 55,https://www.calhr.ca.gov,,07/01/2014,,,,
2010,State Department,"Health Care Services, Department of",,"Health Program Auditor III, Department Of Health Services",,,,55428,70764,,54256,0,0,1195,55451,10741,0,0,13625,24365,2.00% @ 55,https://www.calhr.ca.gov,,07/01/2014,,,,
2010,State Department,"Health Care Services, Department of",,"Staff Information Systems Analyst (Specialist), Range A",,,,60780,77592,,54892,0,0,500,55392,10221,0,0,9990,20211,2.00% @ 55,https://www.calhr.ca.gov,,07/01/2014,,,,
2010,State Department,"Health Care Services, Department of",,Staff Services Manager I,,,,60948,73524,,55375,0,0,0,55375,10809,0,0,10844,21653,2.00% @ 55,https://www.calhr.ca.gov,,07/01/2014,,,,
2010,State Department,"Health Care Services, Department of",,"Research Analyst II -General-, Range A",,,,55428,67392,,55359,0,0,0,55359,10783,0,0,12891,23675,2.00% @ 55,https://www.calhr.ca.gov,,07/01/2014,,,,
2010,State Department,"Health Care Services, Department of",,Staff Services Manager I,,,,60948,73524,,55358,0,0,0,55358,10667,0,0,10844,21511,2.00% @ 55,https://www.calhr.ca.gov,,07/01/2014,,,,
2010,State Department,"Health Care Services, Department of",,"Health Program Auditor III, Department Of Health Services",,,,55428,70764,,55323,0,0,0,55323,10386,0,0,12891,23277,2.00% @ 55,https://www.calhr.ca.gov,,07/01/2014,,,,
2010,State Department,"Health Care Services, Department of",,"Associate Governmental Program Analyst, Range A",,,,52800,64176,,55281,0,0,0,55281,10487,0,0,6069,16556,2.00% @ 55,https://www.calhr.ca.gov,,07/01/2014,,,,
2010,State Department,"Health Care Services, Department of",,"Research Analyst II -General-, Range A",,,,55428,67392,,55270,0,0,0,55270,9966,0,0,2133,12099,2.00% @ 55,https://www.calhr.ca.gov,,07/01/2014,,,,
2010,State Department,"Health Care Services, Department of",,"Health Program Auditor III, Department Of Health Services",,,,55428,70764,,55262,0,0,0,55262,10712,0,0,12563,23275,2.00% @ 55,https://www.calhr.ca.gov,,07/01/2014,,,,
2010,State Department,"Health Care Services, Department of",,"Health Program Auditor III, Department Of Health Services",,,,55428,70764,,55237,0,0,0,55237,10232,0,0,2452,12683,2.00% @ 55,https://www.calhr.ca.gov,,07/01/2014,,,,
2010,State Department,"Health Care Services, Department of",,"Associate Governmental Program Analyst, Range A",,,,52800,64176,,55154,0,0,0,55154,9715,0,0,1811,11526,2.00% @ 55,https://www.calhr.ca.gov,,07/01/2014,,,,
2010,State Department,"Health Care Services, Department of",,"Associate Governmental Program Analyst, Range A",,,,52800,64176,,55142,0,0,0,55142,10269,0,0,5313,15582,2.00% @ 55,https://www.calhr.ca.gov,,07/01/2014,,,,
2010,State Department,"Health Care Services, Department of",,"Associate Governmental Program Analyst, Range A",,,,52800,64176,,55142,0,0,0,55142,10269,0,0,5313,15582,2.00% @ 55,https://www.calhr.ca.gov,,07/01/2014,,,,
2010,State Department,"Health Care Services, Department of",,"Associate Governmental Program Analyst, Range A",,,,52800,64176,,55142,0,0,0,55142,10269,0,0,5313,15582,2.00% @ 55,https://www.calhr.ca.gov,,07/01/2014,,,,
2010,State Department,"Health Care Services, Department of",,"Fraud Investigator, Department Of Health Services, Range B",,,,53448,67572,,54904,0,0,130,55034,15770,0,0,10520,26291,3.00% @ 50,https://www.calhr.ca.gov,,07/01/2014,,,,
2010,State Department,"Health Care Services, Department of",,"Research Analyst II -General-, Range A",,,,55428,67392,,54048,0,0,981,55029,9680,0,0,1811,11491,2.00% @ 55,https://www.calhr.ca.gov,,07/01/2014,,,,
2010,State Department,"Health Care Services, Department of",,"Health Program Auditor III, Department Of Health Services",,,,55428,70764,,55010,0,0,0,55010,11323,0,0,5243,16566,2.00% @ 55,https://www.calhr.ca.gov,,07/01/2014,,,,
2010,State Department,"Health Care Services, Department of",,"Associate Governmental Program Analyst, Range A",,,,52800,64176,,54957,0,0,0,54957,10269,0,0,10360,20629,2.00% @ 55,https://www.calhr.ca.gov,,07/01/2014,,,,
2010,State Department,"Health Care Services, Department of",,"Associate Information Systems Analyst (Specialist), Range A",,,,55428,70764,,54720,1,0,216,54938,10498,0,0,6053,16550,2.00% @ 55,https://www.calhr.ca.gov,,07/01/2014,,,,
2010,State Department,"Health Care Services, Department of",,Senior Accounting Officer (Supervisor),,,,55464,66912,,54917,0,0,0,54917,10707,0,0,14084,24791,2.00% @ 55,https://www.calhr.ca.gov,,07/01/2014,,,,
2010,State Department,"Health Care Services, Department of",,Staff Services Manager I,,,,60948,73524,,54916,0,0,0,54916,10499,0,0,10844,21343,2.00% @ 55,https://www.calhr.ca.gov,,07/01/2014,,,,
2010,State Department,"Health Care Services, Department of",,"Health Program Auditor III, Department Of Health Services",,,,55428,70764,,54909,0,0,0,54909,10227,0,0,5055,15282,2.00% @ 55,https://www.calhr.ca.gov,,07/01/2014,,,,
2010,State Department,"Health Care Services, Department of",,"Associate Governmental Program Analyst, Range A",,,,52800,64176,,54901,0,0,0,54901,10139,0,0,5243,15382,1.25% @ 65,https://www.calhr.ca.gov,,07/01/2014,,,,
2010,State Department,"Health Care Services, Department of",,Associate Medi-Cal Eligibility Analyst,,,,52800,64176,,54881,0,0,0,54881,10269,0,0,5302,15571,2.00% @ 55,https://www.calhr.ca.gov,,07/01/2014,,,,
2010,State Department,"Health Care Services, Department of",,"Associate Governmental Program Analyst, Range A",,,,52800,64176,,54877,0,0,0,54877,10269,0,0,5313,15582,2.00% @ 55,https://www.calhr.ca.gov,,07/01/2014,,,,
2010,State Department,"Health Care Services, Department of",,"Associate Governmental Program Analyst, Range A",,,,52800,64176,,54877,0,0,0,54877,10269,0,0,5313,15582,2.00% @ 55,https://www.calhr.ca.gov,,07/01/2014,,,,
2010,State Department,"Health Care Services, Department of",,Staff Services Manager I,,,,60948,73524,,51824,1976,0,1072,54873,9796,0,0,5582,15378,1.25% @ 65,https://www.calhr.ca.gov,,07/01/2014,,,,
2010,State Department,"Health Care Services, Department of",,Associate Medi-Cal Eligibility Analyst,,,,52800,64176,,54854,0,0,0,54854,9715,0,0,2133,11848,2.00% @ 55,https://www.calhr.ca.gov,,07/01/2014,,,,
2010,State Department,"Health Care Services, Department of",,"Associate Governmental Program Analyst, Range A",,,,52800,64176,,53810,0,0,1044,54854,10445,0,0,10403,20849,2.00% @ 55,https://www.calhr.ca.gov,,07/01/2014,,,,
2010,State Department,"Health Care Services, Department of",,"Associate Governmental Program Analyst, Range A",,,,52800,64176,,54838,0,0,0,54838,10269,0,0,12891,23160,2.00% @ 55,https://www.calhr.ca.gov,,07/01/2014,,,,
2010,State Department,"Health Care Services, Department of",,"Health Program Auditor III, Department Of Health Services",,,,55428,70764,,54797,0,0,0,54797,10657,0,0,14693,25350,2.00% @ 55,https://www.calhr.ca.gov,,07/01/2014,,,,
2010,State Department,"Health Care Services, Department of",,Senior Accounting Officer (Supervisor),,,,55464,66912,,54779,0,0,0,54779,10707,0,0,14084,24791,2.00% @ 55,https://www.calhr.ca.gov,,07/01/2014,,,,
2010,State Department,"Health Care Services, Department of",,"Associate Information Systems Analyst (Specialist), Range A",,,,55428,70764,,54743,0,0,18,54761,10732,0,0,13625,24357,2.00% @ 55,https://www.calhr.ca.gov,,07/01/2014,,,,
2010,State Department,"Health Care Services, Department of",,"Associate Governmental Program Analyst, Range A",,,,52800,64176,,54757,0,0,0,54757,10269,0,0,5675,15944,2.00% @ 55,https://www.calhr.ca.gov,,07/01/2014,,,,
2010,State Department,"Health Care Services, Department of",,Research Program Specialist I,,,,57996,70488,,54740,0,0,0,54740,10349,0,0,5055,15404,2.00% @ 55,https://www.calhr.ca.gov,,07/01/2014,,,,
2010,State Department,"Health Care Services, Department of",,"Research Analyst II -General-, Range A",,,,55428,67392,,54669,0,0,0,54669,10783,0,0,12891,23675,2.00% @ 55,https://www.calhr.ca.gov,,07/01/2014,,,,
2010,State Department,"Health Care Services, Department of",,"Associate Governmental Program Analyst, Range A",,,,52800,64176,,54655,0,0,0,54655,10231,0,0,5313,15545,2.00% @ 55,https://www.calhr.ca.gov,,07/01/2014,,,,
2010,State Department,"Health Care Services, Department of",,"Fraud Investigator, Department Of Health Services, Range C",,,,58656,74328,,54584,0,0,0,54584,15960,0,0,12752,28713,3.00% @ 50,https://www.calhr.ca.gov,,07/01/2014,,,,
2010,State Department,"Health Care Services, Department of",,"Health Program Auditor III, Department Of Health Services",,,,55428,70764,,54567,0,0,0,54567,11323,0,0,13625,24948,2.00% @ 55,https://www.calhr.ca.gov,,07/01/2014,,,,
2010,State Department,"Health Care Services, Department of",,"Associate Accounting Analyst, Range A",,,,55428,67392,,54525,0,0,0,54525,10425,0,0,10403,20828,2.00% @ 55,https://www.calhr.ca.gov,,07/01/2014,,,,
2010,State Department,"Health Care Services, Department of",,"Health Program Auditor III, Department Of Health Services",,,,55428,70764,,54507,0,0,0,54507,10157,0,0,5243,15401,2.00% @ 55,https://www.calhr.ca.gov,,07/01/2014,,,,
2010,State Department,"Health Care Services, Department of",,"Associate Governmental Program Analyst, Range A",,,,52800,64176,,54502,0,0,0,54502,10205,0,0,5313,15519,2.00% @ 55,https://www.calhr.ca.gov,,07/01/2014,,,,
2010,State Department,"Health Care Services, Department of",,Associate Medi-Cal Eligibility Analyst,,,,52800,64176,,54442,0,0,48,54490,10269,0,0,13607,23876,2.00% @ 55,https://www.calhr.ca.gov,,07/01/2014,,,,
2010,State Department,"Health Care Services, Department of",,"Associate Information Systems Analyst (Specialist), Range A",,,,55428,70764,,54486,0,0,0,54486,10704,0,0,13625,24328,2.00% @ 55,https://www.calhr.ca.gov,,07/01/2014,,,,
2010,State Department,"Health Care Services, Department of",,"Research Analyst II -General-, Range A",,,,55428,67392,,54463,0,0,0,54463,10526,0,0,13625,24150,2.00% @ 55,https://www.calhr.ca.gov,,07/01/2014,,,,
2010,State Department,"Health Care Services, Department of",,"Associate Governmental Program Analyst, Range A",,,,52800,64176,,54442,0,0,0,54442,10269,0,0,13607,23876,2.00% @ 55,https://www.calhr.ca.gov,,07/01/2014,,,,
2010,State Department,"Health Care Services, Department of",,"Associate Governmental Program Analyst, Range A",,,,52800,64176,,54436,0,0,0,54436,10269,0,0,13625,23893,2.00% @ 55,https://www.calhr.ca.gov,,07/01/2014,,,,
2010,State Department,"Health Care Services, Department of",,"Associate Personnel Analyst, Range A",,,,52800,64176,,54436,0,0,0,54436,10269,0,0,13625,23893,2.00% @ 55,https://www.calhr.ca.gov,,07/01/2014,,,,
2010,State Department,"Health Care Services, Department of",,"Research Analyst II -General-, Range A",,,,55428,67392,,54415,0,0,0,54415,10410,0,0,10781,21191,2.00% @ 55,https://www.calhr.ca.gov,,07/01/2014,,,,
2010,State Department,"Health Care Services, Department of",,"Associate Governmental Program Analyst, Range A",,,,52800,64176,,54388,0,0,0,54388,10269,0,0,5313,15582,2.00% @ 55,https://www.calhr.ca.gov,,07/01/2014,,,,
2010,State Department,"Health Care Services, Department of",,"Health Program Auditor III, Department Of Health Services",,,,55428,70764,,54351,0,0,6,54357,10109,0,0,5055,15163,2.00% @ 55,https://www.calhr.ca.gov,,07/01/2014,,,,
2010,State Department,"Health Care Services, Department of",,"Associate Governmental Program Analyst, Range A",,,,52800,64176,,54353,0,0,0,54353,10180,0,0,5313,15494,2.00% @ 55,https://www.calhr.ca.gov,,07/01/2014,,,,
2010,State Department,"Health Care Services, Department of",,"Associate Governmental Program Analyst, Range A",,,,52800,64176,,54302,0,0,0,54302,10269,0,0,5313,15582,2.00% @ 55,https://www.calhr.ca.gov,,07/01/2014,,,,
2010,State Department,"Health Care Services, Department of",,"Associate Governmental Program Analyst, Range A",,,,52800,64176,,54282,0,0,0,54282,10269,0,0,5313,15582,2.00% @ 55,https://www.calhr.ca.gov,,07/01/2014,,,,
2010,State Department,"Health Care Services, Department of",,"Associate Information Systems Analyst (Specialist), Range A",,,,55428,70764,,54039,3,0,227,54270,10554,0,0,13625,24178,2.00% @ 55,https://www.calhr.ca.gov,,07/01/2014,,,,
2010,State Department,"Health Care Services, Department of",,"Health Program Auditor III, Department Of Health Services",,,,55428,70764,,54215,0,0,0,54215,9978,0,0,5243,15222,2.00% @ 55,https://www.calhr.ca.gov,,07/01/2014,,,,
2010,State Department,"Health Care Services, Department of",,Staff Services Manager I,,,,60948,73524,,54198,0,0,0,54198,10129,0,0,11654,21783,2.00% @ 55,https://www.calhr.ca.gov,,07/01/2014,,,,
2010,State Department,"Health Care Services, Department of",,"Associate Governmental Program Analyst, Range A",,,,52800,64176,,54182,0,0,0,54182,10269,0,0,5675,15944,2.00% @ 55,https://www.calhr.ca.gov,,07/01/2014,,,,
2010,State Department,"Health Care Services, Department of",,"Nurse Evaluator II, Health Services",,,,59004,75228,,54147,0,0,0,54147,10164,0,0,4047,14211,2.00% @ 55,https://www.calhr.ca.gov,,07/01/2014,,,,
2010,State Department,"Health Care Services, Department of",,"Associate Governmental Program Analyst, Range A",,,,52800,64176,,54146,0,0,0,54146,10269,0,0,5243,15512,2.00% @ 55,https://www.calhr.ca.gov,,07/01/2014,,,,
2010,State Department,"Health Care Services, Department of",,Associate Medi-Cal Eligibility Analyst,,,,52800,64176,,54146,0,0,0,54146,10269,0,0,5243,15512,2.00% @ 55,https://www.calhr.ca.gov,,07/01/2014,,,,
2010,State Department,"Health Care Services, Department of",,"Associate Governmental Program Analyst, Range A",,,,52800,64176,,54143,0,0,0,54143,10269,0,0,9131,19400,2.00% @ 55,https://www.calhr.ca.gov,,07/01/2014,,,,
2010,State Department,"Health Care Services, Department of",,"Associate Budget Analyst, Range A",,,,52800,64176,,54122,0,0,0,54122,10269,0,0,5313,15582,2.00% @ 55,https://www.calhr.ca.gov,,07/01/2014,,,,
2010,State Department,"Health Care Services, Department of",,"Associate Governmental Program Analyst, Range A",,,,52800,64176,,54122,0,0,0,54122,10269,0,0,5313,15582,2.00% @ 55,https://www.calhr.ca.gov,,07/01/2014,,,,
2010,State Department,"Health Care Services, Department of",,"Associate Governmental Program Analyst, Range A",,,,52800,64176,,54122,0,0,0,54122,10269,0,0,5313,15582,2.00% @ 55,https://www.calhr.ca.gov,,07/01/2014,,,,
2010,State Department,"Health Care Services, Department of",,"Associate Governmental Program Analyst, Range A",,,,52800,64176,,54122,0,0,0,54122,10269,0,0,5313,15582,2.00% @ 55,https://www.calhr.ca.gov,,07/01/2014,,,,
2010,State Department,"Health Care Services, Department of",,"Associate Governmental Program Analyst, Range A",,,,52800,64176,,54113,0,0,0,54113,10136,0,0,5243,15379,2.00% @ 55,https://www.calhr.ca.gov,,07/01/2014,,,,
2010,State Department,"Health Care Services, Department of",,Associate Medi-Cal Eligibility Analyst,,,,52800,64176,,54086,0,0,18,54104,10269,0,0,9916,20185,2.00% @ 55,https://www.calhr.ca.gov,,07/01/2014,,,,
2010,State Department,"Health Care Services, Department of",,"Associate Governmental Program Analyst, Range A",,,,52800,64176,,54086,0,0,0,54086,10269,0,0,10026,20295,2.00% @ 55,https://www.calhr.ca.gov,,07/01/2014,,,,
2010,State Department,"Health Care Services, Department of",,"Associate Governmental Program Analyst, Range A",,,,52800,64176,,54086,0,0,0,54086,10109,0,0,9916,20026,1.25% @ 65,https://www.calhr.ca.gov,,07/01/2014,,,,
2010,State Department,"Health Care Services, Department of",,"Associate Governmental Program Analyst, Range A",,,,52800,64176,,53810,0,0,247,54057,10311,0,0,10403,20714,2.00% @ 55,https://www.calhr.ca.gov,,07/01/2014,,,,
2010,State Department,"Health Care Services, Department of",,"Associate Governmental Program Analyst, Range A",,,,52800,64176,,54056,0,0,0,54056,10269,0,0,6053,16321,2.00% @ 55,https://www.calhr.ca.gov,,07/01/2014,,,,
2010,State Department,"Health Care Services, Department of",,"Associate Information Systems Analyst (Specialist), Range A",,,,55428,70764,,54041,0,0,0,54041,5290,0,0,1811,7101,2.00% @ 55,https://www.calhr.ca.gov,,07/01/2014,,,,
2010,State Department,"Health Care Services, Department of",,"Associate Governmental Program Analyst, Range A",,,,52800,64176,,53986,0,0,0,53986,9767,0,0,2873,12640,2.00% @ 55,https://www.calhr.ca.gov,,07/01/2014,,,,
2010,State Department,"Health Care Services, Department of",,"Attorney, Range C",,,,67656,81816,,53984,0,0,0,53984,9013,0,0,9868,18881,2.00% @ 55,https://www.calhr.ca.gov,,07/01/2014,,,,
2010,State Department,"Health Care Services, Department of",,Senior Tax Compliance Representative (Supervisor),,,,55428,67392,,53898,0,0,0,53898,10467,0,0,10844,21311,2.00% @ 55,https://www.calhr.ca.gov,,07/01/2014,,,,
2010,State Department,"Health Care Services, Department of",,"Health Program Auditor IV, Department Of Health Services",,,,57996,74016,,53898,0,0,0,53898,9507,0,0,1811,11318,2.00% @ 55,https://www.calhr.ca.gov,,07/01/2014,,,,
2010,State Department,"Health Care Services, Department of",,"Health Program Auditor III, Department Of Health Services",,,,55428,70764,,53897,0,0,0,53897,10232,0,0,10360,20591,2.00% @ 55,https://www.calhr.ca.gov,,07/01/2014,,,,
2010,State Department,"Health Care Services, Department of",,"Staff Information Systems Analyst (Specialist), Range A",,,,60780,77592,,53891,0,0,0,53891,10027,0,0,5046,15072,2.00% @ 55,https://www.calhr.ca.gov,,07/01/2014,,,,
2010,State Department,"Health Care Services, Department of",,"Administrative Assistant II, Range A",,,,52800,64176,,53881,0,0,0,53881,10269,0,0,12464,22733,2.00% @ 55,https://www.calhr.ca.gov,,07/01/2014,,,,
2010,State Department,"Health Care Services, Department of",,"Fraud Investigator, Department Of Health Services, Range C",,,,58656,74328,,52095,392,0,1388,53875,14184,0,0,933,15117,3.00% @ 50,https://www.calhr.ca.gov,,07/01/2014,,,,
2010,State Department,"Health Care Services, Department of",,"Associate Information Systems Analyst (Specialist), Range A",,,,55428,70764,,53871,0,0,0,53871,10388,0,0,13625,24013,2.00% @ 55,https://www.calhr.ca.gov,,07/01/2014,,,,
2010,State Department,"Health Care Services, Department of",,"Associate Governmental Program Analyst, Range A",,,,52800,64176,,53870,0,0,0,53870,10269,0,0,10781,21049,2.00% @ 55,https://www.calhr.ca.gov,,07/01/2014,,,,
2010,State Department,"Health Care Services, Department of",,"Associate Governmental Program Analyst, Range A",,,,52800,64176,,53869,0,0,0,53869,10152,0,0,13247,23399,2.00% @ 55,https://www.calhr.ca.gov,,07/01/2014,,,,
2010,State Department,"Health Care Services, Department of",,Associate Health Program Adviser,,,,52800,64176,,53796,0,0,63,53859,10269,0,0,10592,20861,2.00% @ 55,https://www.calhr.ca.gov,,07/01/2014,,,,
2010,State Department,"Health Care Services, Department of",,"Fraud Investigator, Department Of Health Services, Range C",,,,58656,74328,,51693,0,0,2145,53838,14928,0,0,12752,27680,3.00% @ 50,https://www.calhr.ca.gov,,07/01/2014,,,,
2010,State Department,"Health Care Services, Department of",,"Associate Governmental Program Analyst, Range A",,,,52800,64176,,53810,0,0,0,53810,10269,0,0,10403,20672,2.00% @ 55,https://www.calhr.ca.gov,,07/01/2014,,,,
2010,State Department,"Health Care Services, Department of",,"Associate Governmental Program Analyst, Range A",,,,52800,64176,,53810,0,0,0,53810,10269,0,0,10403,20672,2.00% @ 55,https://www.calhr.ca.gov,,07/01/2014,,,,
2010,State Department,"Health Care Services, Department of",,"Associate Governmental Program Analyst, Range A",,,,52800,64176,,53798,0,0,0,53798,10062,0,0,5675,15737,2.00% @ 55,https://www.calhr.ca.gov,,07/01/2014,,,,
2010,State Department,"Health Care Services, Department of",,"Health Program Auditor III, Department Of Health Services",,,,55428,70764,,52541,0,0,1200,53741,9233,0,0,1811,11044,2.00% @ 55,https://www.calhr.ca.gov,,07/01/2014,,,,
2010,State Department,"Health Care Services, Department of",,"Associate Governmental Program Analyst, Range A",,,,52800,64176,,53690,0,0,0,53690,9715,0,0,4675,14390,2.00% @ 55,https://www.calhr.ca.gov,,07/01/2014,,,,
2010,State Department,"Health Care Services, Department of",,"Associate Governmental Program Analyst, Range A",,,,52800,64176,,53684,0,0,0,53684,10269,0,0,10781,21049,2.00% @ 55,https://www.calhr.ca.gov,,07/01/2014,,,,
2010,State Department,"Health Care Services, Department of",,"Associate Governmental Program Analyst, Range A",,,,52800,64176,,53675,0,0,0,53675,10269,0,0,5675,15944,2.00% @ 55,https://www.calhr.ca.gov,,07/01/2014,,,,
2010,State Department,"Health Care Services, Department of",,"Pharmaceutical Consultant I, Department Of Health Services",,,,62004,89508,,53672,0,0,0,53672,10427,0,0,13628,24055,2.00% @ 55,https://www.calhr.ca.gov,,07/01/2014,,,,
2010,State Department,"Health Care Services, Department of",,"Fraud Investigator, Department Of Health Services, Range C",,,,58656,74328,,53641,0,0,0,53641,14034,0,0,1991,16024,3.00% @ 50,https://www.calhr.ca.gov,,07/01/2014,,,,
2010,State Department,"Health Care Services, Department of",,"Associate Governmental Program Analyst, Range A",,,,52800,64176,,53636,0,0,0,53636,10139,0,0,7858,17997,1.25% @ 65,https://www.calhr.ca.gov,,07/01/2014,,,,
2010,State Department,"Health Care Services, Department of",,"Health Program Auditor III, Department Of Health Services",,,,55428,70764,,53616,0,0,0,53616,10007,0,0,5243,15250,2.00% @ 55,https://www.calhr.ca.gov,,07/01/2014,,,,
2010,State Department,"Health Care Services, Department of",,"Health Program Auditor III, Department Of Health Services",,,,55428,70764,,53605,0,0,0,53605,10232,0,0,10360,20591,2.00% @ 55,https://www.calhr.ca.gov,,07/01/2014,,,,
2010,State Department,"Health Care Services, Department of",,"Associate Governmental Program Analyst, Range A",,,,52800,64176,,53403,139,0,0,53541,10269,0,0,10009,20278,2.00% @ 55,https://www.calhr.ca.gov,,07/01/2014,,,,
2010,State Department,"Health Care Services, Department of",,"Associate Budget Analyst, Range A",,,,52800,64176,,50620,2227,0,675,53522,9920,0,0,10403,20323,2.00% @ 55,https://www.calhr.ca.gov,,07/01/2014,,,,
2010,State Department,"Health Care Services, Department of",,"Health Program Auditor III, Department Of Health Services",,,,55428,70764,,53496,0,0,0,53496,10320,0,0,13607,23927,2.00% @ 55,https://www.calhr.ca.gov,,07/01/2014,,,,
2010,State Department,"Health Care Services, Department of",,Programmer II,,,,48396,61764,,53464,0,0,0,53464,9883,0,0,5675,15558,2.00% @ 55,https://www.calhr.ca.gov,,07/01/2014,,,,
2010,State Department,"Health Care Services, Department of",,"Health Program Auditor III, Department Of Health Services",,,,55428,70764,,53440,0,0,0,53440,9602,0,0,1811,11413,2.00% @ 55,https://www.calhr.ca.gov,,07/01/2014,,,,
2010,State Department,"Health Care Services, Department of",,"Nurse Evaluator II, Health Services",,,,59004,75228,,53435,0,0,0,53435,0,0,0,1670,1670,Alternate Retirement Plan (ARP),https://www.calhr.ca.gov,,07/01/2014,,,,
2010,State Department,"Health Care Services, Department of",,"Associate Governmental Program Analyst, Range A",,,,52800,64176,,53427,0,0,0,53427,10121,0,0,5313,15434,2.00% @ 55,https://www.calhr.ca.gov,,07/01/2014,,,,
2010,State Department,"Health Care Services, Department of",,Associate Medi-Cal Eligibility Analyst,,,,52800,64176,,53366,0,0,48,53414,10269,0,0,12891,23160,2.00% @ 55,https://www.calhr.ca.gov,,07/01/2014,,,,
2010,State Department,"Health Care Services, Department of",,"Associate Governmental Program Analyst, Range A",,,,52800,64176,,53400,0,0,0,53400,10269,0,0,10041,20310,2.00% @ 55,https://www.calhr.ca.gov,,07/01/2014,,,,
2010,State Department,"Health Care Services, Department of",,"Health Program Auditor III, Department Of Health Services",,,,55428,70764,,53373,0,0,0,53373,9966,0,0,5243,15209,2.00% @ 55,https://www.calhr.ca.gov,,07/01/2014,,,,
2010,State Department,"Health Care Services, Department of",,"Associate Governmental Program Analyst, Range A",,,,52800,64176,,53371,0,0,0,53371,9969,0,0,5313,15283,2.00% @ 55,https://www.calhr.ca.gov,,07/01/2014,,,,
2010,State Department,"Health Care Services, Department of",,"Health Program Auditor III, Department Of Health Services",,,,55428,70764,,53363,0,0,0,53363,10009,0,0,5243,15252,2.00% @ 55,https://www.calhr.ca.gov,,07/01/2014,,,,
2010,State Department,"Health Care Services, Department of",,"Research Analyst II -General-, Range A",,,,55428,67392,,53342,0,0,0,53342,9965,0,0,5313,15278,2.00% @ 55,https://www.calhr.ca.gov,,07/01/2014,,,,
2010,State Department,"Health Care Services, Department of",,"Fraud Investigator, Department Of Health Services, Range C",,,,58656,74328,,53074,0,0,260,53334,15569,0,0,9316,24885,3.00% @ 50,https://www.calhr.ca.gov,,07/01/2014,,,,
2010,State Department,"Health Care Services, Department of",,Associate Medi-Cal Eligibility Analyst,,,,52800,64176,,53309,0,0,0,53309,9999,0,0,6817,16816,2.00% @ 55,https://www.calhr.ca.gov,,07/01/2014,,,,
2010,State Department,"Health Care Services, Department of",,"Associate Information Systems Analyst (Specialist), Range A",,,,55428,70764,,53289,0,0,18,53307,10386,0,0,10360,20746,2.00% @ 55,https://www.calhr.ca.gov,,07/01/2014,,,,
2010,State Department,"Health Care Services, Department of",,Associate Medi-Cal Eligibility Analyst,,,,52800,64176,,53284,0,0,0,53284,10185,0,0,10781,20965,2.00% @ 55,https://www.calhr.ca.gov,,07/01/2014,,,,
2010,State Department,"Health Care Services, Department of",,"Health Program Auditor III, Department Of Health Services",,,,55428,70764,,53277,0,0,0,53277,11323,0,0,13625,24948,2.00% @ 55,https://www.calhr.ca.gov,,07/01/2014,,,,
2010,State Department,"Health Care Services, Department of",,"Health Program Auditor III, Department Of Health Services",,,,55428,70764,,53247,0,0,0,53247,10712,0,0,13625,24337,2.00% @ 55,https://www.calhr.ca.gov,,07/01/2014,,,,
2010,State Department,"Health Care Services, Department of",,"Health Program Auditor III, Department Of Health Services",,,,55428,70764,,53219,0,0,0,53219,10320,0,0,13625,23944,2.00% @ 55,https://www.calhr.ca.gov,,07/01/2014,,,,
2010,State Department,"Health Care Services, Department of",,"Associate Governmental Program Analyst, Range A",,,,52800,64176,,53206,0,0,0,53206,10269,0,0,13625,23893,2.00% @ 55,https://www.calhr.ca.gov,,07/01/2014,,,,
2010,State Department,"Health Care Services, Department of",,"Staff Programmer Analyst (Specialist), Range A",,,,60780,77592,,53183,0,0,0,53183,10103,0,0,7607,17711,2.00% @ 55,https://www.calhr.ca.gov,,07/01/2014,,,,
2010,State Department,"Health Care Services, Department of",,"Health Program Auditor III, Department Of Health Services",,,,55428,70764,,53167,0,0,0,53167,11323,0,0,13625,24948,2.00% @ 55,https://www.calhr.ca.gov,,07/01/2014,,,,
2010,State Department,"Health Care Services, Department of",,"Associate Governmental Program Analyst, Range A",,,,52800,64176,,53160,0,0,0,53160,10269,0,0,10763,21032,2.00% @ 55,https://www.calhr.ca.gov,,07/01/2014,,,,
2010,State Department,"Health Care Services, Department of",,"Health Program Auditor III, Department Of Health Services",,,,55428,70764,,53146,0,0,0,53146,9638,0,0,2139,11777,2.00% @ 55,https://www.calhr.ca.gov,,07/01/2014,,,,
2010,State Department,"Health Care Services, Department of",,"Nurse Evaluator II, Health Services",,,,59004,75228,,53116,0,0,0,53116,0,0,0,1670,1670,Alternate Retirement Plan (ARP),https://www.calhr.ca.gov,,07/01/2014,,,,
2010,State Department,"Health Care Services, Department of",,"Health Program Auditor III, Department Of Health Services",,,,55428,70764,,53105,0,0,0,53105,10440,0,0,13625,24064,2.00% @ 55,https://www.calhr.ca.gov,,07/01/2014,,,,
2010,State Department,"Health Care Services, Department of",,"Associate Management Auditor, Range A",,,,55428,70764,,53090,0,0,0,53090,10829,0,0,12870,23699,2.00% @ 55,https://www.calhr.ca.gov,,07/01/2014,,,,
2010,State Department,"Health Care Services, Department of",,"Nurse Evaluator II, Health Services",,,,59004,75228,,53052,0,0,0,53052,10644,0,0,5312,15956,2.00% @ 55,https://www.calhr.ca.gov,,07/01/2014,,,,
2010,State Department,"Health Care Services, Department of",,"Health Program Auditor III, Department Of Health Services",,,,55428,70764,,53022,0,0,0,53022,10622,0,0,13607,24229,2.00% @ 55,https://www.calhr.ca.gov,,07/01/2014,,,,
2010,State Department,"Health Care Services, Department of",,Staff Services Manager I,,,,60948,73524,,53007,0,0,0,53007,2271,0,0,5636,7907,2.00% @ 55,https://www.calhr.ca.gov,,07/01/2014,,,,
2010,State Department,"Health Care Services, Department of",,"Associate Information Systems Analyst (Specialist), Range A",,,,55428,70764,,52996,0,0,0,52996,9928,0,0,5055,14983,2.00% @ 55,https://www.calhr.ca.gov,,07/01/2014,,,,
2010,State Department,"Health Care Services, Department of",,Staff Services Manager I,,,,60948,73524,,44870,0,8111,0,52981,8229,0,0,10563,18793,2.00% @ 55,https://www.calhr.ca.gov,,07/01/2014,,,,
2010,State Department,"Health Care Services, Department of",,Associate Medi-Cal Eligibility Analyst,,,,52800,64176,,52970,0,0,0,52970,10269,0,0,10403,20672,2.00% @ 55,https://www.calhr.ca.gov,,07/01/2014,,,,
2010,State Department,"Health Care Services, Department of",,"Associate Governmental Program Analyst, Range A",,,,52800,64176,,52964,0,0,0,52964,10269,0,0,13625,23893,2.00% @ 55,https://www.calhr.ca.gov,,07/01/2014,,,,
2010,State Department,"Health Care Services, Department of",,"Associate Governmental Program Analyst, Range A",,,,52800,64176,,52964,0,0,0,52964,10269,0,0,13625,23893,2.00% @ 55,https://www.calhr.ca.gov,,07/01/2014,,,,
2010,State Department,"Health Care Services, Department of",,"Associate Governmental Program Analyst, Range A",,,,52800,64176,,52964,0,0,0,52964,10139,0,0,13625,23763,1.25% @ 65,https://www.calhr.ca.gov,,07/01/2014,,,,
2010,State Department,"Health Care Services, Department of",,"Associate Management Auditor, Range A",,,,55428,70764,,52950,0,0,0,52950,9320,0,0,1811,11131,2.00% @ 55,https://www.calhr.ca.gov,,07/01/2014,,,,
2010,State Department,"Health Care Services, Department of",,"Staff Information Systems Analyst (Specialist), Range A",,,,60780,77592,,52209,0,0,734,52943,10290,0,0,12091,22381,2.00% @ 55,https://www.calhr.ca.gov,,07/01/2014,,,,
2010,State Department,"Health Care Services, Department of",,"Health Program Auditor III, Department Of Health Services",,,,55428,70764,,52927,0,0,0,52927,10195,0,0,12760,22955,2.00% @ 55,https://www.calhr.ca.gov,,07/01/2014,,,,
2010,State Department,"Health Care Services, Department of",,"Nurse Evaluator II, Health Services",,,,59004,75228,,52918,0,0,0,52918,10168,0,0,10400,20568,2.00% @ 55,https://www.calhr.ca.gov,,07/01/2014,,,,
2010,State Department,"Health Care Services, Department of",,Associate Administrative Analyst -Accounting Systems-,,,,55428,67392,,52255,351,0,250,52855,10198,0,0,13607,23805,2.00% @ 55,https://www.calhr.ca.gov,,07/01/2014,,,,
2010,State Department,"Health Care Services, Department of",,Staff Services Manager I,,,,60948,73524,,52839,0,0,0,52839,9801,0,0,5636,15437,2.00% @ 55,https://www.calhr.ca.gov,,07/01/2014,,,,
2010,State Department,"Health Care Services, Department of",,"Research Analyst II -General-, Range A",,,,55428,67392,,52330,0,0,500,52830,9359,0,0,1811,11169,2.00% @ 55,https://www.calhr.ca.gov,,07/01/2014,,,,
2010,State Department,"Health Care Services, Department of",,Senior Tax Compliance Representative (Specialist),,,,55428,67392,,52828,0,0,0,52828,10783,0,0,13625,24408,2.00% @ 55,https://www.calhr.ca.gov,,07/01/2014,,,,
2010,State Department,"Health Care Services, Department of",,"Associate Governmental Program Analyst, Range A",,,,52800,64176,,52828,0,0,0,52828,10121,0,0,5313,15434,2.00% @ 55,https://www.calhr.ca.gov,,07/01/2014,,,,
2010,State Department,"Health Care Services, Department of",,"Nurse Evaluator II, Health Services",,,,59004,75228,,52825,0,0,0,52825,0,0,0,1670,1670,Alternate Retirement Plan (ARP),https://www.calhr.ca.gov,,07/01/2014,,,,
2010,State Department,"Health Care Services, Department of",,"Research Analyst II -General-, Range A",,,,55428,67392,,52817,0,0,0,52817,10783,0,0,10360,21143,2.00% @ 55,https://www.calhr.ca.gov,,07/01/2014,,,,
2010,State Department,"Health Care Services, Department of",,"Fraud Investigator, Department Of Health Services, Range B",,,,53448,67572,,49964,2199,0,640,52802,12868,0,0,1976,14844,3.00% @ 50,https://www.calhr.ca.gov,,07/01/2014,,,,
2010,State Department,"Health Care Services, Department of",,"Staff Programmer Analyst (Specialist), Range A",,,,60780,77592,,52781,0,0,0,52781,10320,0,0,12891,23211,2.00% @ 55,https://www.calhr.ca.gov,,07/01/2014,,,,
2010,State Department,"Health Care Services, Department of",,"Associate Accounting Analyst, Range A",,,,55428,67392,,52779,0,0,0,52779,9560,0,0,2873,12432,2.00% @ 55,https://www.calhr.ca.gov,,07/01/2014,,,,
2010,State Department,"Health Care Services, Department of",,"Research Analyst II -General-, Range A",,,,55428,67392,,52776,0,0,0,52776,9343,0,0,1811,11153,2.00% @ 55,https://www.calhr.ca.gov,,07/01/2014,,,,
2010,State Department,"Health Care Services, Department of",,"Research Analyst II -General-, Range A",,,,55428,67392,,52241,0,0,500,52741,10202,0,0,10403,20605,2.00% @ 55,https://www.calhr.ca.gov,,07/01/2014,,,,
2010,State Department,"Health Care Services, Department of",,"Medical Consultant I, Department Of Health Services, Range C",,,,112776,154728,,53422,0,0,-686,52736,10915,0,0,5657,16571,2.00% @ 55,https://www.calhr.ca.gov,,07/01/2014,,,,
2010,State Department,"Health Care Services, Department of",,Senior Tax Compliance Representative (Specialist),,,,55428,67392,,52692,0,0,0,52692,10101,0,0,13625,23725,1.25% @ 65,https://www.calhr.ca.gov,,07/01/2014,,,,
2010,State Department,"Health Care Services, Department of",,"Associate Governmental Program Analyst, Range A",,,,52800,64176,,52676,0,0,0,52676,9829,0,0,5313,15143,2.00% @ 55,https://www.calhr.ca.gov,,07/01/2014,,,,
2010,State Department,"Health Care Services, Department of",,"Staff Services Analyst (General), Range C",,,,43896,53352,,52627,0,0,0,52627,9343,0,0,3090,12433,2.00% @ 55,https://www.calhr.ca.gov,,07/01/2014,,,,
2010,State Department,"Health Care Services, Department of",,"Associate Accounting Analyst, Range A",,,,55428,67392,,52563,0,0,0,52563,10187,0,0,10781,20968,2.00% @ 55,https://www.calhr.ca.gov,,07/01/2014,,,,
2010,State Department,"Health Care Services, Department of",,"Health Program Auditor IV, Department Of Health Services",,,,57996,74016,,52518,0,0,0,52518,9879,0,0,11404,21283,2.00% @ 55,https://www.calhr.ca.gov,,07/01/2014,,,,
2010,State Department,"Health Care Services, Department of",,Dental Hygienist Consultant,,,,49236,62844,,52511,0,0,0,52511,10056,0,0,10781,20836,2.00% @ 55,https://www.calhr.ca.gov,,07/01/2014,,,,
2010,State Department,"Health Care Services, Department of",,"Associate Governmental Program Analyst, Range A",,,,52800,64176,,51944,0,0,510,52454,10269,0,0,13625,23893,2.00% @ 55,https://www.calhr.ca.gov,,07/01/2014,,,,
2010,State Department,"Health Care Services, Department of",,"Staff Information Systems Analyst (Specialist), Range A",,,,60780,77592,,52338,0,0,103,52441,2980,0,0,5086,8066,2.00% @ 55,https://www.calhr.ca.gov,,07/01/2014,,,,
2010,State Department,"Health Care Services, Department of",,"Associate Governmental Program Analyst, Range A",,,,52800,64176,,52435,0,0,0,52435,9965,0,0,10781,20746,1.25% @ 65,https://www.calhr.ca.gov,,07/01/2014,,,,
2010,State Department,"Health Care Services, Department of",,"Associate Governmental Program Analyst, Range A",,,,52800,64176,,52407,0,0,0,52407,10269,0,0,12777,23046,2.00% @ 55,https://www.calhr.ca.gov,,07/01/2014,,,,
2010,State Department,"Health Care Services, Department of",,"Nurse Evaluator II, Health Services",,,,59004,75228,,50526,0,1870,0,52396,8780,0,0,4427,13206,2.00% @ 55,https://www.calhr.ca.gov,,07/01/2014,,,,
2010,State Department,"Health Care Services, Department of",,Staff Services Manager I,,,,60948,73524,,52355,0,0,0,52355,0,0,0,14084,14084,Alternate Retirement Plan (ARP),https://www.calhr.ca.gov,,07/01/2014,,,,
2010,State Department,"Health Care Services, Department of",,"Health Program Auditor III, Department Of Health Services",,,,55428,70764,,52342,0,0,0,52342,9212,0,0,1811,11022,2.00% @ 55,https://www.calhr.ca.gov,,07/01/2014,,,,
2010,State Department,"Health Care Services, Department of",,"Health Program Auditor III, Department Of Health Services",,,,55428,70764,,52342,0,0,0,52342,9212,0,0,1811,11022,2.00% @ 55,https://www.calhr.ca.gov,,07/01/2014,,,,
2010,State Department,"Health Care Services, Department of",,"Research Analyst II -General-, Range A",,,,55428,67392,,52339,0,0,0,52339,9310,0,0,2873,12183,2.00% @ 55,https://www.calhr.ca.gov,,07/01/2014,,,,
2010,State Department,"Health Care Services, Department of",,Staff Services Manager I,,,,60948,73524,,52323,0,0,0,52323,9638,0,0,14084,23722,2.00% @ 55,https://www.calhr.ca.gov,,07/01/2014,,,,
2010,State Department,"Health Care Services, Department of",,"Associate Governmental Program Analyst, Range A",,,,52800,64176,,52275,0,0,6,52281,10269,0,0,13625,23893,2.00% @ 55,https://www.calhr.ca.gov,,07/01/2014,,,,
2010,State Department,"Health Care Services, Department of",,"Associate Governmental Program Analyst, Range A",,,,52800,64176,,52275,0,0,0,52275,10269,0,0,13625,23893,2.00% @ 55,https://www.calhr.ca.gov,,07/01/2014,,,,
2010,State Department,"Health Care Services, Department of",,"Associate Governmental Program Analyst, Range A",,,,52800,64176,,52260,0,0,0,52260,10269,0,0,5675,15944,2.00% @ 55,https://www.calhr.ca.gov,,07/01/2014,,,,
2010,State Department,"Health Care Services, Department of",,"Associate Governmental Program Analyst, Range A",,,,52800,64176,,52260,0,0,0,52260,10269,0,0,10403,20672,2.00% @ 55,https://www.calhr.ca.gov,,07/01/2014,,,,
2010,State Department,"Health Care Services, Department of",,"Associate Governmental Program Analyst, Range A",,,,52800,64176,,52250,0,0,0,52250,10269,0,0,13625,23893,2.00% @ 55,https://www.calhr.ca.gov,,07/01/2014,,,,
2010,State Department,"Health Care Services, Department of",,"Associate Governmental Program Analyst, Range A",,,,52800,64176,,52212,0,0,0,52212,9214,0,0,1811,11024,2.00% @ 55,https://www.calhr.ca.gov,,07/01/2014,,,,
2010,State Department,"Health Care Services, Department of",,Associate Medi-Cal Eligibility Analyst,,,,52800,64176,,52194,0,0,6,52200,9829,0,0,6035,15865,2.00% @ 55,https://www.calhr.ca.gov,,07/01/2014,,,,
2010,State Department,"Health Care Services, Department of",,"Associate Governmental Program Analyst, Range A",,,,52800,64176,,52124,0,0,0,52124,10269,0,0,13625,23893,2.00% @ 55,https://www.calhr.ca.gov,,07/01/2014,,,,
2010,State Department,"Health Care Services, Department of",,"Associate Governmental Program Analyst, Range A",,,,52800,64176,,52122,0,0,0,52122,10039,0,0,10403,20443,2.00% @ 55,https://www.calhr.ca.gov,,07/01/2014,,,,
2010,State Department,"Health Care Services, Department of",,"Health Program Auditor III, Department Of Health Services",,,,55428,70764,,52111,0,0,0,52111,9648,0,0,4871,14518,2.00% @ 55,https://www.calhr.ca.gov,,07/01/2014,,,,
2010,State Department,"Health Care Services, Department of",,"Associate Accounting Analyst, Range A",,,,55428,67392,,51576,0,0,500,52076,10202,0,0,13625,23826,2.00% @ 55,https://www.calhr.ca.gov,,07/01/2014,,,,
2010,State Department,"Health Care Services, Department of",,"Tax Compliance Representative, Range C",,,,46092,56040,,45624,0,0,6422,52047,8967,0,0,10403,19370,2.00% @ 55,https://www.calhr.ca.gov,,07/01/2014,,,,
2010,State Department,"Health Care Services, Department of",,Staff Services Manager I,,,,60948,73524,,51982,0,0,0,51982,10388,0,0,14084,24472,2.00% @ 55,https://www.calhr.ca.gov,,07/01/2014,,,,
2010,State Department,"Health Care Services, Department of",,"Attorney, Range C",,,,67656,81816,,51974,0,0,0,51974,0,0,0,1991,1991,Alternate Retirement Plan (ARP),https://www.calhr.ca.gov,,07/01/2014,,,,
2010,State Department,"Health Care Services, Department of",,"Pharmaceutical Consultant II, Department Of Health Services (Specialist)",,,,68076,98472,,51966,0,0,0,51966,9131,0,0,1991,11121,2.00% @ 55,https://www.calhr.ca.gov,,07/01/2014,,,,
2010,State Department,"Health Care Services, Department of",,"Research Analyst II -General-, Range A",,,,55428,67392,,51206,42,0,711,51959,9207,0,0,1411,10618,2.00% @ 55,https://www.calhr.ca.gov,,07/01/2014,,,,
2010,State Department,"Health Care Services, Department of",,"Nurse Evaluator II, Health Services",,,,59004,75228,,51950,0,0,0,51950,10024,0,0,9128,19153,2.00% @ 55,https://www.calhr.ca.gov,,07/01/2014,,,,
2010,State Department,"Health Care Services, Department of",,Research Program Specialist I,,,,57996,70488,,51926,0,0,0,51926,7167,0,0,553,7720,2.00% @ 55,https://www.calhr.ca.gov,,07/01/2014,,,,
2010,State Department,"Health Care Services, Department of",,"Associate Information Systems Analyst (Specialist), Range A",,,,55428,70764,,51897,0,0,0,51897,9966,0,0,9575,19540,2.00% @ 55,https://www.calhr.ca.gov,,07/01/2014,,,,
2010,State Department,"Health Care Services, Department of",,"Staff Programmer Analyst (Specialist), Range A",,,,60780,77592,,51762,63,0,0,51825,9541,0,0,5055,14596,2.00% @ 55,https://www.calhr.ca.gov,,07/01/2014,,,,
2010,State Department,"Health Care Services, Department of",,Research Scientist I (Social/Behavioral Sciences),,,,57996,69972,,51818,0,0,0,51818,10239,0,0,13625,23864,2.00% @ 55,https://www.calhr.ca.gov,,07/01/2014,,,,
2010,State Department,"Health Care Services, Department of",,"Associate Governmental Program Analyst, Range A",,,,52800,64176,,51749,0,0,0,51749,10099,0,0,13625,23724,2.00% @ 55,https://www.calhr.ca.gov,,07/01/2014,,,,
2010,State Department,"Health Care Services, Department of",,"Associate Governmental Program Analyst, Range A",,,,52800,64176,,51720,0,0,0,51720,9348,0,0,2527,11875,2.00% @ 55,https://www.calhr.ca.gov,,07/01/2014,,,,
2010,State Department,"Health Care Services, Department of",,Research Program Specialist I,,,,57996,70488,,51142,0,0,500,51642,10671,0,0,10041,20712,2.00% @ 55,https://www.calhr.ca.gov,,07/01/2014,,,,
2010,State Department,"Health Care Services, Department of",,Staff Services Manager I,,,,60948,73524,,51625,0,0,0,51625,9696,0,0,4697,14393,2.00% @ 55,https://www.calhr.ca.gov,,07/01/2014,,,,
2010,State Department,"Health Care Services, Department of",,"Associate Governmental Program Analyst, Range A",,,,52800,64176,,51621,0,0,0,51621,9517,0,0,5313,14831,1.25% @ 65,https://www.calhr.ca.gov,,07/01/2014,,,,
2010,State Department,"Health Care Services, Department of",,Health Program Specialist I,,,,57996,70488,,48843,0,1608,1152,51604,9312,0,0,3556,12868,2.00% @ 55,https://www.calhr.ca.gov,,07/01/2014,,,,
2010,State Department,"Health Care Services, Department of",,"Associate Governmental Program Analyst, Range A",,,,52800,64176,,51584,0,0,0,51584,9277,0,0,1891,11168,2.00% @ 55,https://www.calhr.ca.gov,,07/01/2014,,,,
2010,State Department,"Health Care Services, Department of",,"Health Program Auditor III, Department Of Health Services",,,,55428,70764,,51576,0,0,0,51576,9638,0,0,5313,14951,2.00% @ 55,https://www.calhr.ca.gov,,07/01/2014,,,,
2010,State Department,"Health Care Services, Department of",,"Medical Consultant I, Department Of Health Services, Range C",,,,112776,154728,,51560,0,0,0,51560,2217,0,0,354,2571,2.00% @ 55,https://www.calhr.ca.gov,,07/01/2014,,,,
2010,State Department,"Health Care Services, Department of",,Staff Services Manager I,,,,60948,73524,,51529,0,0,0,51529,9092,0,0,1916,11008,2.00% @ 55,https://www.calhr.ca.gov,,07/01/2014,,,,
2010,State Department,"Health Care Services, Department of",,"Associate Governmental Program Analyst, Range A",,,,52800,64176,,51524,0,0,0,51524,9882,0,0,10403,20285,2.00% @ 55,https://www.calhr.ca.gov,,07/01/2014,,,,
2010,State Department,"Health Care Services, Department of",,"Research Analyst II -General-, Range A",,,,55428,67392,,51515,0,0,0,51515,10196,0,0,13625,23821,2.00% @ 55,https://www.calhr.ca.gov,,07/01/2014,,,,
2010,State Department,"Health Care Services, Department of",,"Nurse Evaluator II, Health Services",,,,59004,75228,,51509,0,0,0,51509,9733,0,0,13628,23362,2.00% @ 55,https://www.calhr.ca.gov,,07/01/2014,,,,
2010,State Department,"Health Care Services, Department of",,"Health Program Auditor III, Department Of Health Services",,,,55428,70764,,51494,0,0,0,51494,9602,0,0,5313,14916,2.00% @ 55,https://www.calhr.ca.gov,,07/01/2014,,,,
2010,State Department,"Health Care Services, Department of",,"Associate Governmental Program Analyst, Range A",,,,52800,64176,,51460,0,0,0,51460,9818,0,0,5313,15132,2.00% @ 55,https://www.calhr.ca.gov,,07/01/2014,,,,
2010,State Department,"Health Care Services, Department of",,"Associate Governmental Program Analyst, Range A",,,,52800,64176,,51438,0,0,0,51438,9066,0,0,1811,10876,2.00% @ 55,https://www.calhr.ca.gov,,07/01/2014,,,,
2010,State Department,"Health Care Services, Department of",,"Pharmaceutical Consultant I, Department Of Health Services",,,,62004,89508,,51436,0,0,0,51436,0,0,0,3973,3973,Alternate Retirement Plan (ARP),https://www.calhr.ca.gov,,07/01/2014,,,,
2010,State Department,"Health Care Services, Department of",,"Associate Information Systems Analyst (Specialist), Range A",,,,55428,70764,,51411,0,0,0,51411,9604,0,0,5313,14917,2.00% @ 55,https://www.calhr.ca.gov,,07/01/2014,,,,
2010,State Department,"Health Care Services, Department of",,"Associate Accounting Analyst, Range A",,,,55428,67392,,51314,0,0,0,51314,9828,0,0,1811,11638,2.00% @ 55,https://www.calhr.ca.gov,,07/01/2014,,,,
2010,State Department,"Health Care Services, Department of",,"Health Program Auditor III, Department Of Health Services",,,,55428,70764,,51264,0,0,0,51264,9575,0,0,5313,14888,2.00% @ 55,https://www.calhr.ca.gov,,07/01/2014,,,,
2010,State Department,"Health Care Services, Department of",,"Nurse Evaluator II, Health Services",,,,59004,75228,,51252,0,0,0,51252,8914,0,0,2963,11877,1.25% @ 65,https://www.calhr.ca.gov,,07/01/2014,,,,
2010,State Department,"Health Care Services, Department of",,"Attorney, Range B",,,,56136,61644,,51229,0,0,0,51229,5277,0,0,5288,10566,2.00% @ 55,https://www.calhr.ca.gov,,07/01/2014,,,,
2010,State Department,"Health Care Services, Department of",,"Nurse Evaluator II, Health Services",,,,59004,75228,,50411,0,810,0,51221,8330,0,0,2474,10804,2.00% @ 55,https://www.calhr.ca.gov,,07/01/2014,,,,
2010,State Department,"Health Care Services, Department of",,"Health Program Auditor III, Department Of Health Services",,,,55428,70764,,51204,0,0,0,51204,9111,0,0,2855,11966,2.00% @ 55,https://www.calhr.ca.gov,,07/01/2014,,,,
2010,State Department,"Health Care Services, Department of",,"Administrative Assistant II, Range A",,,,52800,64176,,51202,0,0,0,51202,9569,0,0,5313,14882,2.00% @ 55,https://www.calhr.ca.gov,,07/01/2014,,,,
2010,State Department,"Health Care Services, Department of",,Staff Services Manager I,,,,60948,73524,,50390,766,0,0,51156,9647,0,0,5703,15350,2.00% @ 55,https://www.calhr.ca.gov,,07/01/2014,,,,
2010,State Department,"Health Care Services, Department of",,Staff Services Manager I,,,,60948,73524,,51145,0,0,0,51145,9519,0,0,5556,15075,2.00% @ 55,https://www.calhr.ca.gov,,07/01/2014,,,,
2010,State Department,"Health Care Services, Department of",,"Associate Information Systems Analyst (Specialist), Range A",,,,55428,70764,,51138,0,0,0,51138,9531,0,0,5055,14586,2.00% @ 55,https://www.calhr.ca.gov,,07/01/2014,,,,
2010,State Department,"Health Care Services, Department of",,"Research Analyst II -General-, Range A",,,,55428,67392,,51129,0,0,0,51129,9675,0,0,13607,23282,2.00% @ 55,https://www.calhr.ca.gov,,07/01/2014,,,,
2010,State Department,"Health Care Services, Department of",,"Health Program Auditor III, Department Of Health Services",,,,55428,70764,,51119,0,0,0,51119,9455,0,0,5243,14698,2.00% @ 55,https://www.calhr.ca.gov,,07/01/2014,,,,
2010,State Department,"Health Care Services, Department of",,"Accounting Officer (Specialist), Range A",,,,46092,56040,,50196,404,0,500,51100,8967,0,0,1811,10778,2.00% @ 55,https://www.calhr.ca.gov,,07/01/2014,,,,
2010,State Department,"Health Care Services, Department of",,"Staff Information Systems Analyst (Specialist), Range A",,,,60780,77592,,51076,0,0,0,51076,8859,0,0,5055,13914,2.00% @ 55,https://www.calhr.ca.gov,,07/01/2014,,,,
2010,State Department,"Health Care Services, Department of",,"Associate Governmental Program Analyst, Range A",,,,52800,64176,,51074,0,0,0,51074,9715,0,0,5313,15028,2.00% @ 55,https://www.calhr.ca.gov,,07/01/2014,,,,
2010,State Department,"Health Care Services, Department of",,"Health Program Auditor III, Department Of Health Services",,,,55428,70764,,51022,0,0,0,51022,9572,0,0,5313,14885,2.00% @ 55,https://www.calhr.ca.gov,,07/01/2014,,,,
2010,State Department,"Health Care Services, Department of",,Staff Services Manager I,,,,60948,73524,,51012,0,0,0,51012,9994,0,0,10844,20838,2.00% @ 55,https://www.calhr.ca.gov,,07/01/2014,,,,
2010,State Department,"Health Care Services, Department of",,"Health Program Auditor III, Department Of Health Services",,,,55428,70764,,51960,0,0,-995,50965,10581,0,0,13607,24188,2.00% @ 55,https://www.calhr.ca.gov,,07/01/2014,,,,
2010,State Department,"Health Care Services, Department of",,"Associate Information Systems Analyst (Specialist), Range A",,,,55428,70764,,47060,0,4254,-360,50954,8892,0,0,10784,19676,2.00% @ 55,https://www.calhr.ca.gov,,07/01/2014,,,,
2010,State Department,"Health Care Services, Department of",,Staff Services Manager I,,,,60948,73524,,49699,212,0,1025,50937,9487,0,0,4675,14163,2.00% @ 55,https://www.calhr.ca.gov,,07/01/2014,,,,
2010,State Department,"Health Care Services, Department of",,"Health Program Auditor III, Department Of Health Services",,,,55428,70764,,50904,0,0,0,50904,9638,0,0,13625,23262,2.00% @ 55,https://www.calhr.ca.gov,,07/01/2014,,,,
2010,State Department,"Health Care Services, Department of",,"Research Analyst II -General-, Range A",,,,55428,67392,,50716,0,0,0,50716,9803,0,0,12891,22695,2.00% @ 55,https://www.calhr.ca.gov,,07/01/2014,,,,
2010,State Department,"Health Care Services, Department of",,"Research Analyst II -General-, Range A",,,,55428,67392,,50707,0,0,0,50707,9463,0,0,5243,14706,2.00% @ 55,https://www.calhr.ca.gov,,07/01/2014,,,,
2010,State Department,"Health Care Services, Department of",,"Associate Health Program Adviser, Range A",,,,52800,64176,,50704,0,0,0,50704,10029,0,0,13625,23653,2.00% @ 55,https://www.calhr.ca.gov,,07/01/2014,,,,
2010,State Department,"Health Care Services, Department of",,"Pharmaceutical Consultant II, Department Of Health Services (Specialist)",,,,68076,98472,,50678,0,0,0,50678,9535,0,0,5312,14848,2.00% @ 55,https://www.calhr.ca.gov,,07/01/2014,,,,
2010,State Department,"Health Care Services, Department of",,Hearing Conservation Specialist,,,,59172,81576,,50669,0,0,0,50669,10285,0,0,13628,23914,2.00% @ 55,https://www.calhr.ca.gov,,07/01/2014,,,,
2010,State Department,"Health Care Services, Department of",,"Associate Accounting Analyst, Range A",,,,55428,67392,,48722,1599,0,345,50666,9586,0,0,10403,19989,2.00% @ 55,https://www.calhr.ca.gov,,07/01/2014,,,,
2010,State Department,"Health Care Services, Department of",,"Health Program Auditor III, Department Of Health Services",,,,55428,70764,,50647,0,0,0,50647,10712,0,0,13625,24337,2.00% @ 55,https://www.calhr.ca.gov,,07/01/2014,,,,
2010,State Department,"Health Care Services, Department of",,"Health Program Auditor III, Department Of Health Services",,,,55428,70764,,50641,0,0,0,50641,9349,0,0,5313,14662,1.25% @ 65,https://www.calhr.ca.gov,,07/01/2014,,,,
2010,State Department,"Health Care Services, Department of",,"Nurse Evaluator II, Health Services",,,,59004,75228,,50638,0,0,0,50638,9630,0,0,5312,14942,2.00% @ 55,https://www.calhr.ca.gov,,07/01/2014,,,,
2010,State Department,"Health Care Services, Department of",,"Associate Governmental Program Analyst, Range A",,,,52800,64176,,50616,0,0,0,50616,9766,0,0,10403,20169,2.00% @ 55,https://www.calhr.ca.gov,,07/01/2014,,,,
2010,State Department,"Health Care Services, Department of",,"Health Program Auditor III, Department Of Health Services",,,,55428,70764,,50582,0,0,0,50582,9714,0,0,9825,19539,2.00% @ 55,https://www.calhr.ca.gov,,07/01/2014,,,,
2010,State Department,"Health Care Services, Department of",,"Associate Governmental Program Analyst, Range A",,,,52800,64176,,50549,0,0,0,50549,9371,0,0,10403,19775,1.25% @ 65,https://www.calhr.ca.gov,,07/01/2014,,,,
2010,State Department,"Health Care Services, Department of",,"Assistant Information Systems Analyst, Range C",,,,46092,58836,,50425,0,0,0,50425,9293,0,0,5313,14606,1.25% @ 65,https://www.calhr.ca.gov,,07/01/2014,,,,
2010,State Department,"Health Care Services, Department of",,"Health Program Auditor III, Department Of Health Services",,,,55428,70764,,50407,0,0,0,50407,9715,0,0,10403,20118,2.00% @ 55,https://www.calhr.ca.gov,,07/01/2014,,,,
2010,State Department,"Health Care Services, Department of",,"Associate Governmental Program Analyst, Range A",,,,52800,64176,,50391,0,0,0,50391,9883,0,0,13607,23490,2.00% @ 55,https://www.calhr.ca.gov,,07/01/2014,,,,
2010,State Department,"Health Care Services, Department of",,Senior Accounting Officer (Supervisor),,,,55464,66912,,50025,131,0,232,50388,9429,0,0,5636,15066,1.25% @ 65,https://www.calhr.ca.gov,,07/01/2014,,,,
2010,State Department,"Health Care Services, Department of",,"Associate Governmental Program Analyst, Range A",,,,52800,64176,,50280,0,0,0,50280,9281,0,0,5243,14524,2.00% @ 55,https://www.calhr.ca.gov,,07/01/2014,,,,
2010,State Department,"Health Care Services, Department of",,"Health Program Auditor III, Department Of Health Services",,,,55428,70764,,50265,0,0,0,50265,9490,0,0,5055,14545,2.00% @ 55,https://www.calhr.ca.gov,,07/01/2014,,,,
2010,State Department,"Health Care Services, Department of",,"Health Program Auditor III, Department Of Health Services",,,,55428,70764,,50258,0,0,0,50258,9531,0,0,5243,14775,2.00% @ 55,https://www.calhr.ca.gov,,07/01/2014,,,,
2010,State Department,"Health Care Services, Department of",,"Associate Governmental Program Analyst, Range A",,,,52800,64176,,50231,0,0,0,50231,9715,0,0,10403,20118,2.00% @ 55,https://www.calhr.ca.gov,,07/01/2014,,,,
2010,State Department,"Health Care Services, Department of",,"Staff Programmer Analyst (Specialist), Range A",,,,60780,77592,,50213,0,0,0,50213,10046,0,0,13607,23653,2.00% @ 55,https://www.calhr.ca.gov,,07/01/2014,,,,
2010,State Department,"Health Care Services, Department of",,"Associate Governmental Program Analyst, Range A",,,,52800,64176,,49712,0,0,500,50212,9285,0,0,5313,14598,2.00% @ 55,https://www.calhr.ca.gov,,07/01/2014,,,,
2010,State Department,"Health Care Services, Department of",,"Staff Information Systems Analyst (Specialist), Range A",,,,60780,77592,,37599,0,12612,0,50211,6195,0,0,1056,7251,2.00% @ 55,https://www.calhr.ca.gov,,07/01/2014,,,,
2010,State Department,"Health Care Services, Department of",,"Associate Governmental Program Analyst, Range A",,,,52800,64176,,50157,0,0,0,50157,9593,0,0,10403,19996,2.00% @ 55,https://www.calhr.ca.gov,,07/01/2014,,,,
2010,State Department,"Health Care Services, Department of",,"Associate Governmental Program Analyst, Range A",,,,52800,64176,,50105,0,0,0,50105,9767,0,0,10403,20170,2.00% @ 55,https://www.calhr.ca.gov,,07/01/2014,,,,
2010,State Department,"Health Care Services, Department of",,Associate Administrative Analyst -Accounting Systems-,,,,55428,67392,,49481,224,0,392,50097,9245,0,0,5313,14559,2.00% @ 55,https://www.calhr.ca.gov,,07/01/2014,,,,
2010,State Department,"Health Care Services, Department of",,Information Systems Technician Specialist II,,,,50388,64320,,49987,0,0,99,50086,9787,0,0,10403,20190,2.00% @ 55,https://www.calhr.ca.gov,,07/01/2014,,,,
2010,State Department,"Health Care Services, Department of",,Associate Medi-Cal Eligibility Analyst,,,,52800,64176,,50070,0,0,0,50070,9569,0,0,10360,19928,2.00% @ 55,https://www.calhr.ca.gov,,07/01/2014,,,,
2010,State Department,"Health Care Services, Department of",,"Research Analyst II -General-, Range A",,,,55428,67392,,50032,0,0,0,50032,9490,0,0,13625,23115,2.00% @ 55,https://www.calhr.ca.gov,,07/01/2014,,,,
2010,State Department,"Health Care Services, Department of",,Associate Medi-Cal Eligibility Analyst,,,,52800,64176,,50017,0,0,0,50017,9423,0,0,5055,14478,2.00% @ 55,https://www.calhr.ca.gov,,07/01/2014,,,,
2010,State Department,"Health Care Services, Department of",,"Associate Governmental Program Analyst, Range A",,,,52800,64176,,50017,0,0,0,50017,9744,0,0,13625,23369,2.00% @ 55,https://www.calhr.ca.gov,,07/01/2014,,,,
2010,State Department,"Health Care Services, Department of",,"Health Program Auditor III, Department Of Health Services",,,,55428,70764,,50004,0,0,0,50004,9212,0,0,5046,14257,2.00% @ 55,https://www.calhr.ca.gov,,07/01/2014,,,,
2010,State Department,"Health Care Services, Department of",,"Associate Governmental Program Analyst, Range A",,,,52800,64176,,49983,0,0,0,49983,9315,0,0,5313,14628,2.00% @ 55,https://www.calhr.ca.gov,,07/01/2014,,,,
2010,State Department,"Health Care Services, Department of",,"Associate Governmental Program Analyst, Range A",,,,52800,64176,,49943,0,0,0,49943,8832,0,0,2133,10966,2.00% @ 55,https://www.calhr.ca.gov,,07/01/2014,,,,
2010,State Department,"Health Care Services, Department of",,"Associate Governmental Program Analyst, Range A",,,,52800,64176,,49939,0,0,0,49939,8775,0,0,1811,10585,2.00% @ 55,https://www.calhr.ca.gov,,07/01/2014,,,,
2010,State Department,"Health Care Services, Department of",,"Associate Governmental Program Analyst, Range A",,,,52800,64176,,49939,0,0,0,49939,8775,0,0,1811,10585,2.00% @ 55,https://www.calhr.ca.gov,,07/01/2014,,,,
2010,State Department,"Health Care Services, Department of",,"Associate Governmental Program Analyst, Range A",,,,52800,64176,,49939,0,0,0,49939,7492,0,0,1811,9303,2.00% @ 55,https://www.calhr.ca.gov,,07/01/2014,,,,
2010,State Department,"Health Care Services, Department of",,"Associate Governmental Program Analyst, Range A",,,,52800,64176,,49939,0,0,0,49939,6178,0,0,1811,7988,2.00% @ 55,https://www.calhr.ca.gov,,07/01/2014,,,,
2010,State Department,"Health Care Services, Department of",,"Research Analyst II -General-, Range A",,,,55428,67392,,49927,0,0,0,49927,9575,0,0,7463,17038,2.00% @ 55,https://www.calhr.ca.gov,,07/01/2014,,,,
2010,State Department,"Health Care Services, Department of",,"Tax Compliance Representative, Range C",,,,46092,56040,,49897,0,0,0,49897,8967,0,0,2133,11100,2.00% @ 55,https://www.calhr.ca.gov,,07/01/2014,,,,
2010,State Department,"Health Care Services, Department of",,"Nurse Evaluator II, Health Services",,,,59004,75228,,49840,0,0,0,49840,8464,0,0,2563,11026,2.00% @ 55,https://www.calhr.ca.gov,,07/01/2014,,,,
2010,State Department,"Health Care Services, Department of",,Information Systems Technician Specialist II,,,,50388,64320,,49522,46,0,238,49806,9990,0,0,13451,23441,2.00% @ 55,https://www.calhr.ca.gov,,07/01/2014,,,,
2010,State Department,"Health Care Services, Department of",,"Nurse Evaluator II, Health Services",,,,59004,75228,,49754,0,0,0,49754,9440,0,0,4416,13856,2.00% @ 55,https://www.calhr.ca.gov,,07/01/2014,,,,
2010,State Department,"Health Care Services, Department of",,"Associate Governmental Program Analyst, Range A",,,,52800,64176,,49751,0,0,0,49751,9893,0,0,10403,20296,2.00% @ 55,https://www.calhr.ca.gov,,07/01/2014,,,,
2010,State Department,"Health Care Services, Department of",,"Associate Governmental Program Analyst, Range A",,,,52800,64176,,49705,0,0,0,49705,9203,0,0,5464,14667,2.00% @ 55,https://www.calhr.ca.gov,,07/01/2014,,,,
2010,State Department,"Health Care Services, Department of",,"Tax Compliance Representative, Range C",,,,46092,56040,,49691,0,0,0,49691,8967,0,0,2749,11716,2.00% @ 55,https://www.calhr.ca.gov,,07/01/2014,,,,
2010,State Department,"Health Care Services, Department of",,"Health Program Auditor III, Department Of Health Services",,,,55428,70764,,49606,0,0,0,49606,9144,0,0,5055,14199,2.00% @ 55,https://www.calhr.ca.gov,,07/01/2014,,,,
2010,State Department,"Health Care Services, Department of",,"Nurse Evaluator II, Health Services",,,,59004,75228,,49604,0,0,0,49604,9581,0,0,10400,19982,2.00% @ 55,https://www.calhr.ca.gov,,07/01/2014,,,,
2010,State Department,"Health Care Services, Department of",,"Associate Information Systems Analyst (Specialist), Range A",,,,55428,70764,,49060,0,0,500,49560,8699,0,0,2452,11150,2.00% @ 55,https://www.calhr.ca.gov,,07/01/2014,,,,
2010,State Department,"Health Care Services, Department of",,"Pharmaceutical Consultant I, Department Of Health Services",,,,62004,89508,,49548,0,0,0,49548,8689,0,0,1991,10680,2.00% @ 55,https://www.calhr.ca.gov,,07/01/2014,,,,
2010,State Department,"Health Care Services, Department of",,"Associate Governmental Program Analyst, Range A",,,,52800,64176,,49534,0,0,0,49534,9777,0,0,10403,20181,2.00% @ 55,https://www.calhr.ca.gov,,07/01/2014,,,,
2010,State Department,"Health Care Services, Department of",,"Nurse Evaluator II, Health Services",,,,59004,75228,,49526,0,0,0,49526,10059,0,0,4870,14929,2.00% @ 55,https://www.calhr.ca.gov,,07/01/2014,,,,
2010,State Department,"Health Care Services, Department of",,"Associate Governmental Program Analyst, Range A",,,,52800,64176,,49519,0,0,0,49519,8775,0,0,2495,11270,2.00% @ 55,https://www.calhr.ca.gov,,07/01/2014,,,,
2010,State Department,"Health Care Services, Department of",,"Associate Programmer Analyst (Specialist), Range A",,,,55428,70764,,49515,0,0,0,49515,9814,0,0,5313,15127,2.00% @ 55,https://www.calhr.ca.gov,,07/01/2014,,,,
2010,State Department,"Health Care Services, Department of",,"Training Officer I, Range A",,,,52800,64176,,49466,0,0,28,49494,9545,0,0,10781,20325,2.00% @ 55,https://www.calhr.ca.gov,,07/01/2014,,,,
2010,State Department,"Health Care Services, Department of",,"Health Program Auditor III, Department Of Health Services",,,,55428,70764,,49434,0,0,0,49434,9939,0,0,10403,20342,2.00% @ 55,https://www.calhr.ca.gov,,07/01/2014,,,,
2010,State Department,"Health Care Services, Department of",,"Health Program Auditor III, Department Of Health Services",,,,55428,70764,,49398,0,0,0,49398,9212,0,0,5243,14455,2.00% @ 55,https://www.calhr.ca.gov,,07/01/2014,,,,
2010,State Department,"Health Care Services, Department of",,"Associate Governmental Program Analyst, Range A",,,,52800,64176,,49393,0,0,0,49393,8775,0,0,2873,11647,2.00% @ 55,https://www.calhr.ca.gov,,07/01/2014,,,,
2010,State Department,"Health Care Services, Department of",,"Associate Governmental Program Analyst, Range A",,,,52800,64176,,49393,0,0,0,49393,8775,0,0,2873,11647,2.00% @ 55,https://www.calhr.ca.gov,,07/01/2014,,,,
2010,State Department,"Health Care Services, Department of",,"Associate Governmental Program Analyst, Range A",,,,52800,64176,,49387,0,0,0,49387,9180,0,0,2873,12053,2.00% @ 55,https://www.calhr.ca.gov,,07/01/2014,,,,
2010,State Department,"Health Care Services, Department of",,"Fraud Investigator, Department Of Health Services, Range B",,,,53448,67572,,48227,276,0,845,49348,13504,0,0,5012,18516,3.00% @ 50,https://www.calhr.ca.gov,,07/01/2014,,,,
2010,State Department,"Health Care Services, Department of",,Associate Health Program Adviser,,,,52800,64176,,49313,0,0,0,49313,9065,0,0,5243,14308,2.00% @ 55,https://www.calhr.ca.gov,,07/01/2014,,,,
2010,State Department,"Health Care Services, Department of",,"Nurse Evaluator II, Health Services",,,,59004,75228,,49282,0,0,0,49282,8700,0,0,3276,11976,2.00% @ 55,https://www.calhr.ca.gov,,07/01/2014,,,,
2010,State Department,"Health Care Services, Department of",,"Health Program Auditor III, Department Of Health Services",,,,55428,70764,,49275,0,0,0,49275,9111,0,0,5243,14354,2.00% @ 55,https://www.calhr.ca.gov,,07/01/2014,,,,
2010,State Department,"Health Care Services, Department of",,"Health Program Auditor III, Department Of Health Services",,,,55428,70764,,49251,0,0,0,49251,9111,0,0,5313,14424,2.00% @ 55,https://www.calhr.ca.gov,,07/01/2014,,,,
2010,State Department,"Health Care Services, Department of",,"Associate Accounting Analyst, Range A",,,,55428,67392,,49198,0,0,0,49198,9490,0,0,13607,23098,2.00% @ 55,https://www.calhr.ca.gov,,07/01/2014,,,,
2010,State Department,"Health Care Services, Department of",,"Health Program Auditor III, Department Of Health Services",,,,55428,70764,,27878,0,21311,0,49190,4820,0,0,2527,7347,2.00% @ 55,https://www.calhr.ca.gov,,07/01/2014,,,,
2010,State Department,"Health Care Services, Department of",,"Associate Governmental Program Analyst, Range A",,,,52800,64176,,49172,0,0,0,49172,9710,0,0,13625,23335,2.00% @ 55,https://www.calhr.ca.gov,,07/01/2014,,,,
2010,State Department,"Health Care Services, Department of",,"Associate Governmental Program Analyst, Range A",,,,52800,64176,,49107,0,0,0,49107,8624,0,0,1811,10435,2.00% @ 55,https://www.calhr.ca.gov,,07/01/2014,,,,
2010,State Department,"Health Care Services, Department of",,"Associate Personnel Analyst, Range A",,,,52800,64176,,49058,0,0,0,49058,9518,0,0,10844,20362,2.00% @ 55,https://www.calhr.ca.gov,,07/01/2014,,,,
2010,State Department,"Health Care Services, Department of",,Public Health Social Work Consultant III,,,,55068,72252,,39216,0,9839,0,49055,6820,0,0,3542,10361,2.00% @ 55,https://www.calhr.ca.gov,,07/01/2014,,,,
2010,State Department,"Health Care Services, Department of",,"Health Program Auditor III, Department Of Health Services",,,,55428,70764,,49040,0,0,0,49040,9144,0,0,5055,14199,2.00% @ 55,https://www.calhr.ca.gov,,07/01/2014,,,,
2010,State Department,"Health Care Services, Department of",,Senior Tax Compliance Representative (Specialist),,,,55428,67392,,49028,0,0,0,49028,9714,0,0,13625,23339,2.00% @ 55,https://www.calhr.ca.gov,,07/01/2014,,,,
2010,State Department,"Health Care Services, Department of",,"Health Program Auditor III, Department Of Health Services",,,,55428,70764,,49017,0,0,0,49017,9212,0,0,5313,14525,2.00% @ 55,https://www.calhr.ca.gov,,07/01/2014,,,,
2010,State Department,"Health Care Services, Department of",,"Accounting Officer (Specialist), Range A",,,,46092,56040,,48023,815,0,175,49013,8997,0,0,5174,14171,2.00% @ 55,https://www.calhr.ca.gov,,07/01/2014,,,,
2010,State Department,"Health Care Services, Department of",,"Nurse Consultant III (Specialist), Range A",,,,71436,91728,,49013,0,0,0,49013,8807,0,0,2796,11602,2.00% @ 55,https://www.calhr.ca.gov,,07/01/2014,,,,
2010,State Department,"Health Care Services, Department of",,"Associate Governmental Program Analyst, Range A",,,,52800,64176,,48376,0,0,612,48988,9317,0,0,13625,22942,2.00% @ 55,https://www.calhr.ca.gov,,07/01/2014,,,,
2010,State Department,"Health Care Services, Department of",,"Associate Governmental Program Analyst, Range A",,,,52800,64176,,48988,0,0,0,48988,9146,0,0,5313,14460,2.00% @ 55,https://www.calhr.ca.gov,,07/01/2014,,,,
2010,State Department,"Health Care Services, Department of",,"Associate Governmental Program Analyst, Range A",,,,52800,64176,,48965,0,0,0,48965,9615,0,0,13625,23239,1.25% @ 65,https://www.calhr.ca.gov,,07/01/2014,,,,
2010,State Department,"Health Care Services, Department of",,"Associate Governmental Program Analyst, Range A",,,,52800,64176,,48961,0,0,0,48961,8609,0,0,1811,10420,2.00% @ 55,https://www.calhr.ca.gov,,07/01/2014,,,,
2010,State Department,"Health Care Services, Department of",,"Associate Governmental Program Analyst, Range A",,,,52800,64176,,48945,0,0,0,48945,9066,0,0,5313,14379,2.00% @ 55,https://www.calhr.ca.gov,,07/01/2014,,,,
2010,State Department,"Health Care Services, Department of",,"Associate Governmental Program Analyst, Range A",,,,52800,64176,,48945,0,0,0,48945,9066,0,0,5313,14379,2.00% @ 55,https://www.calhr.ca.gov,,07/01/2014,,,,
2010,State Department,"Health Care Services, Department of",,"Associate Personnel Analyst, Range A",,,,52800,64176,,48917,0,0,0,48917,9518,0,0,14084,23602,2.00% @ 55,https://www.calhr.ca.gov,,07/01/2014,,,,
2010,State Department,"Health Care Services, Department of",,"Health Program Auditor III, Department Of Health Services",,,,55428,70764,,48884,0,0,0,48884,9144,0,0,5313,14458,2.00% @ 55,https://www.calhr.ca.gov,,07/01/2014,,,,
2010,State Department,"Health Care Services, Department of",,"Associate Governmental Program Analyst, Range A",,,,52800,64176,,48873,0,0,0,48873,9639,0,0,12203,21842,2.00% @ 55,https://www.calhr.ca.gov,,07/01/2014,,,,
2010,State Department,"Health Care Services, Department of",,Staff Services Manager I,,,,60948,73524,,25709,0,23150,0,48860,4465,0,0,4518,8983,2.00% @ 55,https://www.calhr.ca.gov,,07/01/2014,,,,
2010,State Department,"Health Care Services, Department of",,"Associate Information Systems Analyst (Specialist), Range A",,,,55428,70764,,48841,0,0,0,48841,0,0,0,5055,5055,Alternate Retirement Plan (ARP),https://www.calhr.ca.gov,,07/01/2014,,,,
2010,State Department,"Health Care Services, Department of",,Staff Services Manager I,,,,60948,73524,,44810,0,0,3989,48799,8378,0,0,7265,15643,1.25% @ 65,https://www.calhr.ca.gov,,07/01/2014,,,,
2010,State Department,"Health Care Services, Department of",,"Fraud Investigator, Department Of Health Services, Range C",,,,58656,74328,,20629,0,28164,0,48793,5720,0,0,3259,8979,3.00% @ 50,https://www.calhr.ca.gov,,07/01/2014,,,,
2010,State Department,"Health Care Services, Department of",,"Health Program Auditor III, Department Of Health Services",,,,55428,70764,,48782,0,0,0,48782,8993,0,0,5243,14236,2.00% @ 55,https://www.calhr.ca.gov,,07/01/2014,,,,
2010,State Department,"Health Care Services, Department of",,"Health Program Auditor III, Department Of Health Services",,,,55428,70764,,48778,0,0,0,48778,9144,0,0,5632,14776,2.00% @ 55,https://www.calhr.ca.gov,,07/01/2014,,,,
2010,State Department,"Health Care Services, Department of",,"Nurse Evaluator II, Health Services",,,,59004,75228,,48814,0,0,-44,48770,5158,0,0,5312,10471,2.00% @ 55,https://www.calhr.ca.gov,,07/01/2014,,,,
2010,State Department,"Health Care Services, Department of",,"Research Analyst II -General-, Range A",,,,55428,67392,,47873,0,0,866,48739,8877,0,0,2873,11750,2.00% @ 55,https://www.calhr.ca.gov,,07/01/2014,,,,
2010,State Department,"Health Care Services, Department of",,"Associate Business Management Analyst, Range A",,,,52800,64176,,48369,152,0,203,48724,5925,0,0,1811,7736,2.00% @ 55,https://www.calhr.ca.gov,,07/01/2014,,,,
2010,State Department,"Health Care Services, Department of",,"Staff Services Analyst (General), Range C",,,,43896,53352,,48669,0,0,0,48669,8537,0,0,1811,10347,2.00% @ 55,https://www.calhr.ca.gov,,07/01/2014,,,,
2010,State Department,"Health Care Services, Department of",,"Staff Services Analyst (General), Range C",,,,43896,53352,,48669,0,0,0,48669,8537,0,0,1811,10347,2.00% @ 55,https://www.calhr.ca.gov,,07/01/2014,,,,
2010,State Department,"Health Care Services, Department of",,"Health Program Auditor III, Department Of Health Services",,,,55428,70764,,48642,0,0,0,48642,9077,0,0,5055,14132,2.00% @ 55,https://www.calhr.ca.gov,,07/01/2014,,,,
2010,State Department,"Health Care Services, Department of",,"Research Analyst II -General-, Range A",,,,55428,67392,,47627,0,0,993,48620,9681,0,0,13625,23306,2.00% @ 55,https://www.calhr.ca.gov,,07/01/2014,,,,
2010,State Department,"Health Care Services, Department of",,"Associate Governmental Program Analyst, Range A",,,,52800,64176,,48108,0,0,500,48608,9412,0,0,9085,18497,2.00% @ 55,https://www.calhr.ca.gov,,07/01/2014,,,,
2010,State Department,"Health Care Services, Department of",,"Attorney, Range B",,,,56136,61644,,48596,0,0,0,48596,0,0,0,5288,5288,Alternate Retirement Plan (ARP),https://www.calhr.ca.gov,,07/01/2014,,,,
2010,State Department,"Health Care Services, Department of",,"Health Program Auditor III, Department Of Health Services",,,,55428,70764,,48579,0,0,0,48579,8971,0,0,5055,14025,2.00% @ 55,https://www.calhr.ca.gov,,07/01/2014,,,,
2010,State Department,"Health Care Services, Department of",,"Nurse Consultant III (Specialist), Range A",,,,71436,91728,,45622,0,2953,0,48575,7798,0,0,3099,10897,2.00% @ 55,https://www.calhr.ca.gov,,07/01/2014,,,,
2010,State Department,"Health Care Services, Department of",,Health Program Specialist II,,,,63708,77412,,15768,0,32768,0,48536,2818,0,0,3406,6224,2.00% @ 55,https://www.calhr.ca.gov,,07/01/2014,,,,
2010,State Department,"Health Care Services, Department of",,"Research Analyst II -General-, Range A",,,,55428,67392,,48510,0,0,0,48510,9077,0,0,5243,14320,2.00% @ 55,https://www.calhr.ca.gov,,07/01/2014,,,,
2010,State Department,"Health Care Services, Department of",,"Research Analyst II -General-, Range A",,,,55428,67392,,48485,0,0,0,48485,9111,0,0,10403,19514,2.00% @ 55,https://www.calhr.ca.gov,,07/01/2014,,,,
2010,State Department,"Health Care Services, Department of",,"Health Program Auditor III, Department Of Health Services",,,,55428,70764,,48466,0,0,0,48466,9428,0,0,10403,19831,2.00% @ 55,https://www.calhr.ca.gov,,07/01/2014,,,,
2010,State Department,"Health Care Services, Department of",,Staff Services Manager I,,,,60948,73524,,48441,0,0,0,48441,9442,0,0,13931,23373,2.00% @ 55,https://www.calhr.ca.gov,,07/01/2014,,,,
2010,State Department,"Health Care Services, Department of",,"Pharmaceutical Consultant I, Department Of Health Services",,,,62004,89508,,48793,0,0,-418,48374,0,0,0,4016,4016,Alternate Retirement Plan (ARP),https://www.calhr.ca.gov,,07/01/2014,,,,
2010,State Department,"Health Care Services, Department of",,Personnel Supervisor I,,,,43896,53352,,45958,0,0,2400,48358,8537,0,0,5216,13753,2.00% @ 55,https://www.calhr.ca.gov,,07/01/2014,,,,
2010,State Department,"Health Care Services, Department of",,"Tax Compliance Representative, Range C",,,,46092,56040,,48338,0,0,0,48338,8560,0,0,2495,11055,2.00% @ 55,https://www.calhr.ca.gov,,07/01/2014,,,,
2010,State Department,"Health Care Services, Department of",,Associate Systems Software Specialist (Technical),,,,55332,70584,,48327,0,0,0,48327,9095,0,0,5313,14409,2.00% @ 55,https://www.calhr.ca.gov,,07/01/2014,,,,
2010,State Department,"Health Care Services, Department of",,"Health Program Auditor III, Department Of Health Services",,,,55428,70764,,48248,0,0,0,48248,8913,0,0,5243,14156,2.00% @ 55,https://www.calhr.ca.gov,,07/01/2014,,,,
2010,State Department,"Health Care Services, Department of",,Health Program Specialist II,,,,63708,77412,,0,0,48089,130,48219,0,0,0,,0,2.00% @ 55,https://www.calhr.ca.gov,,07/01/2014,,,,
2010,State Department,"Health Care Services, Department of",,"Associate Governmental Program Analyst, Range A",,,,52800,64176,,48226,0,0,-12,48214,9146,0,0,12563,21709,2.00% @ 55,https://www.calhr.ca.gov,,07/01/2014,,,,
2010,State Department,"Health Care Services, Department of",,"Research Analyst II -General-, Range A",,,,55428,67392,,48212,0,0,0,48212,6312,0,0,5046,11357,2.00% @ 55,https://www.calhr.ca.gov,,07/01/2014,,,,
2010,State Department,"Health Care Services, Department of",,Associate Administrative Analyst -Accounting Systems-,,,,55428,67392,,48188,0,0,0,48188,8478,0,0,1811,10289,2.00% @ 55,https://www.calhr.ca.gov,,07/01/2014,,,,
2010,State Department,"Health Care Services, Department of",,"Associate Governmental Program Analyst, Range A",,,,52800,64176,,48178,0,0,0,48178,9007,0,0,5313,14321,2.00% @ 55,https://www.calhr.ca.gov,,07/01/2014,,,,
2010,State Department,"Health Care Services, Department of",,Health Program Specialist I,,,,57996,70488,,34685,0,13475,0,48160,5995,0,0,3099,9094,2.00% @ 55,https://www.calhr.ca.gov,,07/01/2014,,,,
2010,State Department,"Health Care Services, Department of",,"Associate Governmental Program Analyst, Range A",,,,52800,64176,,47644,0,0,500,48144,9309,0,0,13607,22916,2.00% @ 55,https://www.calhr.ca.gov,,07/01/2014,,,,
2010,State Department,"Health Care Services, Department of",,"Health Program Auditor III, Department Of Health Services",,,,55428,70764,,46935,0,0,1200,48135,9212,0,0,10403,19615,2.00% @ 55,https://www.calhr.ca.gov,,07/01/2014,,,,
2010,State Department,"Health Care Services, Department of",,"Associate Governmental Program Analyst, Range A",,,,52800,64176,,48095,0,0,0,48095,3215,0,0,1811,5026,2.00% @ 55,https://www.calhr.ca.gov,,07/01/2014,,,,
2010,State Department,"Health Care Services, Department of",,"Accounting Officer (Specialist), Range A",,,,46092,56040,,47279,750,0,0,48029,8534,0,0,3403,11937,2.00% @ 55,https://www.calhr.ca.gov,,07/01/2014,,,,
2010,State Department,"Health Care Services, Department of",,Information Systems Technician Specialist II,,,,50388,64320,,47773,42,0,214,48028,8973,0,0,5055,14028,2.00% @ 55,https://www.calhr.ca.gov,,07/01/2014,,,,
2010,State Department,"Health Care Services, Department of",,"Staff Programmer Analyst (Specialist), Range A",,,,60780,77592,,48016,0,0,0,48016,9312,0,0,5313,14625,2.00% @ 55,https://www.calhr.ca.gov,,07/01/2014,,,,
2010,State Department,"Health Care Services, Department of",,"Health Program Auditor II, Department Of Health Services",,,,46092,58836,,48016,0,0,0,48016,8455,0,0,1861,10316,2.00% @ 55,https://www.calhr.ca.gov,,07/01/2014,,,,
2010,State Department,"Health Care Services, Department of",,"Senior Personnel Specialist, Range A",,,,43896,53352,,45609,0,0,2400,48009,8537,0,0,5313,13850,2.00% @ 55,https://www.calhr.ca.gov,,07/01/2014,,,,
2010,State Department,"Health Care Services, Department of",,"Pharmaceutical Consultant II, Department Of Health Services (Specialist)",,,,68076,98472,,48002,0,0,0,48002,9766,0,0,4333,14099,2.00% @ 55,https://www.calhr.ca.gov,,07/01/2014,,,,
2010,State Department,"Health Care Services, Department of",,"Associate Governmental Program Analyst, Range A",,,,52800,64176,,47995,0,0,0,47995,9567,0,0,13625,23192,2.00% @ 55,https://www.calhr.ca.gov,,07/01/2014,,,,
2010,State Department,"Health Care Services, Department of",,"Associate Information Systems Analyst (Specialist), Range A",,,,55428,70764,,47949,0,0,0,47949,8897,0,0,4341,13238,2.00% @ 55,https://www.calhr.ca.gov,,07/01/2014,,,,
2010,State Department,"Health Care Services, Department of",,"Health Program Auditor III, Department Of Health Services",,,,55428,70764,,47913,0,0,0,47913,7312,0,0,1811,9123,2.00% @ 55,https://www.calhr.ca.gov,,07/01/2014,,,,
2010,State Department,"Health Care Services, Department of",,"Associate Information Systems Analyst (Specialist), Range A",,,,55428,70764,,47819,0,0,0,47819,9084,0,0,13625,22708,2.00% @ 55,https://www.calhr.ca.gov,,07/01/2014,,,,
2010,State Department,"Health Care Services, Department of",,Staff Services Manager I,,,,60948,73524,,47799,0,0,0,47799,8961,0,0,5457,14418,2.00% @ 55,https://www.calhr.ca.gov,,07/01/2014,,,,
2010,State Department,"Health Care Services, Department of",,"Research Analyst II -General-, Range A",,,,55428,67392,,47777,0,0,0,47777,8627,0,0,2873,11499,2.00% @ 55,https://www.calhr.ca.gov,,07/01/2014,,,,
2010,State Department,"Health Care Services, Department of",,"Associate Governmental Program Analyst, Range A",,,,52800,64176,,47763,0,0,0,47763,8490,0,0,1811,10301,2.00% @ 55,https://www.calhr.ca.gov,,07/01/2014,,,,
2010,State Department,"Health Care Services, Department of",,"Tax Compliance Representative, Range C",,,,46092,56040,,47730,0,0,0,47730,8967,0,0,6053,15020,2.00% @ 55,https://www.calhr.ca.gov,,07/01/2014,,,,
2010,State Department,"Health Care Services, Department of",,"Staff Services Analyst (General), Range C",,,,43896,53352,,41019,0,0,6688,47706,8418,0,0,13625,22043,2.00% @ 55,https://www.calhr.ca.gov,,07/01/2014,,,,
2010,State Department,"Health Care Services, Department of",,"Health Program Auditor III, Department Of Health Services",,,,55428,70764,,47682,0,0,0,47682,8913,0,0,5243,14156,2.00% @ 55,https://www.calhr.ca.gov,,07/01/2014,,,,
2010,State Department,"Health Care Services, Department of",,"Associate Governmental Program Analyst, Range A",,,,52800,64176,,47681,0,0,0,47681,9045,0,0,13625,22669,2.00% @ 55,https://www.calhr.ca.gov,,07/01/2014,,,,
2010,State Department,"Health Care Services, Department of",,"Health Program Auditor III, Department Of Health Services",,,,55428,70764,,47676,0,0,0,47676,8463,0,0,2495,10958,2.00% @ 55,https://www.calhr.ca.gov,,07/01/2014,,,,
2010,State Department,"Health Care Services, Department of",,"Legal Analyst, Range A",,,,46092,56040,,47643,0,0,0,47643,8970,0,0,10781,19751,2.00% @ 55,https://www.calhr.ca.gov,,07/01/2014,,,,
2010,State Department,"Health Care Services, Department of",,"Tax Compliance Representative, Range C",,,,46092,56040,,47630,0,0,0,47630,9069,0,0,13625,22693,1.25% @ 65,https://www.calhr.ca.gov,,07/01/2014,,,,
2010,State Department,"Health Care Services, Department of",,"Research Analyst II -General-, Range A",,,,55428,67392,,47604,0,0,0,47604,8871,0,0,5055,13926,2.00% @ 55,https://www.calhr.ca.gov,,07/01/2014,,,,
2010,State Department,"Health Care Services, Department of",,"Associate Governmental Program Analyst, Range A",,,,52800,64176,,47601,0,0,0,47601,8775,0,0,5055,13830,2.00% @ 55,https://www.calhr.ca.gov,,07/01/2014,,,,
2010,State Department,"Health Care Services, Department of",,"Associate Governmental Program Analyst, Range A",,,,52800,64176,,47569,0,0,0,47569,9186,0,0,9575,18761,2.00% @ 55,https://www.calhr.ca.gov,,07/01/2014,,,,
2010,State Department,"Health Care Services, Department of",,"Associate Governmental Program Analyst, Range A",,,,52800,64176,,47526,0,0,0,47526,9226,0,0,10403,19629,2.00% @ 55,https://www.calhr.ca.gov,,07/01/2014,,,,
2010,State Department,"Health Care Services, Department of",,"Health Program Auditor III, Department Of Health Services",,,,55428,70764,,47506,0,0,0,47506,9212,0,0,12891,22103,2.00% @ 55,https://www.calhr.ca.gov,,07/01/2014,,,,
2010,State Department,"Health Care Services, Department of",,"Associate Governmental Program Analyst, Range A",,,,52800,64176,,47469,0,0,0,47469,8775,0,0,5243,14018,2.00% @ 55,https://www.calhr.ca.gov,,07/01/2014,,,,
2010,State Department,"Health Care Services, Department of",,"Associate Governmental Program Analyst, Range A",,,,52800,64176,,47446,0,0,0,47446,8775,0,0,5313,14088,2.00% @ 55,https://www.calhr.ca.gov,,07/01/2014,,,,
2010,State Department,"Health Care Services, Department of",,"Health Program Auditor III, Department Of Health Services",,,,55428,70764,,47435,0,0,0,47435,7811,0,0,1358,9169,2.00% @ 55,https://www.calhr.ca.gov,,07/01/2014,,,,
2010,State Department,"Health Care Services, Department of",,"Associate Governmental Program Analyst, Range A",,,,52800,64176,,46914,0,0,500,47414,8134,0,0,5227,13360,2.00% @ 55,https://www.calhr.ca.gov,,07/01/2014,,,,
2010,State Department,"Health Care Services, Department of",,"Associate Governmental Program Analyst, Range A",,,,52800,64176,,47412,0,0,0,47412,8743,0,0,5055,13798,2.00% @ 55,https://www.calhr.ca.gov,,07/01/2014,,,,
2010,State Department,"Health Care Services, Department of",,"Legal Analyst, Range A",,,,46092,56040,,47402,0,0,0,47402,8967,0,0,5675,14642,2.00% @ 55,https://www.calhr.ca.gov,,07/01/2014,,,,
2010,State Department,"Health Care Services, Department of",,"Training Officer I, Range A",,,,52800,64176,,46735,0,0,650,47385,8857,0,0,5055,13912,2.00% @ 55,https://www.calhr.ca.gov,,07/01/2014,,,,
2010,State Department,"Health Care Services, Department of",,"Associate Personnel Analyst, Range A",,,,52800,64176,,47325,0,0,0,47325,8973,0,0,5636,14609,2.00% @ 55,https://www.calhr.ca.gov,,07/01/2014,,,,
2010,State Department,"Health Care Services, Department of",,"Research Analyst II -General-, Range A",,,,55428,67392,,47228,0,0,0,47228,6178,0,0,5055,11233,2.00% @ 55,https://www.calhr.ca.gov,,07/01/2014,,,,
2010,State Department,"Health Care Services, Department of",,"Associate Governmental Program Analyst, Range A",,,,52800,64176,,47222,0,0,0,47222,6787,0,0,5046,11832,2.00% @ 55,https://www.calhr.ca.gov,,07/01/2014,,,,
2010,State Department,"Health Care Services, Department of",,"Staff Services Analyst (General), Range C",,,,43896,53352,,47214,0,0,0,47214,8383,0,0,2873,11256,2.00% @ 55,https://www.calhr.ca.gov,,07/01/2014,,,,
2010,State Department,"Health Care Services, Department of",,"Associate Governmental Program Analyst, Range A",,,,52800,64176,,47199,0,0,0,47199,8775,0,0,6053,14827,2.00% @ 55,https://www.calhr.ca.gov,,07/01/2014,,,,
2010,State Department,"Health Care Services, Department of",,"Nurse Evaluator IV, Health Services",,,,64548,83712,,17330,0,29851,0,47181,2989,0,0,1409,4398,2.00% @ 55,https://www.calhr.ca.gov,,07/01/2014,,,,
2010,State Department,"Health Care Services, Department of",,Associate Systems Software Specialist (Technical),,,,55332,70584,,46824,0,0,335,47160,9159,0,0,12419,21577,2.00% @ 55,https://www.calhr.ca.gov,,07/01/2014,,,,
2010,State Department,"Health Care Services, Department of",,"Associate Governmental Program Analyst, Range A",,,,52800,64176,,0,0,47160,0,47160,0,0,0,,0,2.00% @ 55,https://www.calhr.ca.gov,,07/01/2014,,,,
2010,State Department,"Health Care Services, Department of",,"Associate Information Systems Analyst (Specialist), Range A",,,,55428,70764,,47132,0,0,0,47132,8830,0,0,11338,20168,1.25% @ 65,https://www.calhr.ca.gov,,07/01/2014,,,,
2010,State Department,"Health Care Services, Department of",,"Health Program Auditor III, Department Of Health Services",,,,55428,70764,,47108,0,0,0,47108,9144,0,0,12891,22035,2.00% @ 55,https://www.calhr.ca.gov,,07/01/2014,,,,
2010,State Department,"Health Care Services, Department of",,"Health Program Auditor III, Department Of Health Services",,,,55428,70764,,47104,0,0,0,47104,9212,0,0,13625,22836,2.00% @ 55,https://www.calhr.ca.gov,,07/01/2014,,,,
2010,State Department,"Health Care Services, Department of",,"Staff Services Analyst (General), Range C",,,,43896,53352,,47103,0,0,0,47103,8537,0,0,2873,11409,2.00% @ 55,https://www.calhr.ca.gov,,07/01/2014,,,,
2010,State Department,"Health Care Services, Department of",,"Associate Governmental Program Analyst, Range A",,,,52800,64176,,46903,0,0,152,47055,8801,0,0,5243,14044,2.00% @ 55,https://www.calhr.ca.gov,,07/01/2014,,,,
2010,State Department,"Health Care Services, Department of",,Personnel Supervisor I,,,,43896,53352,,44154,0,0,2900,47054,8537,0,0,10844,19381,2.00% @ 55,https://www.calhr.ca.gov,,07/01/2014,,,,
2010,State Department,"Health Care Services, Department of",,"Pharmaceutical Program Consultant, Department Of Health Services",,,,77328,103356,,47016,0,0,0,47016,8171,0,0,5879,14050,2.00% @ 55,https://www.calhr.ca.gov,,07/01/2014,,,,
2010,State Department,"Health Care Services, Department of",,"Associate Governmental Program Analyst, Range A",,,,52800,64176,,46999,0,0,0,46999,8931,0,0,5313,14244,2.00% @ 55,https://www.calhr.ca.gov,,07/01/2014,,,,
2010,State Department,"Health Care Services, Department of",,"Associate Governmental Program Analyst, Range A",,,,52800,64176,,46497,0,0,500,46997,8775,0,0,5258,14033,2.00% @ 55,https://www.calhr.ca.gov,,07/01/2014,,,,
2010,State Department,"Health Care Services, Department of",,"Tax Compliance Representative, Range C",,,,46092,56040,,45518,40,1406,0,46965,8398,0,0,4871,13268,2.00% @ 55,https://www.calhr.ca.gov,,07/01/2014,,,,
2010,State Department,"Health Care Services, Department of",,"Associate Governmental Program Analyst, Range A",,,,52800,64176,,46942,0,0,0,46942,9138,0,0,10403,19541,2.00% @ 55,https://www.calhr.ca.gov,,07/01/2014,,,,
2010,State Department,"Health Care Services, Department of",,"Associate Governmental Program Analyst, Range A",,,,52800,64176,,46933,0,0,0,46933,9169,0,0,13247,22416,2.00% @ 55,https://www.calhr.ca.gov,,07/01/2014,,,,
2010,State Department,"Health Care Services, Department of",,"Health Program Auditor IV, Department Of Health Services",,,,57996,74016,,46417,0,0,500,46917,8281,0,0,12955,21236,2.00% @ 55,https://www.calhr.ca.gov,,07/01/2014,,,,
2010,State Department,"Health Care Services, Department of",,Staff Services Manager I,,,,60948,73524,,46904,0,0,0,46904,7777,0,0,8134,15911,2.00% @ 55,https://www.calhr.ca.gov,,07/01/2014,,,,
2010,State Department,"Health Care Services, Department of",,"Associate Governmental Program Analyst, Range A",,,,52800,64176,,46880,0,0,24,46904,8775,0,0,5313,14088,2.00% @ 55,https://www.calhr.ca.gov,,07/01/2014,,,,
2010,State Department,"Health Care Services, Department of",,"Research Analyst II -General-, Range A",,,,55428,67392,,46896,0,0,0,46896,6279,0,0,5227,11506,2.00% @ 55,https://www.calhr.ca.gov,,07/01/2014,,,,
2010,State Department,"Health Care Services, Department of",,"Health Program Auditor IV, Department Of Health Services",,,,57996,74016,,46889,0,0,0,46889,9475,0,0,13607,23082,2.00% @ 55,https://www.calhr.ca.gov,,07/01/2014,,,,
2010,State Department,"Health Care Services, Department of",,"Associate Governmental Program Analyst, Range A",,,,52800,64176,,46880,0,0,0,46880,8775,0,0,5313,14088,2.00% @ 55,https://www.calhr.ca.gov,,07/01/2014,,,,
2010,State Department,"Health Care Services, Department of",,"Accounting Officer (Specialist), Range A",,,,46092,56040,,46872,0,0,0,46872,8967,0,0,5313,14280,2.00% @ 55,https://www.calhr.ca.gov,,07/01/2014,,,,
2010,State Department,"Health Care Services, Department of",,"Associate Governmental Program Analyst, Range A",,,,52800,64176,,46846,0,0,0,46846,8743,0,0,5055,13798,2.00% @ 55,https://www.calhr.ca.gov,,07/01/2014,,,,
2010,State Department,"Health Care Services, Department of",,"Health Program Auditor III, Department Of Health Services",,,,55428,70764,,46833,0,0,0,46833,9111,0,0,10360,19470,2.00% @ 55,https://www.calhr.ca.gov,,07/01/2014,,,,
2010,State Department,"Health Care Services, Department of",,"Tax Compliance Representative, Range C",,,,46092,56040,,46830,0,0,0,46830,8967,0,0,10403,19370,2.00% @ 55,https://www.calhr.ca.gov,,07/01/2014,,,,
2010,State Department,"Health Care Services, Department of",,"Staff Services Analyst (General), Range C",,,,43896,53352,,46809,0,0,0,46809,8755,0,0,5313,14068,2.00% @ 55,https://www.calhr.ca.gov,,07/01/2014,,,,
2010,State Department,"Health Care Services, Department of",,"Associate Governmental Program Analyst, Range A",,,,52800,64176,,46809,0,0,0,46809,8963,0,0,10403,19366,2.00% @ 55,https://www.calhr.ca.gov,,07/01/2014,,,,
2010,State Department,"Health Care Services, Department of",,"Health Program Auditor III, Department Of Health Services",,,,55428,70764,,46765,0,0,0,46765,9111,0,0,5313,14424,2.00% @ 55,https://www.calhr.ca.gov,,07/01/2014,,,,
2010,State Department,"Health Care Services, Department of",,"Tax Compliance Representative, Range C",,,,46092,56040,,46756,0,0,0,46756,8967,0,0,10403,19370,2.00% @ 55,https://www.calhr.ca.gov,,07/01/2014,,,,
2010,State Department,"Health Care Services, Department of",,"Tax Compliance Representative, Range C",,,,46092,56040,,46756,0,0,0,46756,8967,0,0,10403,19370,2.00% @ 55,https://www.calhr.ca.gov,,07/01/2014,,,,
2010,State Department,"Health Care Services, Department of",,"Associate Governmental Program Analyst, Range A",,,,52800,64176,,46728,0,0,0,46728,8796,0,0,13625,22420,1.25% @ 65,https://www.calhr.ca.gov,,07/01/2014,,,,
2010,State Department,"Health Care Services, Department of",,"Associate Personnel Analyst, Range A",,,,52800,64176,,46623,0,0,92,46715,3392,0,0,5055,8446,2.00% @ 55,https://www.calhr.ca.gov,,07/01/2014,,,,
2010,State Department,"Health Care Services, Department of",,"Associate Governmental Program Analyst, Range A",,,,52800,64176,,46672,0,0,18,46690,8915,0,0,5243,14158,2.00% @ 55,https://www.calhr.ca.gov,,07/01/2014,,,,
2010,State Department,"Health Care Services, Department of",,"Associate Governmental Program Analyst, Range A",,,,52800,64176,,46675,0,0,0,46675,8754,0,0,13625,22378,1.25% @ 65,https://www.calhr.ca.gov,,07/01/2014,,,,
2010,State Department,"Health Care Services, Department of",,Associate Medi-Cal Eligibility Analyst,,,,52800,64176,,46656,0,0,0,46656,8775,0,0,9916,18691,2.00% @ 55,https://www.calhr.ca.gov,,07/01/2014,,,,
2010,State Department,"Health Care Services, Department of",,"Associate Governmental Program Analyst, Range A",,,,52800,64176,,46638,0,0,0,46638,8775,0,0,5243,14018,2.00% @ 55,https://www.calhr.ca.gov,,07/01/2014,,,,
2010,State Department,"Health Care Services, Department of",,"Associate Governmental Program Analyst, Range A",,,,52800,64176,,46633,0,0,0,46633,9169,0,0,10403,19572,2.00% @ 55,https://www.calhr.ca.gov,,07/01/2014,,,,
2010,State Department,"Health Care Services, Department of",,"Associate Governmental Program Analyst, Range A",,,,52800,64176,,46638,0,0,-36,46602,8775,0,0,5352,14127,2.00% @ 55,https://www.calhr.ca.gov,,07/01/2014,,,,
2010,State Department,"Health Care Services, Department of",,"Nurse Evaluator II, Health Services",,,,59004,75228,,46282,0,0,277,46558,0,0,0,1770,1770,Alternate Retirement Plan (ARP),https://www.calhr.ca.gov,,07/01/2014,,,,
2010,State Department,"Health Care Services, Department of",,"Associate Management Auditor, Range A",,,,55428,70764,,44826,1495,0,224,46545,8874,0,0,12062,20936,2.00% @ 55,https://www.calhr.ca.gov,,07/01/2014,,,,
2010,State Department,"Health Care Services, Department of",,"Associate Governmental Program Analyst, Range A",,,,52800,64176,,46493,0,0,0,46493,6819,0,0,5180,11999,2.00% @ 55,https://www.calhr.ca.gov,,07/01/2014,,,,
2010,State Department,"Health Care Services, Department of",,"Associate Governmental Program Analyst, Range A",,,,52800,64176,,46477,0,0,0,46477,8449,0,0,3202,11651,2.00% @ 55,https://www.calhr.ca.gov,,07/01/2014,,,,
2010,State Department,"Health Care Services, Department of",,"Associate Information Systems Analyst (Specialist), Range A",,,,55428,70764,,46467,0,0,0,46467,6114,0,0,5055,11168,2.00% @ 55,https://www.calhr.ca.gov,,07/01/2014,,,,
2010,State Department,"Health Care Services, Department of",,"Health Program Auditor III, Department Of Health Services",,,,55428,70764,,46420,0,0,0,46420,9212,0,0,13607,22819,2.00% @ 55,https://www.calhr.ca.gov,,07/01/2014,,,,
2010,State Department,"Health Care Services, Department of",,"Pharmaceutical Consultant I, Department Of Health Services",,,,62004,89508,,46400,0,0,0,46400,8689,0,0,5312,14001,2.00% @ 55,https://www.calhr.ca.gov,,07/01/2014,,,,
2010,State Department,"Health Care Services, Department of",,"Pharmaceutical Consultant I, Department Of Health Services",,,,62004,89508,,44728,0,0,1633,46361,7932,0,0,3022,10953,2.00% @ 55,https://www.calhr.ca.gov,,07/01/2014,,,,
2010,State Department,"Health Care Services, Department of",,"Associate Governmental Program Analyst, Range A",,,,52800,64176,,45839,0,0,500,46339,8775,0,0,10403,19178,2.00% @ 55,https://www.calhr.ca.gov,,07/01/2014,,,,
2010,State Department,"Health Care Services, Department of",,"Associate Governmental Program Analyst, Range A",,,,52800,64176,,46291,0,0,0,46291,8682,0,0,5313,13995,2.00% @ 55,https://www.calhr.ca.gov,,07/01/2014,,,,
2010,State Department,"Health Care Services, Department of",,"Tax Compliance Representative, Range C",,,,46092,56040,,46250,0,0,0,46250,8967,0,0,13625,22592,2.00% @ 55,https://www.calhr.ca.gov,,07/01/2014,,,,
2010,State Department,"Health Care Services, Department of",,"Health Program Auditor III, Department Of Health Services",,,,55428,70764,,46218,0,0,0,46218,8967,0,0,11996,20962,2.00% @ 55,https://www.calhr.ca.gov,,07/01/2014,,,,
2010,State Department,"Health Care Services, Department of",,"Associate Governmental Program Analyst, Range A",,,,52800,64176,,46210,0,0,0,46210,8411,0,0,2133,10545,2.00% @ 55,https://www.calhr.ca.gov,,07/01/2014,,,,
2010,State Department,"Health Care Services, Department of",,"Associate Budget Analyst, Range A",,,,52800,64176,,44373,1357,0,467,46197,8804,0,0,5332,14136,2.00% @ 55,https://www.calhr.ca.gov,,07/01/2014,,,,
2010,State Department,"Health Care Services, Department of",,"Staff Services Analyst (General), Range C",,,,43896,53352,,46175,0,0,0,46175,8537,0,0,5313,13850,2.00% @ 55,https://www.calhr.ca.gov,,07/01/2014,,,,
2010,State Department,"Health Care Services, Department of",,"Associate Governmental Program Analyst, Range A",,,,52800,64176,,46173,0,0,0,46173,8664,0,0,13625,22288,1.25% @ 65,https://www.calhr.ca.gov,,07/01/2014,,,,
2010,State Department,"Health Care Services, Department of",,"Health Program Auditor III, Department Of Health Services",,,,55428,70764,,46161,0,0,0,46161,8103,0,0,1811,9913,2.00% @ 55,https://www.calhr.ca.gov,,07/01/2014,,,,
2010,State Department,"Health Care Services, Department of",,Health Education Consultant III (Specialist),,,,59172,77664,,25736,0,20418,0,46154,4492,0,0,2213,6705,2.00% @ 55,https://www.calhr.ca.gov,,07/01/2014,,,,
2010,State Department,"Health Care Services, Department of",,"Tax Compliance Representative, Range C",,,,46092,56040,,46114,0,0,0,46114,8967,0,0,10403,19370,2.00% @ 55,https://www.calhr.ca.gov,,07/01/2014,,,,
2010,State Department,"Health Care Services, Department of",,"Personnel Specialist, Range D",,,,40152,48804,,43712,0,0,2400,46112,7809,0,0,2197,10006,2.00% @ 55,https://www.calhr.ca.gov,,07/01/2014,,,,
2010,State Department,"Health Care Services, Department of",,"Associate Governmental Program Analyst, Range A",,,,52800,64176,,46040,0,0,0,46040,8775,0,0,5313,14088,2.00% @ 55,https://www.calhr.ca.gov,,07/01/2014,,,,
2010,State Department,"Health Care Services, Department of",,"Associate Governmental Program Analyst, Range A",,,,52800,64176,,46040,0,0,0,46040,8775,0,0,5313,14088,2.00% @ 55,https://www.calhr.ca.gov,,07/01/2014,,,,
2010,State Department,"Health Care Services, Department of",,"Administrative Assistant II, Range A",,,,52800,64176,,46016,0,0,0,46016,9247,0,0,14084,23332,2.00% @ 55,https://www.calhr.ca.gov,,07/01/2014,,,,
2010,State Department,"Health Care Services, Department of",,"Associate Governmental Program Analyst, Range A",,,,52800,64176,,45973,0,0,24,45997,8617,0,0,5243,13860,2.00% @ 55,https://www.calhr.ca.gov,,07/01/2014,,,,
2010,State Department,"Health Care Services, Department of",,"Associate Governmental Program Analyst, Range A",,,,52800,64176,,45978,0,0,0,45978,7524,0,0,10090,17614,2.00% @ 55,https://www.calhr.ca.gov,,07/01/2014,,,,
2010,State Department,"Health Care Services, Department of",,"Tax Compliance Representative, Range C",,,,46092,56040,,45937,0,0,0,45937,8935,0,0,10360,19294,2.00% @ 55,https://www.calhr.ca.gov,,07/01/2014,,,,
2010,State Department,"Health Care Services, Department of",,"Staff Services Analyst (General), Range C",,,,43896,53352,,45906,0,0,0,45906,8354,0,0,131,8484,2.00% @ 55,https://www.calhr.ca.gov,,07/01/2014,,,,
2010,State Department,"Health Care Services, Department of",,"Health Program Auditor III, Department Of Health Services",,,,55428,70764,,46203,0,0,-320,45882,9306,0,0,14849,24155,2.00% @ 55,https://www.calhr.ca.gov,,07/01/2014,,,,
2010,State Department,"Health Care Services, Department of",,"Tax Compliance Representative, Range C",,,,46092,56040,,45843,0,0,0,45843,8063,0,0,2139,10202,2.00% @ 55,https://www.calhr.ca.gov,,07/01/2014,,,,
2010,State Department,"Health Care Services, Department of",,"Tax Compliance Representative, Range C",,,,46092,56040,,45804,0,0,0,45804,8967,0,0,10403,19370,2.00% @ 55,https://www.calhr.ca.gov,,07/01/2014,,,,
2010,State Department,"Health Care Services, Department of",,"Associate Governmental Program Analyst, Range A",,,,52800,64176,,45800,0,0,0,45800,6851,0,0,12962,19813,2.00% @ 55,https://www.calhr.ca.gov,,07/01/2014,,,,
2010,State Department,"Health Care Services, Department of",,"Tax Compliance Representative, Range C",,,,46092,56040,,45799,0,0,0,45799,8967,0,0,13625,22592,2.00% @ 55,https://www.calhr.ca.gov,,07/01/2014,,,,
2010,State Department,"Health Care Services, Department of",,"Associate Governmental Program Analyst, Range A",,,,52800,64176,,45788,0,0,0,45788,8957,0,0,12891,21848,1.25% @ 65,https://www.calhr.ca.gov,,07/01/2014,,,,
2010,State Department,"Health Care Services, Department of",,"Associate Information Systems Analyst (Specialist), Range A",,,,55428,70764,,45712,0,0,0,45712,8577,0,0,5313,13891,2.00% @ 55,https://www.calhr.ca.gov,,07/01/2014,,,,
2010,State Department,"Health Care Services, Department of",,"Associate Governmental Program Analyst, Range A",,,,52800,64176,,45700,0,0,0,45700,9007,0,0,10781,19788,2.00% @ 55,https://www.calhr.ca.gov,,07/01/2014,,,,
2010,State Department,"Health Care Services, Department of",,"Associate Governmental Program Analyst, Range A",,,,52800,64176,,45696,0,0,0,45696,1933,0,0,2139,4072,2.00% @ 55,https://www.calhr.ca.gov,,07/01/2014,,,,
2010,State Department,"Health Care Services, Department of",,"Associate Governmental Program Analyst, Range A",,,,52800,64176,,45690,0,0,0,45690,8775,0,0,7139,15914,2.00% @ 55,https://www.calhr.ca.gov,,07/01/2014,,,,
2010,State Department,"Health Care Services, Department of",,"Associate Governmental Program Analyst, Range A",,,,52800,64176,,45679,0,0,0,45679,8955,0,0,13625,22579,2.00% @ 55,https://www.calhr.ca.gov,,07/01/2014,,,,
2010,State Department,"Health Care Services, Department of",,"Associate Governmental Program Analyst, Range A",,,,52800,64176,,45678,0,0,0,45678,3312,0,0,5188,8500,2.00% @ 55,https://www.calhr.ca.gov,,07/01/2014,,,,
2010,State Department,"Health Care Services, Department of",,"Tax Compliance Representative, Range C",,,,46092,56040,,45639,0,0,0,45639,8967,0,0,10360,19327,2.00% @ 55,https://www.calhr.ca.gov,,07/01/2014,,,,
2010,State Department,"Health Care Services, Department of",,"Personnel Specialist, Range D",,,,40152,48804,,43223,0,0,2400,45623,7809,0,0,2495,10304,2.00% @ 55,https://www.calhr.ca.gov,,07/01/2014,,,,
2010,State Department,"Health Care Services, Department of",,"Personnel Specialist, Range D",,,,40152,48804,,43223,0,0,2400,45623,7809,0,0,2495,10304,2.00% @ 55,https://www.calhr.ca.gov,,07/01/2014,,,,
2010,State Department,"Health Care Services, Department of",,"Associate Governmental Program Analyst, Range A",,,,52800,64176,,45586,24,0,0,45610,8527,0,0,5313,13840,2.00% @ 55,https://www.calhr.ca.gov,,07/01/2014,,,,
2010,State Department,"Health Care Services, Department of",,"Staff Services Analyst (General), Range C",,,,43896,53352,,45609,0,0,0,45609,8537,0,0,5313,13850,2.00% @ 55,https://www.calhr.ca.gov,,07/01/2014,,,,
2010,State Department,"Health Care Services, Department of",,"Staff Services Analyst (General), Range C",,,,43896,53352,,45609,0,0,0,45609,8537,0,0,5313,13850,2.00% @ 55,https://www.calhr.ca.gov,,07/01/2014,,,,
2010,State Department,"Health Care Services, Department of",,"Associate Governmental Program Analyst, Range A",,,,52800,64176,,45591,0,0,0,45591,8775,0,0,8957,17732,2.00% @ 55,https://www.calhr.ca.gov,,07/01/2014,,,,
2010,State Department,"Health Care Services, Department of",,"Health Program Auditor III, Department Of Health Services",,,,55428,70764,,45583,0,0,0,45583,8529,0,0,5055,13584,2.00% @ 55,https://www.calhr.ca.gov,,07/01/2014,,,,
2010,State Department,"Health Care Services, Department of",,"Associate Budget Analyst, Range A",,,,52800,64176,,45560,0,0,0,45560,8893,0,0,11179,20072,2.00% @ 55,https://www.calhr.ca.gov,,07/01/2014,,,,
2010,State Department,"Health Care Services, Department of",,"Associate Governmental Program Analyst, Range A",,,,52800,64176,,45547,0,0,0,45547,8775,0,0,10403,19178,2.00% @ 55,https://www.calhr.ca.gov,,07/01/2014,,,,
2010,State Department,"Health Care Services, Department of",,"Associate Governmental Program Analyst, Range A",,,,52800,64176,,45547,0,0,0,45547,8775,0,0,10403,19178,2.00% @ 55,https://www.calhr.ca.gov,,07/01/2014,,,,
2010,State Department,"Health Care Services, Department of",,"Associate Governmental Program Analyst, Range A",,,,52800,64176,,45546,0,0,0,45546,8545,0,0,5243,13788,2.00% @ 55,https://www.calhr.ca.gov,,07/01/2014,,,,
2010,State Department,"Health Care Services, Department of",,"Staff Information Systems Analyst (Specialist), Range A",,,,60780,77592,,45514,0,0,0,45514,8646,0,0,3542,12188,2.00% @ 55,https://www.calhr.ca.gov,,07/01/2014,,,,
2010,State Department,"Health Care Services, Department of",,"Staff Services Analyst (General), Range C",,,,43896,53352,,45489,0,0,0,45489,8537,0,0,5675,14212,2.00% @ 55,https://www.calhr.ca.gov,,07/01/2014,,,,
2010,State Department,"Health Care Services, Department of",,"Associate Governmental Program Analyst, Range A",,,,52800,64176,,45489,0,0,0,45489,8490,0,0,5055,13545,2.00% @ 55,https://www.calhr.ca.gov,,07/01/2014,,,,
2010,State Department,"Health Care Services, Department of",,"Health Program Auditor III, Department Of Health Services",,,,55428,70764,,45483,0,0,0,45483,8416,0,0,5046,13462,2.00% @ 55,https://www.calhr.ca.gov,,07/01/2014,,,,
2010,State Department,"Health Care Services, Department of",,"Associate Governmental Program Analyst, Range A",,,,52800,64176,,45466,0,0,0,45466,8853,0,0,10403,19256,2.00% @ 55,https://www.calhr.ca.gov,,07/01/2014,,,,
2010,State Department,"Health Care Services, Department of",,"Staff Services Analyst (General), Range C",,,,43896,53352,,45465,0,0,0,45465,8537,0,0,5675,14212,2.00% @ 55,https://www.calhr.ca.gov,,07/01/2014,,,,
2010,State Department,"Health Care Services, Department of",,"Associate Governmental Program Analyst, Range A",,,,52800,64176,,45444,0,0,0,45444,8711,0,0,9916,18627,2.00% @ 55,https://www.calhr.ca.gov,,07/01/2014,,,,
2010,State Department,"Health Care Services, Department of",,"Associate Governmental Program Analyst, Range A",,,,52800,64176,,45420,0,0,0,45420,7492,0,0,10086,17578,2.00% @ 55,https://www.calhr.ca.gov,,07/01/2014,,,,
2010,State Department,"Health Care Services, Department of",,"Associate Governmental Program Analyst, Range A",,,,52800,64176,,45378,0,0,0,45378,8545,0,0,5319,13864,2.00% @ 55,https://www.calhr.ca.gov,,07/01/2014,,,,
2010,State Department,"Health Care Services, Department of",,"Associate Governmental Program Analyst, Range A",,,,52800,64176,,44867,0,0,500,45367,8483,0,0,4820,13303,2.00% @ 55,https://www.calhr.ca.gov,,07/01/2014,,,,
2010,State Department,"Health Care Services, Department of",,"Tax Compliance Representative, Range C",,,,46092,56040,,45356,0,0,0,45356,8688,0,0,12563,21251,1.25% @ 65,https://www.calhr.ca.gov,,07/01/2014,,,,
2010,State Department,"Health Care Services, Department of",,"Associate Governmental Program Analyst, Range A",,,,52800,64176,,45345,0,0,0,45345,8775,0,0,12760,21535,2.00% @ 55,https://www.calhr.ca.gov,,07/01/2014,,,,
2010,State Department,"Health Care Services, Department of",,"Associate Personnel Analyst, Range A",,,,52800,64176,,45332,0,0,0,45332,8858,0,0,14084,22943,1.25% @ 65,https://www.calhr.ca.gov,,07/01/2014,,,,
2010,State Department,"Health Care Services, Department of",,"Associate Information Systems Analyst (Specialist), Range A",,,,55428,70764,,45249,0,0,0,45249,9014,0,0,13247,22262,2.00% @ 55,https://www.calhr.ca.gov,,07/01/2014,,,,
2010,State Department,"Health Care Services, Department of",,"Associate Governmental Program Analyst, Range A",,,,52800,64176,,45224,0,0,0,45224,4601,0,0,5133,9734,2.00% @ 55,https://www.calhr.ca.gov,,07/01/2014,,,,
2010,State Department,"Health Care Services, Department of",,Personnel Supervisor I,,,,43896,53352,,42823,0,0,2400,45223,8537,0,0,14084,22621,2.00% @ 55,https://www.calhr.ca.gov,,07/01/2014,,,,
2010,State Department,"Health Care Services, Department of",,"Health Program Auditor III, Department Of Health Services",,,,55428,70764,,45221,0,0,0,45221,8490,0,0,5243,13733,2.00% @ 55,https://www.calhr.ca.gov,,07/01/2014,,,,
2010,State Department,"Health Care Services, Department of",,"Associate Governmental Program Analyst, Range A",,,,52800,64176,,45212,0,0,0,45212,8775,0,0,10360,19134,2.00% @ 55,https://www.calhr.ca.gov,,07/01/2014,,,,
2010,State Department,"Health Care Services, Department of",,"Tax Compliance Representative, Range C",,,,46092,56040,,45205,0,0,0,45205,8967,0,0,12885,21852,2.00% @ 55,https://www.calhr.ca.gov,,07/01/2014,,,,
2010,State Department,"Health Care Services, Department of",,"Associate Governmental Program Analyst, Range A",,,,52800,64176,,45160,0,0,0,45160,9007,0,0,13625,22632,2.00% @ 55,https://www.calhr.ca.gov,,07/01/2014,,,,
2010,State Department,"Health Care Services, Department of",,"Health Program Auditor III, Department Of Health Services",,,,55428,70764,,42984,0,0,2153,45137,8529,0,0,11442,19971,2.00% @ 55,https://www.calhr.ca.gov,,07/01/2014,,,,
2010,State Department,"Health Care Services, Department of",,"Associate Governmental Program Analyst, Range A",,,,52800,64176,,45069,0,0,0,45069,8685,0,0,10403,19089,2.00% @ 55,https://www.calhr.ca.gov,,07/01/2014,,,,
2010,State Department,"Health Care Services, Department of",,"Associate Governmental Program Analyst, Range A",,,,52800,64176,,45056,0,0,0,45056,8415,0,0,5098,13513,2.00% @ 55,https://www.calhr.ca.gov,,07/01/2014,,,,
2010,State Department,"Health Care Services, Department of",,"Health Program Auditor III, Department Of Health Services",,,,55428,70764,,44983,0,0,0,44983,7312,0,0,9511,16823,2.00% @ 55,https://www.calhr.ca.gov,,07/01/2014,,,,
2010,State Department,"Health Care Services, Department of",,"Health Program Auditor III, Department Of Health Services",,,,55428,70764,,44956,0,0,0,44956,8490,0,0,5243,13733,2.00% @ 55,https://www.calhr.ca.gov,,07/01/2014,,,,
2010,State Department,"Health Care Services, Department of",,"Associate Governmental Program Analyst, Range A",,,,52800,64176,,44943,0,0,0,44943,8775,0,0,13625,22399,2.00% @ 55,https://www.calhr.ca.gov,,07/01/2014,,,,
2010,State Department,"Health Care Services, Department of",,"Health Program Auditor III, Department Of Health Services",,,,55428,70764,,44892,0,0,0,44892,7312,0,0,5249,12561,2.00% @ 55,https://www.calhr.ca.gov,,07/01/2014,,,,
2010,State Department,"Health Care Services, Department of",,"Nurse Evaluator II, Health Services",,,,59004,75228,,44881,0,0,0,44881,9028,0,0,10400,19428,2.00% @ 55,https://www.calhr.ca.gov,,07/01/2014,,,,
2010,State Department,"Health Care Services, Department of",,"Associate Governmental Program Analyst, Range A",,,,52800,64176,,44879,0,0,0,44879,8985,0,0,13625,22610,2.00% @ 55,https://www.calhr.ca.gov,,07/01/2014,,,,
2010,State Department,"Health Care Services, Department of",,Associate Administrative Analyst -Accounting Systems-,,,,55428,67392,,44663,202,0,0,44864,8499,0,0,5313,13813,2.00% @ 55,https://www.calhr.ca.gov,,07/01/2014,,,,
2010,State Department,"Health Care Services, Department of",,"Associate Governmental Program Analyst, Range A",,,,52800,64176,,44860,0,0,0,44860,8404,0,0,5313,13718,2.00% @ 55,https://www.calhr.ca.gov,,07/01/2014,,,,
2010,State Department,"Health Care Services, Department of",,"Health Program Auditor II, Department Of Health Services",,,,46092,58836,,44844,0,0,0,44844,8471,0,0,5243,13714,2.00% @ 55,https://www.calhr.ca.gov,,07/01/2014,,,,
2010,State Department,"Health Care Services, Department of",,"Staff Services Analyst (General), Range C",,,,43896,53352,,44343,0,0,500,44843,8537,0,0,6053,14589,2.00% @ 55,https://www.calhr.ca.gov,,07/01/2014,,,,
2010,State Department,"Health Care Services, Department of",,"Accounting Officer (Specialist), Range A",,,,46092,56040,,43768,727,0,216,44711,8520,0,0,13625,22144,2.00% @ 55,https://www.calhr.ca.gov,,07/01/2014,,,,
2010,State Department,"Health Care Services, Department of",,"Associate Governmental Program Analyst, Range A",,,,52800,64176,,44702,0,0,0,44702,8775,0,0,13625,22399,2.00% @ 55,https://www.calhr.ca.gov,,07/01/2014,,,,
2010,State Department,"Health Care Services, Department of",,"Associate Governmental Program Analyst, Range A",,,,52800,64176,,44702,0,0,0,44702,8775,0,0,13625,22399,2.00% @ 55,https://www.calhr.ca.gov,,07/01/2014,,,,
2010,State Department,"Health Care Services, Department of",,"Accounting Officer (Specialist), Range A",,,,46092,56040,,42795,1347,0,500,44642,8323,0,0,13625,21947,2.00% @ 55,https://www.calhr.ca.gov,,07/01/2014,,,,
2010,State Department,"Health Care Services, Department of",,"Associate Governmental Program Analyst, Range A",,,,52800,64176,,44247,0,0,360,44607,2807,0,0,11588,14396,2.00% @ 55,https://www.calhr.ca.gov,,07/01/2014,,,,
2010,State Department,"Health Care Services, Department of",,"Staff Programmer Analyst (Specialist), Range A",,,,60780,77592,,44602,0,0,0,44602,8110,0,0,12489,20599,2.00% @ 55,https://www.calhr.ca.gov,,07/01/2014,,,,
2010,State Department,"Health Care Services, Department of",,"Associate Governmental Program Analyst, Range A",,,,52800,64176,,44569,0,0,0,44569,8962,0,0,13625,22587,2.00% @ 55,https://www.calhr.ca.gov,,07/01/2014,,,,
2010,State Department,"Health Care Services, Department of",,"Associate Governmental Program Analyst, Range A",,,,52800,64176,,44537,0,0,0,44537,8545,0,0,5864,14409,2.00% @ 55,https://www.calhr.ca.gov,,07/01/2014,,,,
2010,State Department,"Health Care Services, Department of",,"Staff Services Analyst (General), Range C",,,,43896,53352,,43971,0,0,553,44523,8789,0,0,10781,19569,2.00% @ 55,https://www.calhr.ca.gov,,07/01/2014,,,,
2010,State Department,"Health Care Services, Department of",,"Associate Governmental Program Analyst, Range A",,,,52800,64176,,44012,0,0,500,44512,8775,0,0,13625,22399,2.00% @ 55,https://www.calhr.ca.gov,,07/01/2014,,,,
2010,State Department,"Health Care Services, Department of",,"Associate Governmental Program Analyst, Range A",,,,52800,64176,,44499,0,0,0,44499,8581,0,0,10403,18984,2.00% @ 55,https://www.calhr.ca.gov,,07/01/2014,,,,
2010,State Department,"Health Care Services, Department of",,"Accounting Officer (Specialist), Range A",,,,46092,56040,,44497,0,0,0,44497,7782,0,0,1811,9593,2.00% @ 55,https://www.calhr.ca.gov,,07/01/2014,,,,
2010,State Department,"Health Care Services, Department of",,"Staff Information Systems Analyst (Specialist), Range A",,,,60780,77592,,43996,0,0,500,44496,9354,0,0,14704,24058,2.00% @ 55,https://www.calhr.ca.gov,,07/01/2014,,,,
2010,State Department,"Health Care Services, Department of",,"Staff Services Analyst (General), Range C",,,,43896,53352,,44480,0,0,0,44480,8380,0,0,10403,18783,2.00% @ 55,https://www.calhr.ca.gov,,07/01/2014,,,,
2010,State Department,"Health Care Services, Department of",,"Associate Governmental Program Analyst, Range A",,,,52800,64176,,44476,0,0,0,44476,3960,0,0,5046,9005,2.00% @ 55,https://www.calhr.ca.gov,,07/01/2014,,,,
2010,State Department,"Health Care Services, Department of",,"Health Program Auditor III, Department Of Health Services",,,,55428,70764,,44475,0,0,0,44475,8570,0,0,9140,17711,2.00% @ 55,https://www.calhr.ca.gov,,07/01/2014,,,,
2010,State Department,"Health Care Services, Department of",,"Associate Governmental Program Analyst, Range A",,,,52800,64176,,44425,0,0,0,44425,7865,0,0,2873,10738,2.00% @ 55,https://www.calhr.ca.gov,,07/01/2014,,,,
2010,State Department,"Health Care Services, Department of",,"Health Program Auditor III, Department Of Health Services",,,,55428,70764,,44401,0,0,0,44401,8396,0,0,5243,13640,2.00% @ 55,https://www.calhr.ca.gov,,07/01/2014,,,,
2010,State Department,"Health Care Services, Department of",,"Staff Services Analyst (General), Range C",,,,43896,53352,,44397,0,0,0,44397,8537,0,0,10041,18578,2.00% @ 55,https://www.calhr.ca.gov,,07/01/2014,,,,
2010,State Department,"Health Care Services, Department of",,"Associate Governmental Program Analyst, Range A",,,,52800,64176,,44381,0,0,0,44381,8323,0,0,5313,13636,2.00% @ 55,https://www.calhr.ca.gov,,07/01/2014,,,,
2010,State Department,"Health Care Services, Department of",,Assistant Administrative Analyst -Accounting Systems-,,,,46092,56040,,44374,0,0,0,44374,7769,0,0,1811,9580,2.00% @ 55,https://www.calhr.ca.gov,,07/01/2014,,,,
2010,State Department,"Health Care Services, Department of",,"Pharmaceutical Consultant I, Department Of Health Services",,,,62004,89508,,44345,0,0,0,44345,4177,0,0,9714,13892,2.00% @ 55,https://www.calhr.ca.gov,,07/01/2014,,,,
2010,State Department,"Health Care Services, Department of",,"Associate Business Management Analyst, Range A",,,,52800,64176,,43870,226,0,241,44337,8279,0,0,5046,13325,1.25% @ 65,https://www.calhr.ca.gov,,07/01/2014,,,,
2010,State Department,"Health Care Services, Department of",,Research Program Specialist I (Health),,,,57996,70488,,44326,0,0,0,44326,7529,0,0,1811,9339,2.00% @ 55,https://www.calhr.ca.gov,,07/01/2014,,,,
2010,State Department,"Health Care Services, Department of",,"Associate Governmental Program Analyst, Range A",,,,52800,64176,,44325,0,0,0,44325,0,0,0,2139,2139,Alternate Retirement Plan (ARP),https://www.calhr.ca.gov,,07/01/2014,,,,
2010,State Department,"Health Care Services, Department of",,"Associate Governmental Program Analyst, Range A",,,,52800,64176,,44323,0,0,0,44323,8711,0,0,13625,22335,2.00% @ 55,https://www.calhr.ca.gov,,07/01/2014,,,,
2010,State Department,"Health Care Services, Department of",,"Associate Governmental Program Analyst, Range A",,,,52800,64176,,44277,0,0,0,44277,8490,0,0,9916,18407,2.00% @ 55,https://www.calhr.ca.gov,,07/01/2014,,,,
2010,State Department,"Health Care Services, Department of",,"Accounting Officer (Specialist), Range A",,,,46092,56040,,43808,332,0,116,44256,7120,0,0,1811,8930,2.00% @ 55,https://www.calhr.ca.gov,,07/01/2014,,,,
2010,State Department,"Health Care Services, Department of",,Business Service Officer I (Supervisor),,,,46140,55464,,43231,0,1024,0,44255,8206,0,0,9951,18157,2.00% @ 55,https://www.calhr.ca.gov,,07/01/2014,,,,
2010,State Department,"Health Care Services, Department of",,"Associate Governmental Program Analyst, Range A",,,,52800,64176,,44241,0,0,0,44241,3257,0,0,10038,13295,2.00% @ 55,https://www.calhr.ca.gov,,07/01/2014,,,,
2010,State Department,"Health Care Services, Department of",,"Associate Governmental Program Analyst, Range A",,,,52800,64176,,44223,0,0,6,44229,8348,0,0,5313,13661,2.00% @ 55,https://www.calhr.ca.gov,,07/01/2014,,,,
2010,State Department,"Health Care Services, Department of",,"Associate Governmental Program Analyst, Range A",,,,52800,64176,,44225,0,0,0,44225,8743,0,0,12891,21634,2.00% @ 55,https://www.calhr.ca.gov,,07/01/2014,,,,
2010,State Department,"Health Care Services, Department of",,"Health Program Auditor III, Department Of Health Services",,,,55428,70764,,44184,0,0,0,44184,8686,0,0,13607,22293,2.00% @ 55,https://www.calhr.ca.gov,,07/01/2014,,,,
2010,State Department,"Health Care Services, Department of",,"Tax Compliance Representative, Range C",,,,46092,56040,,44174,0,0,0,44174,8483,0,0,5675,14159,2.00% @ 55,https://www.calhr.ca.gov,,07/01/2014,,,,
2010,State Department,"Health Care Services, Department of",,"Staff Services Analyst (General), Range C",,,,43896,53352,,38660,0,0,5507,44168,7269,0,0,9916,17185,2.00% @ 55,https://www.calhr.ca.gov,,07/01/2014,,,,
2010,State Department,"Health Care Services, Department of",,"Accounting Officer (Specialist), Range A",,,,46092,56040,,43829,96,0,209,44135,6016,0,0,2139,8155,2.00% @ 55,https://www.calhr.ca.gov,,07/01/2014,,,,
2010,State Department,"Health Care Services, Department of",,"Associate Governmental Program Analyst, Range A",,,,52800,64176,,44067,0,0,0,44067,7807,0,0,9477,17284,2.00% @ 55,https://www.calhr.ca.gov,,07/01/2014,,,,
2010,State Department,"Health Care Services, Department of",,"Staff Services Analyst (General), Range C",,,,43896,53352,,44065,0,0,0,44065,8537,0,0,11209,19746,2.00% @ 55,https://www.calhr.ca.gov,,07/01/2014,,,,
2010,State Department,"Health Care Services, Department of",,"Associate Governmental Program Analyst, Range A",,,,52800,64176,,43950,0,0,0,43950,8545,0,0,10403,18949,2.00% @ 55,https://www.calhr.ca.gov,,07/01/2014,,,,
2010,State Department,"Health Care Services, Department of",,Accounting Officer (Supervisor),,,,46092,56040,,43442,0,0,500,43942,8497,0,0,14084,22581,2.00% @ 55,https://www.calhr.ca.gov,,07/01/2014,,,,
2010,State Department,"Health Care Services, Department of",,"Associate Governmental Program Analyst, Range A",,,,52800,64176,,43867,0,0,0,43867,8775,0,0,13607,22382,2.00% @ 55,https://www.calhr.ca.gov,,07/01/2014,,,,
2010,State Department,"Health Care Services, Department of",,"Health Program Auditor III, Department Of Health Services",,,,55428,70764,,43840,0,0,0,43840,8529,0,0,9916,18445,2.00% @ 55,https://www.calhr.ca.gov,,07/01/2014,,,,
2010,State Department,"Health Care Services, Department of",,"Accounting Officer (Specialist), Range A",,,,46092,56040,,43809,0,0,0,43809,7719,0,0,2023,9742,2.00% @ 55,https://www.calhr.ca.gov,,07/01/2014,,,,
2010,State Department,"Health Care Services, Department of",,"Associate Governmental Program Analyst, Range A",,,,52800,64176,,43760,0,0,0,43760,8600,0,0,13625,22225,2.00% @ 55,https://www.calhr.ca.gov,,07/01/2014,,,,
2010,State Department,"Health Care Services, Department of",,"Health Program Auditor III, Department Of Health Services",,,,55428,70764,,32378,0,11367,0,43745,5667,0,0,8594,14261,2.00% @ 55,https://www.calhr.ca.gov,,07/01/2014,,,,
2010,State Department,"Health Care Services, Department of",,"Associate Governmental Program Analyst, Range A",,,,52800,64176,,43734,0,0,0,43734,8154,0,0,5313,13467,1.25% @ 65,https://www.calhr.ca.gov,,07/01/2014,,,,
2010,State Department,"Health Care Services, Department of",,"Associate Governmental Program Analyst, Range A",,,,52800,64176,,43730,0,0,0,43730,6525,0,0,5227,11752,2.00% @ 55,https://www.calhr.ca.gov,,07/01/2014,,,,
2010,State Department,"Health Care Services, Department of",,Legal Support Supervisor I,,,,42084,51168,,43718,0,0,0,43718,8188,0,0,5636,13824,2.00% @ 55,https://www.calhr.ca.gov,,07/01/2014,,,,
2010,State Department,"Health Care Services, Department of",,"Staff Services Analyst (General), Range C",,,,43896,53352,,43701,0,0,0,43701,8537,0,0,12815,21352,2.00% @ 55,https://www.calhr.ca.gov,,07/01/2014,,,,
2010,State Department,"Health Care Services, Department of",,"Staff Services Analyst (General), Range C",,,,43896,53352,,43701,0,0,0,43701,8514,0,0,12419,20933,2.00% @ 55,https://www.calhr.ca.gov,,07/01/2014,,,,
2010,State Department,"Health Care Services, Department of",,"Accounting Officer (Specialist), Range A",,,,46092,56040,,43696,0,0,0,43696,7638,0,0,1811,9448,2.00% @ 55,https://www.calhr.ca.gov,,07/01/2014,,,,
2010,State Department,"Health Care Services, Department of",,"Associate Governmental Program Analyst, Range A",,,,52800,64176,,43514,0,0,173,43687,8784,0,0,12203,20987,2.00% @ 55,https://www.calhr.ca.gov,,07/01/2014,,,,
2010,State Department,"Health Care Services, Department of",,"Associate Governmental Program Analyst, Range A",,,,52800,64176,,43433,0,0,250,43683,8679,0,0,15580,24259,2.00% @ 55,https://www.calhr.ca.gov,,07/01/2014,,,,
2010,State Department,"Health Care Services, Department of",,Data Processing Manager I,,,,63816,81468,,39715,0,3173,764,43651,6854,0,0,2487,9341,2.00% @ 55,https://www.calhr.ca.gov,,07/01/2014,,,,
2010,State Department,"Health Care Services, Department of",,"Legal Analyst, Range A",,,,46092,56040,,43616,0,0,0,43616,8177,0,0,5313,13490,2.00% @ 55,https://www.calhr.ca.gov,,07/01/2014,,,,
2010,State Department,"Health Care Services, Department of",,"Staff Services Analyst (General), Range C",,,,43896,53352,,43605,0,0,0,43605,8188,0,0,5313,13502,2.00% @ 55,https://www.calhr.ca.gov,,07/01/2014,,,,
2010,State Department,"Health Care Services, Department of",,Associate Medi-Cal Eligibility Analyst,,,,52800,64176,,43525,0,0,0,43525,7702,0,0,2873,10574,2.00% @ 55,https://www.calhr.ca.gov,,07/01/2014,,,,
2010,State Department,"Health Care Services, Department of",,"Staff Services Analyst (General), Range C",,,,43896,53352,,43488,0,0,0,43488,8169,0,0,5448,13617,2.00% @ 55,https://www.calhr.ca.gov,,07/01/2014,,,,
2010,State Department,"Health Care Services, Department of",,"Accounting Officer (Specialist), Range A",,,,46092,56040,,43477,0,0,0,43477,7604,0,0,1811,9415,2.00% @ 55,https://www.calhr.ca.gov,,07/01/2014,,,,
2010,State Department,"Health Care Services, Department of",,"Accounting Officer (Specialist), Range A",,,,46092,56040,,43477,0,0,0,43477,5925,0,0,1811,7735,2.00% @ 55,https://www.calhr.ca.gov,,07/01/2014,,,,
2010,State Department,"Health Care Services, Department of",,"Tax Compliance Representative, Range C",,,,46092,56040,,43467,0,0,0,43467,8560,0,0,10041,18601,2.00% @ 55,https://www.calhr.ca.gov,,07/01/2014,,,,
2010,State Department,"Health Care Services, Department of",,"Associate Governmental Program Analyst, Range A",,,,52800,64176,,43438,0,0,0,43438,8736,0,0,13625,22360,2.00% @ 55,https://www.calhr.ca.gov,,07/01/2014,,,,
2010,State Department,"Health Care Services, Department of",,"Staff Services Analyst (General), Range C",,,,43896,53352,,43431,0,0,0,43431,8537,0,0,13625,22161,2.00% @ 55,https://www.calhr.ca.gov,,07/01/2014,,,,
2010,State Department,"Health Care Services, Department of",,"Staff Services Analyst (General), Range C",,,,43896,53352,,43431,0,0,0,43431,8537,0,0,13625,22161,2.00% @ 55,https://www.calhr.ca.gov,,07/01/2014,,,,
2010,State Department,"Health Care Services, Department of",,"Associate Governmental Program Analyst, Range A",,,,52800,64176,,43401,0,0,0,43401,7697,0,0,1811,9507,1.25% @ 65,https://www.calhr.ca.gov,,07/01/2014,,,,
2010,State Department,"Health Care Services, Department of",,"Associate Governmental Program Analyst, Range A",,,,52800,64176,,43325,0,0,0,43325,8643,0,0,13607,22250,2.00% @ 55,https://www.calhr.ca.gov,,07/01/2014,,,,
2010,State Department,"Health Care Services, Department of",,"Accounting Officer (Specialist), Range A",,,,46092,56040,,43312,0,0,0,43312,5897,0,0,1811,7707,2.00% @ 55,https://www.calhr.ca.gov,,07/01/2014,,,,
2010,State Department,"Health Care Services, Department of",,"Health Program Auditor III, Department Of Health Services",,,,55428,70764,,43261,0,0,0,43261,8463,0,0,12870,21333,2.00% @ 55,https://www.calhr.ca.gov,,07/01/2014,,,,
2010,State Department,"Health Care Services, Department of",,"Staff Services Analyst (General), Range C",,,,43896,53352,,43257,0,0,0,43257,8429,0,0,10403,18832,1.25% @ 65,https://www.calhr.ca.gov,,07/01/2014,,,,
2010,State Department,"Health Care Services, Department of",,"Associate Governmental Program Analyst, Range A",,,,52800,64176,,43229,0,0,0,43229,3215,0,0,5313,8529,2.00% @ 55,https://www.calhr.ca.gov,,07/01/2014,,,,
2010,State Department,"Health Care Services, Department of",,"Health Program Auditor III, Department Of Health Services",,,,55428,70764,,43164,0,0,48,43212,8021,0,0,5055,13076,1.25% @ 65,https://www.calhr.ca.gov,,07/01/2014,,,,
2010,State Department,"Health Care Services, Department of",,"Staff Services Analyst (General), Range C",,,,43896,53352,,39365,0,0,3800,43165,6534,0,0,1811,8345,2.00% @ 55,https://www.calhr.ca.gov,,07/01/2014,,,,
2010,State Department,"Health Care Services, Department of",,"Associate Governmental Program Analyst, Range A",,,,52800,64176,,43119,0,0,0,43119,8317,0,0,5313,13631,2.00% @ 55,https://www.calhr.ca.gov,,07/01/2014,,,,
2010,State Department,"Health Care Services, Department of",,"Assistant Information Systems Analyst, Range C",,,,46092,58836,,42613,0,0,500,43113,8243,0,0,10360,18603,2.00% @ 55,https://www.calhr.ca.gov,,07/01/2014,,,,
2010,State Department,"Health Care Services, Department of",,"Staff Services Analyst (General), Range C",,,,43896,53352,,43062,0,0,0,43062,8331,0,0,10403,18735,2.00% @ 55,https://www.calhr.ca.gov,,07/01/2014,,,,
2010,State Department,"Health Care Services, Department of",,"Staff Services Analyst (General), Range C",,,,43896,53352,,43056,0,0,0,43056,7520,0,0,1811,9330,2.00% @ 55,https://www.calhr.ca.gov,,07/01/2014,,,,
2010,State Department,"Health Care Services, Department of",,"Health Program Auditor III, Department Of Health Services",,,,55428,70764,,43029,0,0,0,43029,8086,0,0,5243,13329,2.00% @ 55,https://www.calhr.ca.gov,,07/01/2014,,,,
2010,State Department,"Health Care Services, Department of",,Staff Services Manager II (Supervisory),,,,66912,80724,,43017,0,0,0,43017,0,0,0,1532,1532,Alternate Retirement Plan (ARP),https://www.calhr.ca.gov,,07/01/2014,,,,
2010,State Department,"Health Care Services, Department of",,"Nurse Evaluator II, Health Services",,,,59004,75228,,42997,0,0,0,42997,0,0,0,1327,1327,Alternate Retirement Plan (ARP),https://www.calhr.ca.gov,,07/01/2014,,,,
2010,State Department,"Health Care Services, Department of",,Data Processing Manager III,,,,85416,98868,,42980,0,0,0,42980,0,0,0,6315,6315,Alternate Retirement Plan (ARP),https://www.calhr.ca.gov,,07/01/2014,,,,
2010,State Department,"Health Care Services, Department of",,"Legal Analyst, Range A",,,,46092,56040,,42975,0,0,0,42975,8269,0,0,10403,18672,2.00% @ 55,https://www.calhr.ca.gov,,07/01/2014,,,,
2010,State Department,"Health Care Services, Department of",,"Health Program Auditor II, Department Of Health Services",,,,46092,58836,,42954,0,0,0,42954,3550,0,0,1811,5361,2.00% @ 55,https://www.calhr.ca.gov,,07/01/2014,,,,
2010,State Department,"Health Care Services, Department of",,"Nurse Evaluator II, Health Services",,,,59004,75228,,42871,0,0,0,42871,7872,0,0,1327,9199,2.00% @ 55,https://www.calhr.ca.gov,,07/01/2014,,,,
2010,State Department,"Health Care Services, Department of",,"Staff Services Analyst (General), Range C",,,,43896,53352,,42813,0,0,0,42813,8537,0,0,12891,21428,2.00% @ 55,https://www.calhr.ca.gov,,07/01/2014,,,,
2010,State Department,"Health Care Services, Department of",,"Health Program Auditor II, Department Of Health Services",,,,46092,58836,,42789,0,0,0,42789,5248,0,0,1811,7059,2.00% @ 55,https://www.calhr.ca.gov,,07/01/2014,,,,
2010,State Department,"Health Care Services, Department of",,"Associate Business Management Analyst, Range A",,,,52800,64176,,42786,0,0,0,42786,8490,0,0,12954,21445,2.00% @ 55,https://www.calhr.ca.gov,,07/01/2014,,,,
2010,State Department,"Health Care Services, Department of",,"Associate Governmental Program Analyst, Range A",,,,52800,64176,,40079,0,2673,0,42752,2035,0,0,4625,6660,2.00% @ 55,https://www.calhr.ca.gov,,07/01/2014,,,,
2010,State Department,"Health Care Services, Department of",,"Staff Services Analyst (General), Range C",,,,43896,53352,,42742,0,0,0,42742,8429,0,0,13625,22053,1.25% @ 65,https://www.calhr.ca.gov,,07/01/2014,,,,
2010,State Department,"Health Care Services, Department of",,"Staff Services Analyst (General), Range C",,,,43896,53352,,42726,0,0,0,42726,8354,0,0,10047,18401,2.00% @ 55,https://www.calhr.ca.gov,,07/01/2014,,,,
2010,State Department,"Health Care Services, Department of",,"Health Program Auditor IV, Department Of Health Services",,,,57996,74016,,42723,0,0,0,42723,8180,0,0,5243,13423,2.00% @ 55,https://www.calhr.ca.gov,,07/01/2014,,,,
2010,State Department,"Health Care Services, Department of",,"Staff Services Analyst (General), Range C",,,,43896,53352,,42681,0,0,0,42681,8076,0,0,5675,13752,2.00% @ 55,https://www.calhr.ca.gov,,07/01/2014,,,,
2010,State Department,"Health Care Services, Department of",,"Associate Governmental Program Analyst, Range A",,,,52800,64176,,42655,0,0,0,42655,8545,0,0,13625,22170,2.00% @ 55,https://www.calhr.ca.gov,,07/01/2014,,,,
2010,State Department,"Health Care Services, Department of",,"Staff Services Analyst (General), Range C",,,,43896,53352,,42636,0,0,0,42636,8241,0,0,10781,19022,2.00% @ 55,https://www.calhr.ca.gov,,07/01/2014,,,,
2010,State Department,"Health Care Services, Department of",,"Associate Governmental Program Analyst, Range A",,,,52800,64176,,42556,0,0,0,42556,8490,0,0,13625,22115,2.00% @ 55,https://www.calhr.ca.gov,,07/01/2014,,,,
2010,State Department,"Health Care Services, Department of",,"Associate Governmental Program Analyst, Range A",,,,52800,64176,,42541,0,0,0,42541,8199,0,0,5313,13512,2.00% @ 55,https://www.calhr.ca.gov,,07/01/2014,,,,
2010,State Department,"Health Care Services, Department of",,"Health Program Auditor III, Department Of Health Services",,,,55428,70764,,42521,0,0,0,42521,8664,0,0,13607,22271,2.00% @ 55,https://www.calhr.ca.gov,,07/01/2014,,,,
2010,State Department,"Health Care Services, Department of",,"Associate Governmental Program Analyst, Range A",,,,52800,64176,,42505,0,0,0,42505,7702,0,0,2873,10574,2.00% @ 55,https://www.calhr.ca.gov,,07/01/2014,,,,
2010,State Department,"Health Care Services, Department of",,"Associate Governmental Program Analyst, Range A",,,,52800,64176,,42501,0,0,0,42501,0,0,0,10363,10363,Alternate Retirement Plan (ARP),https://www.calhr.ca.gov,,07/01/2014,,,,
2010,State Department,"Health Care Services, Department of",,"Nurse Evaluator II, Health Services",,,,59004,75228,,42491,0,0,0,42491,0,0,0,4416,4416,Alternate Retirement Plan (ARP),https://www.calhr.ca.gov,,07/01/2014,,,,
2010,State Department,"Health Care Services, Department of",,"Accounting Officer (Specialist), Range A",,,,46092,56040,,42301,188,0,0,42489,8279,0,0,10403,18682,2.00% @ 55,https://www.calhr.ca.gov,,07/01/2014,,,,
2010,State Department,"Health Care Services, Department of",,"Staff Services Analyst (General), Range C",,,,43896,53352,,42482,0,0,0,42482,8233,0,0,10403,18637,2.00% @ 55,https://www.calhr.ca.gov,,07/01/2014,,,,
2010,State Department,"Health Care Services, Department of",,"Tax Compliance Representative, Range C",,,,46092,56040,,42777,0,0,-320,42456,8063,0,0,7187,15249,2.00% @ 55,https://www.calhr.ca.gov,,07/01/2014,,,,
2010,State Department,"Health Care Services, Department of",,"Associate Governmental Program Analyst, Range A",,,,52800,64176,,42389,0,0,0,42389,3215,0,0,5055,8270,2.00% @ 55,https://www.calhr.ca.gov,,07/01/2014,,,,
2010,State Department,"Health Care Services, Department of",,"Health Program Auditor III, Department Of Health Services",,,,55428,70764,,42349,0,0,0,42349,5788,0,0,5055,10842,2.00% @ 55,https://www.calhr.ca.gov,,07/01/2014,,,,
2010,State Department,"Health Care Services, Department of",,"Legal Analyst, Range A",,,,46092,56040,,42322,0,0,0,42322,7955,0,0,5632,13587,2.00% @ 55,https://www.calhr.ca.gov,,07/01/2014,,,,
2010,State Department,"Health Care Services, Department of",,"Associate Governmental Program Analyst, Range A",,,,52800,64176,,42302,0,0,0,42302,4597,0,0,5149,9746,2.00% @ 55,https://www.calhr.ca.gov,,07/01/2014,,,,
2010,State Department,"Health Care Services, Department of",,"Tax Compliance Representative, Range C",,,,46092,56040,,42251,0,0,0,42251,7880,0,0,5675,13555,2.00% @ 55,https://www.calhr.ca.gov,,07/01/2014,,,,
2010,State Department,"Health Care Services, Department of",,"Associate Governmental Program Analyst, Range A",,,,52800,64176,,42249,0,0,0,42249,8399,0,0,9221,17621,2.00% @ 55,https://www.calhr.ca.gov,,07/01/2014,,,,
2010,State Department,"Health Care Services, Department of",,"Office Services Supervisor I (Typing), Range S",,,,32280,39156,,34307,0,7934,0,42240,6857,0,0,11832,18689,2.00% @ 55,https://www.calhr.ca.gov,,07/01/2014,,,,
2010,State Department,"Health Care Services, Department of",,"Health Program Auditor III, Department Of Health Services",,,,55428,70764,,42172,0,0,0,42172,3938,0,0,5055,8992,2.00% @ 55,https://www.calhr.ca.gov,,07/01/2014,,,,
2010,State Department,"Health Care Services, Department of",,"Staff Services Analyst (General), Range C",,,,43896,53352,,26061,0,16109,0,42170,4536,0,0,3099,7635,2.00% @ 55,https://www.calhr.ca.gov,,07/01/2014,,,,
2010,State Department,"Health Care Services, Department of",,"Health Program Auditor III, Department Of Health Services",,,,55428,70764,,40961,0,0,1200,42161,8405,0,0,5055,13460,2.00% @ 55,https://www.calhr.ca.gov,,07/01/2014,,,,
2010,State Department,"Health Care Services, Department of",,"Nurse Evaluator II, Health Services",,,,59004,75228,,42121,0,0,0,42121,7537,0,0,11348,18885,2.00% @ 55,https://www.calhr.ca.gov,,07/01/2014,,,,
2010,State Department,"Health Care Services, Department of",,"Health Program Auditor III, Department Of Health Services",,,,55428,70764,,42117,0,0,0,42117,3938,0,0,5128,9066,2.00% @ 55,https://www.calhr.ca.gov,,07/01/2014,,,,
2010,State Department,"Health Care Services, Department of",,Accounting Administrator I (Supervisor),,,,60948,73524,,42101,0,0,0,42101,7428,0,0,10563,17992,2.00% @ 55,https://www.calhr.ca.gov,,07/01/2014,,,,
2010,State Department,"Health Care Services, Department of",,"Staff Services Analyst (General), Range C",,,,43896,53352,,40653,490,0,925,42068,7705,0,0,5313,13018,2.00% @ 55,https://www.calhr.ca.gov,,07/01/2014,,,,
2010,State Department,"Health Care Services, Department of",,"Staff Services Analyst (General), Range C",,,,43896,53352,,42068,0,0,0,42068,8205,0,0,13625,21829,1.25% @ 65,https://www.calhr.ca.gov,,07/01/2014,,,,
2010,State Department,"Health Care Services, Department of",,"Associate Governmental Program Analyst, Range A",,,,52800,64176,,42001,0,0,0,42001,8221,0,0,12870,21091,2.00% @ 55,https://www.calhr.ca.gov,,07/01/2014,,,,
2010,State Department,"Health Care Services, Department of",,"Research Analyst I -General-, Range C",,,,46092,56040,,41513,0,0,487,42000,8464,0,0,10781,19244,2.00% @ 55,https://www.calhr.ca.gov,,07/01/2014,,,,
2010,State Department,"Health Care Services, Department of",,"Associate Governmental Program Analyst, Range A",,,,52800,64176,,41998,0,0,0,41998,0,0,0,1509,1509,Alternate Retirement Plan (ARP),https://www.calhr.ca.gov,,07/01/2014,,,,
2010,State Department,"Health Care Services, Department of",,"Health Program Auditor III, Department Of Health Services",,,,55428,70764,,41977,0,0,0,41977,8913,0,0,13607,22520,2.00% @ 55,https://www.calhr.ca.gov,,07/01/2014,,,,
2010,State Department,"Health Care Services, Department of",,"Health Program Audit Manager I, Department Of Health Services",,,,61344,77712,,4914,0,37053,0,41967,944,0,0,470,1414,2.00% @ 55,https://www.calhr.ca.gov,,07/01/2014,,,,
2010,State Department,"Health Care Services, Department of",,"Associate Governmental Program Analyst, Range A",,,,52800,64176,,41963,0,0,0,41963,8289,0,0,13625,21913,2.00% @ 55,https://www.calhr.ca.gov,,07/01/2014,,,,
2010,State Department,"Health Care Services, Department of",,"Tax Compliance Representative, Range C",,,,46092,56040,,41949,0,0,0,41949,8281,0,0,13625,21905,2.00% @ 55,https://www.calhr.ca.gov,,07/01/2014,,,,
2010,State Department,"Health Care Services, Department of",,"Legal Analyst, Range A",,,,46092,56040,,41943,0,0,0,41943,8269,0,0,13625,21893,2.00% @ 55,https://www.calhr.ca.gov,,07/01/2014,,,,
2010,State Department,"Health Care Services, Department of",,"Associate Governmental Program Analyst, Range A",,,,52800,64176,,41936,0,0,0,41936,8028,0,0,5313,13341,2.00% @ 55,https://www.calhr.ca.gov,,07/01/2014,,,,
2010,State Department,"Health Care Services, Department of",,"Staff Services Analyst (General), Range C",,,,43896,53352,,41902,0,0,0,41902,8537,0,0,13625,22161,2.00% @ 55,https://www.calhr.ca.gov,,07/01/2014,,,,
2010,State Department,"Health Care Services, Department of",,"Tax Compliance Representative, Range C",,,,46092,56040,,41266,0,580,0,41847,8171,0,0,10781,18951,2.00% @ 55,https://www.calhr.ca.gov,,07/01/2014,,,,
2010,State Department,"Health Care Services, Department of",,"Business Service Officer I (Specialist), Range A",,,,43896,53352,,37433,4043,0,359,41835,7509,0,0,13607,21116,2.00% @ 55,https://www.calhr.ca.gov,,07/01/2014,,,,
2010,State Department,"Health Care Services, Department of",,"Executive Assistant, Range L",,,,39456,47952,,41270,0,0,500,41770,7673,0,0,5636,13309,2.00% @ 55,https://www.calhr.ca.gov,,07/01/2014,,,,
2010,State Department,"Health Care Services, Department of",,"Executive Assistant, Range A",,,,39456,47952,,41724,0,0,0,41724,8337,0,0,14084,22421,2.00% @ 55,https://www.calhr.ca.gov,,07/01/2014,,,,
2010,State Department,"Health Care Services, Department of",,Research Analyst II (Economics),,,,55428,67392,,41716,0,0,0,41716,8088,0,0,13247,21335,2.00% @ 55,https://www.calhr.ca.gov,,07/01/2014,,,,
2010,State Department,"Health Care Services, Department of",,"Health Program Auditor III, Department Of Health Services",,,,55428,70764,,41696,0,0,0,41696,8124,0,0,10386,18510,2.00% @ 55,https://www.calhr.ca.gov,,07/01/2014,,,,
2010,State Department,"Health Care Services, Department of",,"Staff Services Analyst (General), Range C",,,,43896,53352,,41597,0,0,0,41597,7868,0,0,5119,12986,1.25% @ 65,https://www.calhr.ca.gov,,07/01/2014,,,,
2010,State Department,"Health Care Services, Department of",,"Staff Services Analyst (General), Range C",,,,43896,53352,,41593,0,0,0,41593,8169,0,0,10047,18217,2.00% @ 55,https://www.calhr.ca.gov,,07/01/2014,,,,
2010,State Department,"Health Care Services, Department of",,"Associate Information Systems Analyst (Specialist), Range A",,,,55428,70764,,41358,0,0,233,41592,0,0,0,4212,4212,Alternate Retirement Plan (ARP),https://www.calhr.ca.gov,,07/01/2014,,,,
2010,State Department,"Health Care Services, Department of",,Staff Services Manager II (Supervisory),,,,66912,80724,,3266,0,38286,0,41552,569,0,0,904,1473,2.00% @ 55,https://www.calhr.ca.gov,,07/01/2014,,,,
2010,State Department,"Health Care Services, Department of",,"Associate Governmental Program Analyst, Range A",,,,52800,64176,,41500,0,0,0,41500,2493,0,0,5102,7595,2.00% @ 55,https://www.calhr.ca.gov,,07/01/2014,,,,
2010,State Department,"Health Care Services, Department of",,"Tax Compliance Representative, Range C",,,,46092,56040,,41490,0,0,0,41490,7793,0,0,5313,13106,2.00% @ 55,https://www.calhr.ca.gov,,07/01/2014,,,,
2010,State Department,"Health Care Services, Department of",,"Health Program Auditor II, Department Of Health Services",,,,46092,58836,,41470,0,0,0,41470,7660,0,0,5055,12715,2.00% @ 55,https://www.calhr.ca.gov,,07/01/2014,,,,
2010,State Department,"Health Care Services, Department of",,"Staff Services Analyst (General), Range C",,,,43896,53352,,41454,0,0,0,41454,7895,0,0,13625,21520,1.25% @ 65,https://www.calhr.ca.gov,,07/01/2014,,,,
2010,State Department,"Health Care Services, Department of",,"Legal Analyst, Range A",,,,46092,56040,,41422,0,0,0,41422,8210,0,0,10403,18613,2.00% @ 55,https://www.calhr.ca.gov,,07/01/2014,,,,
2010,State Department,"Health Care Services, Department of",,"Staff Services Analyst (General), Range C",,,,43896,53352,,41390,0,0,0,41390,7888,0,0,5313,13202,2.00% @ 55,https://www.calhr.ca.gov,,07/01/2014,,,,
2010,State Department,"Health Care Services, Department of",,"Associate Governmental Program Analyst, Range A",,,,52800,64176,,41407,0,0,-60,41347,7759,0,0,11351,19110,2.00% @ 55,https://www.calhr.ca.gov,,07/01/2014,,,,
2010,State Department,"Health Care Services, Department of",,"Staff Services Analyst (General), Range C",,,,43896,53352,,41308,0,0,0,41308,8294,0,0,13625,21919,2.00% @ 55,https://www.calhr.ca.gov,,07/01/2014,,,,
2010,State Department,"Health Care Services, Department of",,"Staff Services Analyst (General), Range C",,,,43896,53352,,41305,0,0,0,41305,7632,0,0,5055,12687,2.00% @ 55,https://www.calhr.ca.gov,,07/01/2014,,,,
2010,State Department,"Health Care Services, Department of",,"Staff Services Analyst (General), Range C",,,,43896,53352,,41305,0,0,0,41305,5953,0,0,5046,10998,2.00% @ 55,https://www.calhr.ca.gov,,07/01/2014,,,,
2010,State Department,"Health Care Services, Department of",,"Tax Compliance Representative, Range C",,,,46092,56040,,41255,0,0,0,41255,8073,0,0,12760,20833,2.00% @ 55,https://www.calhr.ca.gov,,07/01/2014,,,,
2010,State Department,"Health Care Services, Department of",,"Staff Services Analyst (General), Range C",,,,43896,53352,,41221,0,0,0,41221,8122,0,0,13151,21273,2.00% @ 55,https://www.calhr.ca.gov,,07/01/2014,,,,
2010,State Department,"Health Care Services, Department of",,"Health Program Auditor III, Department Of Health Services",,,,55428,70764,,41166,0,0,0,41166,8124,0,0,10392,18516,2.00% @ 55,https://www.calhr.ca.gov,,07/01/2014,,,,
2010,State Department,"Health Care Services, Department of",,"Personnel Specialist, Range D",,,,40152,48804,,38764,0,0,2400,41164,7694,0,0,10360,18054,2.00% @ 55,https://www.calhr.ca.gov,,07/01/2014,,,,
2010,State Department,"Health Care Services, Department of",,"Associate Governmental Program Analyst, Range A",,,,52800,64176,,41114,0,0,0,41114,7916,0,0,10781,18696,2.00% @ 55,https://www.calhr.ca.gov,,07/01/2014,,,,
2010,State Department,"Health Care Services, Department of",,"Health Program Auditor III, Department Of Health Services",,,,55428,70764,,41089,0,0,0,41089,2625,0,0,5055,7680,2.00% @ 55,https://www.calhr.ca.gov,,07/01/2014,,,,
2010,State Department,"Health Care Services, Department of",,"Fraud Investigator, Department Of Health Services, Range C",,,,58656,74328,,40627,0,0,418,41045,11808,0,0,7353,19161,3.00% @ 50,https://www.calhr.ca.gov,,07/01/2014,,,,
2010,State Department,"Health Care Services, Department of",,"Executive Assistant, Range L",,,,39456,47952,,41007,0,0,0,41007,7566,0,0,5556,13121,2.00% @ 55,https://www.calhr.ca.gov,,07/01/2014,,,,
2010,State Department,"Health Care Services, Department of",,"Staff Services Analyst (General), Range C",,,,43896,53352,,40974,0,0,0,40974,7576,0,0,5055,12631,2.00% @ 55,https://www.calhr.ca.gov,,07/01/2014,,,,
2010,State Department,"Health Care Services, Department of",,"Associate Governmental Program Analyst, Range A",,,,52800,64176,,40952,0,0,0,40952,7492,0,0,5249,12741,2.00% @ 55,https://www.calhr.ca.gov,,07/01/2014,,,,
2010,State Department,"Health Care Services, Department of",,"Accounting Analyst, Range C",,,,46092,56040,,40878,0,0,0,40878,7288,0,0,1811,9099,2.00% @ 55,https://www.calhr.ca.gov,,07/01/2014,,,,
2010,State Department,"Health Care Services, Department of",,"Nurse Evaluator II, Health Services",,,,59004,75228,,40858,0,0,0,40858,0,0,0,5358,5358,Alternate Retirement Plan (ARP),https://www.calhr.ca.gov,,07/01/2014,,,,
2010,State Department,"Health Care Services, Department of",,"Health Program Auditor III, Department Of Health Services",,,,55428,70764,,39642,0,0,1200,40842,7764,0,0,12891,20655,2.00% @ 55,https://www.calhr.ca.gov,,07/01/2014,,,,
2010,State Department,"Health Care Services, Department of",,"Associate Governmental Program Analyst, Range A",,,,52800,64176,,40763,0,0,0,40763,8197,0,0,13625,21821,2.00% @ 55,https://www.calhr.ca.gov,,07/01/2014,,,,
2010,State Department,"Health Care Services, Department of",,"Accounting Officer (Specialist), Range A",,,,46092,56040,,40696,0,0,0,40696,7632,0,0,2873,10505,2.00% @ 55,https://www.calhr.ca.gov,,07/01/2014,,,,
2010,State Department,"Health Care Services, Department of",,"Staff Services Analyst (General), Range C",,,,43896,53352,,40661,0,0,0,40661,5953,0,0,5165,11117,2.00% @ 55,https://www.calhr.ca.gov,,07/01/2014,,,,
2010,State Department,"Health Care Services, Department of",,"Tax Compliance Representative, Range C",,,,46092,56040,,40652,0,0,0,40652,7939,0,0,11209,19148,2.00% @ 55,https://www.calhr.ca.gov,,07/01/2014,,,,
2010,State Department,"Health Care Services, Department of",,"Fraud Investigator, Department Of Health Services, Range B",,,,53448,67572,,38404,0,2097,0,40500,10900,0,0,7740,18640,3.00% @ 50,https://www.calhr.ca.gov,,07/01/2014,,,,
2010,State Department,"Health Care Services, Department of",,"Staff Services Analyst (General), Range C",,,,43896,53352,,40417,0,0,0,40417,7604,0,0,5313,12917,2.00% @ 55,https://www.calhr.ca.gov,,07/01/2014,,,,
2010,State Department,"Health Care Services, Department of",,"Staff Programmer Analyst (Specialist), Range A",,,,60780,77592,,40405,0,0,0,40405,7760,0,0,5313,13073,2.00% @ 55,https://www.calhr.ca.gov,,07/01/2014,,,,
2010,State Department,"Health Care Services, Department of",,"Associate Governmental Program Analyst, Range A",,,,52800,64176,,40397,0,0,0,40397,7995,0,0,13247,21242,2.00% @ 55,https://www.calhr.ca.gov,,07/01/2014,,,,
2010,State Department,"Health Care Services, Department of",,"Associate Governmental Program Analyst, Range A",,,,52800,64176,,39055,1332,0,0,40387,0,0,0,3671,3671,Alternate Retirement Plan (ARP),https://www.calhr.ca.gov,,07/01/2014,,,,
2010,State Department,"Health Care Services, Department of",,"Associate Governmental Program Analyst, Range A",,,,52800,64176,,40338,0,0,0,40338,0,0,0,5055,5055,Alternate Retirement Plan (ARP),https://www.calhr.ca.gov,,07/01/2014,,,,
2010,State Department,"Health Care Services, Department of",,"Associate Governmental Program Analyst, Range A",,,,52800,64176,,40311,0,0,0,40311,8144,0,0,13607,21752,2.00% @ 55,https://www.calhr.ca.gov,,07/01/2014,,,,
2010,State Department,"Health Care Services, Department of",,"Property Controller II, Range A",,,,39564,48060,,40236,0,0,0,40236,7690,0,0,13625,21315,2.00% @ 55,https://www.calhr.ca.gov,,07/01/2014,,,,
2010,State Department,"Health Care Services, Department of",,"Associate Governmental Program Analyst, Range A",,,,52800,64176,,40220,0,0,0,40220,0,0,0,10205,10205,Alternate Retirement Plan (ARP),https://www.calhr.ca.gov,,07/01/2014,,,,
2010,State Department,"Health Care Services, Department of",,"Fraud Investigator, Department Of Health Services, Range C",,,,58656,74328,,21216,0,18991,0,40208,5799,0,0,3270,9069,3.00% @ 50,https://www.calhr.ca.gov,,07/01/2014,,,,
2010,State Department,"Health Care Services, Department of",,"Associate Governmental Program Analyst, Range A",,,,52800,64176,,40122,0,0,0,40122,8113,0,0,13625,21738,2.00% @ 55,https://www.calhr.ca.gov,,07/01/2014,,,,
2010,State Department,"Health Care Services, Department of",,"Health Program Auditor II, Department Of Health Services",,,,46092,58836,,40050,0,0,0,40050,2947,0,0,4847,7794,2.00% @ 55,https://www.calhr.ca.gov,,07/01/2014,,,,
2010,State Department,"Health Care Services, Department of",,"Health Program Auditor II, Department Of Health Services",,,,46092,58836,,39978,0,0,0,39978,2360,0,0,5055,7414,2.00% @ 55,https://www.calhr.ca.gov,,07/01/2014,,,,
2010,State Department,"Health Care Services, Department of",,"Health Program Auditor II, Department Of Health Services",,,,46092,58836,,39978,0,0,0,39978,2360,0,0,5055,7414,2.00% @ 55,https://www.calhr.ca.gov,,07/01/2014,,,,
2010,State Department,"Health Care Services, Department of",,"Health Program Auditor II, Department Of Health Services",,,,46092,58836,,39978,0,0,0,39978,2360,0,0,5055,7414,2.00% @ 55,https://www.calhr.ca.gov,,07/01/2014,,,,
2010,State Department,"Health Care Services, Department of",,"Staff Services Analyst (General), Range C",,,,43896,53352,,39941,0,0,0,39941,5981,0,0,5227,11208,2.00% @ 55,https://www.calhr.ca.gov,,07/01/2014,,,,
2010,State Department,"Health Care Services, Department of",,"Personnel Specialist, Range D",,,,40152,48804,,37529,0,0,2400,39929,7467,0,0,13625,21091,2.00% @ 55,https://www.calhr.ca.gov,,07/01/2014,,,,
2010,State Department,"Health Care Services, Department of",,"Health Program Auditor II, Department Of Health Services",,,,46092,58836,,39885,0,0,0,39885,5808,0,0,5046,10854,2.00% @ 55,https://www.calhr.ca.gov,,07/01/2014,,,,
2010,State Department,"Health Care Services, Department of",,"Health Program Auditor II, Department Of Health Services",,,,46092,58836,,39885,0,0,0,39885,2360,0,0,5055,7414,2.00% @ 55,https://www.calhr.ca.gov,,07/01/2014,,,,
2010,State Department,"Health Care Services, Department of",,"Staff Services Analyst (General), Range B",,,,36600,44496,,39859,0,0,0,39859,7001,0,0,1811,8812,1.25% @ 65,https://www.calhr.ca.gov,,07/01/2014,,,,
2010,State Department,"Health Care Services, Department of",,"Health Program Auditor III, Department Of Health Services",,,,55428,70764,,39760,0,0,0,39760,7856,0,0,12910,20766,2.00% @ 55,https://www.calhr.ca.gov,,07/01/2014,,,,
2010,State Department,"Health Care Services, Department of",,"Staff Services Analyst (General), Range C",,,,43896,53352,,39711,0,0,0,39711,7604,0,0,13625,21229,2.00% @ 55,https://www.calhr.ca.gov,,07/01/2014,,,,
2010,State Department,"Health Care Services, Department of",,"Accounting Officer (Specialist), Range A",,,,46092,56040,,39706,0,0,0,39706,6991,0,0,2133,9125,2.00% @ 55,https://www.calhr.ca.gov,,07/01/2014,,,,
2010,State Department,"Health Care Services, Department of",,"Staff Services Analyst (General), Range C",,,,43896,53352,,39686,0,0,0,39686,8107,0,0,13625,21732,2.00% @ 55,https://www.calhr.ca.gov,,07/01/2014,,,,
2010,State Department,"Health Care Services, Department of",,"Staff Services Analyst (General), Range C",,,,43896,53352,,39567,0,0,0,39567,7142,0,0,10792,17934,2.00% @ 55,https://www.calhr.ca.gov,,07/01/2014,,,,
2010,State Department,"Health Care Services, Department of",,"Staff Services Analyst (General), Range C",,,,43896,53352,,39562,0,0,0,39562,7395,0,0,11833,19227,2.00% @ 55,https://www.calhr.ca.gov,,07/01/2014,,,,
2010,State Department,"Health Care Services, Department of",,"Nurse Evaluator II, Health Services",,,,59004,75228,,36845,0,2636,0,39481,6395,0,0,3099,9494,2.00% @ 55,https://www.calhr.ca.gov,,07/01/2014,,,,
2010,State Department,"Health Care Services, Department of",,"Associate Governmental Program Analyst, Range A",,,,52800,64176,,39476,0,0,0,39476,0,0,0,4588,4588,Alternate Retirement Plan (ARP),https://www.calhr.ca.gov,,07/01/2014,,,,
2010,State Department,"Health Care Services, Department of",,"Associate Information Systems Analyst (Specialist), Range A",,,,55428,70764,,39439,0,0,0,39439,6891,0,0,2063,8954,2.00% @ 55,https://www.calhr.ca.gov,,07/01/2014,,,,
2010,State Department,"Health Care Services, Department of",,"Health Program Auditor III, Department Of Health Services",,,,55428,70764,,39400,0,0,0,39400,7586,0,0,11817,19403,2.00% @ 55,https://www.calhr.ca.gov,,07/01/2014,,,,
2010,State Department,"Health Care Services, Department of",,"Staff Services Analyst (General), Range C",,,,43896,53352,,37956,0,1402,0,39358,7165,0,0,4871,12035,2.00% @ 55,https://www.calhr.ca.gov,,07/01/2014,,,,
2010,State Department,"Health Care Services, Department of",,"Staff Services Analyst (General), Range C",,,,43896,53352,,39271,0,62,0,39334,7155,0,0,4634,11788,2.00% @ 55,https://www.calhr.ca.gov,,07/01/2014,,,,
2010,State Department,"Health Care Services, Department of",,"Health Program Auditor II, Department Of Health Services",,,,46092,58836,,39312,0,0,0,39312,4189,0,0,11319,15508,2.00% @ 55,https://www.calhr.ca.gov,,07/01/2014,,,,
2010,State Department,"Health Care Services, Department of",,Staff Services Manager I,,,,60948,73524,,31479,0,0,7815,39293,6000,0,0,15369,21369,2.00% @ 55,https://www.calhr.ca.gov,,07/01/2014,,,,
2010,State Department,"Health Care Services, Department of",,"Tax Compliance Representative, Range C",,,,46092,56040,,39265,0,0,0,39265,7782,0,0,13607,21390,2.00% @ 55,https://www.calhr.ca.gov,,07/01/2014,,,,
2010,State Department,"Health Care Services, Department of",,"Staff Services Analyst (General), Range C",,,,43896,53352,,39259,0,0,0,39259,7782,0,0,13625,21407,2.00% @ 55,https://www.calhr.ca.gov,,07/01/2014,,,,
2010,State Department,"Health Care Services, Department of",,"Associate Governmental Program Analyst, Range A",,,,52800,64176,,39834,0,0,-579,39255,0,0,0,9060,9060,Alternate Retirement Plan (ARP),https://www.calhr.ca.gov,,07/01/2014,,,,
2010,State Department,"Health Care Services, Department of",,"Personnel Specialist, Range D",,,,40152,48804,,36847,0,0,2400,39247,7500,0,0,13625,21125,2.00% @ 55,https://www.calhr.ca.gov,,07/01/2014,,,,
2010,State Department,"Health Care Services, Department of",,"Staff Services Analyst (General), Range C",,,,43896,53352,,38991,199,0,0,39190,0,0,0,5055,5055,Alternate Retirement Plan (ARP),https://www.calhr.ca.gov,,07/01/2014,,,,
2010,State Department,"Health Care Services, Department of",,"Tax Compliance Representative, Range C",,,,46092,56040,,39144,0,0,0,39144,7764,0,0,13625,21389,2.00% @ 55,https://www.calhr.ca.gov,,07/01/2014,,,,
2010,State Department,"Health Care Services, Department of",,"Staff Services Analyst (General), Range B",,,,36600,44496,,39111,0,0,0,39111,6815,0,0,1811,8625,2.00% @ 55,https://www.calhr.ca.gov,,07/01/2014,,,,
2010,State Department,"Health Care Services, Department of",,Personnel Technician II (Specialist),,,,39144,47604,,38915,0,0,107,39022,7509,0,0,10781,18290,1.25% @ 65,https://www.calhr.ca.gov,,07/01/2014,,,,
2010,State Department,"Health Care Services, Department of",,"Pharmaceutical Consultant II, Department Of Health Services (Specialist)",,,,68076,98472,,39011,0,0,0,39011,6759,0,0,4333,11092,2.00% @ 55,https://www.calhr.ca.gov,,07/01/2014,,,,
2010,State Department,"Health Care Services, Department of",,"Health Program Auditor II, Department Of Health Services",,,,46092,58836,,38980,0,0,0,38980,2807,0,0,5055,7862,2.00% @ 55,https://www.calhr.ca.gov,,07/01/2014,,,,
2010,State Department,"Health Care Services, Department of",,"Personnel Specialist, Range D",,,,40152,48804,,36571,0,0,2400,38971,6928,0,0,5313,12242,2.00% @ 55,https://www.calhr.ca.gov,,07/01/2014,,,,
2010,State Department,"Health Care Services, Department of",,"Nurse Evaluator II, Health Services",,,,59004,75228,,38015,0,899,0,38915,6832,0,0,9086,15917,2.00% @ 55,https://www.calhr.ca.gov,,07/01/2014,,,,
2010,State Department,"Health Care Services, Department of",,"Accounting Officer (Specialist), Range A",,,,46092,56040,,38875,0,0,0,38875,5808,0,0,9106,14914,2.00% @ 55,https://www.calhr.ca.gov,,07/01/2014,,,,
2010,State Department,"Health Care Services, Department of",,"Accountant Trainee, Range A",,,,38880,45012,,38420,162,0,271,38853,7248,0,0,5046,12294,2.00% @ 55,https://www.calhr.ca.gov,,07/01/2014,,,,
2010,State Department,"Health Care Services, Department of",,"Health Program Auditor II, Department Of Health Services",,,,46092,58836,,38790,0,0,0,38790,4129,0,0,9758,13886,2.00% @ 55,https://www.calhr.ca.gov,,07/01/2014,,,,
2010,State Department,"Health Care Services, Department of",,"Nurse Evaluator II, Health Services",,,,59004,75228,,38776,0,0,0,38776,7793,0,0,10400,18193,2.00% @ 55,https://www.calhr.ca.gov,,07/01/2014,,,,
2010,State Department,"Health Care Services, Department of",,"Business Service Officer I (Specialist), Range A",,,,43896,53352,,35179,2943,0,549,38671,7061,0,0,12891,19953,2.00% @ 55,https://www.calhr.ca.gov,,07/01/2014,,,,
2010,State Department,"Health Care Services, Department of",,"Staff Services Analyst (General), Range C",,,,43896,53352,,38578,0,0,72,38650,6598,0,0,7025,13623,2.00% @ 55,https://www.calhr.ca.gov,,07/01/2014,,,,
2010,State Department,"Health Care Services, Department of",,"Health Program Auditor III, Department Of Health Services",,,,55428,70764,,38640,0,0,0,38640,3705,0,0,11764,15469,2.00% @ 55,https://www.calhr.ca.gov,,07/01/2014,,,,
2010,State Department,"Health Care Services, Department of",,"Staff Services Analyst (General), Range C",,,,43896,53352,,38629,0,0,0,38629,7190,0,0,5313,12504,1.25% @ 65,https://www.calhr.ca.gov,,07/01/2014,,,,
2010,State Department,"Health Care Services, Department of",,Staff Services Manager I,,,,60948,73524,,38618,0,0,0,38618,7353,0,0,14084,21437,2.00% @ 55,https://www.calhr.ca.gov,,07/01/2014,,,,
2010,State Department,"Health Care Services, Department of",,"Staff Services Analyst (General), Range C",,,,43896,53352,,38583,0,0,0,38583,0,0,0,5055,5055,Alternate Retirement Plan (ARP),https://www.calhr.ca.gov,,07/01/2014,,,,
2010,State Department,"Health Care Services, Department of",,"Staff Services Analyst (General), Range C",,,,43896,53352,,37980,0,0,500,38480,7215,0,0,5313,12529,2.00% @ 55,https://www.calhr.ca.gov,,07/01/2014,,,,
2010,State Department,"Health Care Services, Department of",,"Associate Governmental Program Analyst, Range A",,,,52800,64176,,38476,0,0,0,38476,7692,0,0,13607,21299,2.00% @ 55,https://www.calhr.ca.gov,,07/01/2014,,,,
2010,State Department,"Health Care Services, Department of",,"Staff Services Analyst (General), Range C",,,,43896,53352,,38425,0,0,0,38425,0,0,0,5055,5055,Alternate Retirement Plan (ARP),https://www.calhr.ca.gov,,07/01/2014,,,,
2010,State Department,"Health Care Services, Department of",,"Legal Assistant, Range A",,,,40632,49392,,38404,0,0,0,38404,7128,0,0,5313,12441,2.00% @ 55,https://www.calhr.ca.gov,,07/01/2014,,,,
2010,State Department,"Health Care Services, Department of",,"Staff Services Analyst (General), Range C",,,,43896,53352,,38388,0,0,0,38388,4017,0,0,9328,13345,2.00% @ 55,https://www.calhr.ca.gov,,07/01/2014,,,,
2010,State Department,"Health Care Services, Department of",,"Executive Assistant, Range A",,,,39456,47952,,38388,0,0,0,38388,7673,0,0,12891,20564,2.00% @ 55,https://www.calhr.ca.gov,,07/01/2014,,,,
2010,State Department,"Health Care Services, Department of",,"Management Services Technician, Range B",,,,33804,41112,,20252,0,18101,0,38353,3614,0,0,3531,7144,2.00% @ 55,https://www.calhr.ca.gov,,07/01/2014,,,,
2010,State Department,"Health Care Services, Department of",,"Senior Legal Typist, Range B",,,,34728,42192,,38294,0,0,0,38294,6665,0,0,1811,8475,2.00% @ 55,https://www.calhr.ca.gov,,07/01/2014,,,,
2010,State Department,"Health Care Services, Department of",,"Staff Services Analyst (General), Range B",,,,36600,44496,,38266,0,0,0,38266,6757,0,0,2873,9630,2.00% @ 55,https://www.calhr.ca.gov,,07/01/2014,,,,
2010,State Department,"Health Care Services, Department of",,"Associate Governmental Program Analyst, Range A",,,,52800,64176,,38246,0,0,0,38246,0,0,0,6897,6897,Alternate Retirement Plan (ARP),https://www.calhr.ca.gov,,07/01/2014,,,,
2010,State Department,"Health Care Services, Department of",,"Associate Governmental Program Analyst, Range A",,,,52800,64176,,38229,0,0,0,38229,7533,0,0,12891,20424,2.00% @ 55,https://www.calhr.ca.gov,,07/01/2014,,,,
2010,State Department,"Health Care Services, Department of",,"Associate Governmental Program Analyst, Range A",,,,52800,64176,,38220,0,0,0,38220,7352,0,0,5313,12665,1.25% @ 65,https://www.calhr.ca.gov,,07/01/2014,,,,
2010,State Department,"Health Care Services, Department of",,"Assistant Information Systems Analyst, Range C",,,,46092,58836,,38214,0,0,0,38214,7294,0,0,5313,12607,2.00% @ 55,https://www.calhr.ca.gov,,07/01/2014,,,,
2010,State Department,"Health Care Services, Department of",,"Nurse Evaluator II, Health Services",,,,59004,75228,,38187,0,0,0,38187,7321,0,0,9258,16579,2.00% @ 55,https://www.calhr.ca.gov,,07/01/2014,,,,
2010,State Department,"Health Care Services, Department of",,"Staff Services Analyst (General), Range C",,,,43896,53352,,38177,0,0,0,38177,7042,0,0,5055,12096,2.00% @ 55,https://www.calhr.ca.gov,,07/01/2014,,,,
2010,State Department,"Health Care Services, Department of",,Health Program Manager III,,,,81348,89688,,38161,0,0,0,38161,0,0,0,,0,,https://www.calhr.ca.gov,,07/01/2014,,,,
2010,State Department,"Health Care Services, Department of",,"Staff Services Analyst (General), Range C",,,,43896,53352,,38103,0,0,0,38103,7491,0,0,10403,17894,1.25% @ 65,https://www.calhr.ca.gov,,07/01/2014,,,,
2010,State Department,"Health Care Services, Department of",,"Tax Compliance Representative, Range C",,,,46092,56040,,37180,0,908,0,38088,7403,0,0,13625,21027,2.00% @ 55,https://www.calhr.ca.gov,,07/01/2014,,,,
2010,State Department,"Health Care Services, Department of",,"Staff Services Analyst (General), Range C",,,,43896,53352,,38081,0,0,0,38081,7105,0,0,5854,12959,2.00% @ 55,https://www.calhr.ca.gov,,07/01/2014,,,,
2010,State Department,"Health Care Services, Department of",,"Associate Information Systems Analyst (Specialist), Range A",,,,55428,70764,,37947,0,0,0,37947,8212,0,0,13625,21837,2.00% @ 55,https://www.calhr.ca.gov,,07/01/2014,,,,
2010,State Department,"Health Care Services, Department of",,"Management Services Technician, Range B",,,,33804,41112,,37889,0,0,0,37889,6578,0,0,1811,8389,2.00% @ 55,https://www.calhr.ca.gov,,07/01/2014,,,,
2010,State Department,"Health Care Services, Department of",,"Information Systems Technician, Range C",,,,35136,44844,,37874,0,0,0,37874,7176,0,0,10529,17705,2.00% @ 55,https://www.calhr.ca.gov,,07/01/2014,,,,
2010,State Department,"Health Care Services, Department of",,"Staff Services Analyst (General), Range C",,,,43896,53352,,37725,0,0,0,37725,7349,0,0,10403,17752,2.00% @ 55,https://www.calhr.ca.gov,,07/01/2014,,,,
2010,State Department,"Health Care Services, Department of",,"Nurse Consultant III (Specialist), Range A",,,,71436,91728,,37652,0,0,0,37652,0,0,0,,0,,https://www.calhr.ca.gov,,07/01/2014,,,,
2010,State Department,"Health Care Services, Department of",,"Staff Services Analyst (General), Range C",,,,43896,53352,,37620,0,0,0,37620,7679,0,0,13625,21304,2.00% @ 55,https://www.calhr.ca.gov,,07/01/2014,,,,
2010,State Department,"Health Care Services, Department of",,"Staff Services Analyst (General), Range C",,,,43896,53352,,37611,0,0,0,37611,0,0,0,5055,5055,Alternate Retirement Plan (ARP),https://www.calhr.ca.gov,,07/01/2014,,,,
2010,State Department,"Health Care Services, Department of",,"Nurse Evaluator II, Health Services",,,,59004,75228,,37711,0,0,-156,37556,0,0,0,3086,3086,Alternate Retirement Plan (ARP),https://www.calhr.ca.gov,,07/01/2014,,,,
2010,State Department,"Health Care Services, Department of",,"Executive Assistant, Range A",,,,39456,47952,,37440,0,0,0,37440,6503,0,0,1811,8313,2.00% @ 55,https://www.calhr.ca.gov,,07/01/2014,,,,
2010,State Department,"Health Care Services, Department of",,"Accounting Officer (Specialist), Range A",,,,46092,56040,,36710,485,0,177,37372,7368,0,0,14649,22017,2.00% @ 55,https://www.calhr.ca.gov,,07/01/2014,,,,
2010,State Department,"Health Care Services, Department of",,"Staff Services Analyst (General), Range B",,,,36600,44496,,37354,0,0,0,37354,7069,0,0,10489,17558,2.00% @ 55,https://www.calhr.ca.gov,,07/01/2014,,,,
2010,State Department,"Health Care Services, Department of",,"Health Program Auditor III, Department Of Health Services",,,,55428,70764,,37306,0,0,18,37324,7519,0,0,14741,22260,2.00% @ 55,https://www.calhr.ca.gov,,07/01/2014,,,,
2010,State Department,"Health Care Services, Department of",,"Senior Legal Typist, Range B",,,,34728,42192,,37274,0,0,0,37274,6751,0,0,2873,9624,2.00% @ 55,https://www.calhr.ca.gov,,07/01/2014,,,,
2010,State Department,"Health Care Services, Department of",,"Associate Governmental Program Analyst, Range A",,,,52800,64176,,37261,0,0,0,37261,0,0,0,11806,11806,Alternate Retirement Plan (ARP),https://www.calhr.ca.gov,,07/01/2014,,,,
2010,State Department,"Health Care Services, Department of",,"Associate Governmental Program Analyst, Range A",,,,52800,64176,,37253,0,0,0,37253,0,0,0,4161,4161,Alternate Retirement Plan (ARP),https://www.calhr.ca.gov,,07/01/2014,,,,
2010,State Department,"Health Care Services, Department of",,"Executive Secretary I, Range A",,,,36240,44064,,37229,0,0,0,37229,7051,0,0,10403,17454,2.00% @ 55,https://www.calhr.ca.gov,,07/01/2014,,,,
2010,State Department,"Health Care Services, Department of",,"Staff Services Analyst (General), Range C",,,,43896,53352,,37211,0,0,0,37211,6606,0,0,1991,8597,2.00% @ 55,https://www.calhr.ca.gov,,07/01/2014,,,,
2010,State Department,"Health Care Services, Department of",,"Program Technician III, Range A",,,,35412,43056,,37107,0,0,0,37107,6889,0,0,5313,12203,2.00% @ 55,https://www.calhr.ca.gov,,07/01/2014,,,,
2010,State Department,"Health Care Services, Department of",,Staff Services Manager I,,,,60948,73524,,37107,0,0,0,37107,0,0,0,1017,1017,Alternate Retirement Plan (ARP),https://www.calhr.ca.gov,,07/01/2014,,,,
2010,State Department,"Health Care Services, Department of",,"Senior Word Processing Technician, Range S",,,,32940,40008,,37096,0,0,0,37096,6402,0,0,1991,8392,2.00% @ 55,https://www.calhr.ca.gov,,07/01/2014,,,,
2010,State Department,"Health Care Services, Department of",,Medi-Cal Technician II,,,,33072,40212,,37096,0,0,0,37096,6434,0,0,1700,8135,2.00% @ 55,https://www.calhr.ca.gov,,07/01/2014,,,,
2010,State Department,"Health Care Services, Department of",,"Research Analyst II -General-, Range A",,,,55428,67392,,37630,0,0,-559,37071,7320,0,0,8322,15641,2.00% @ 55,https://www.calhr.ca.gov,,07/01/2014,,,,
2010,State Department,"Health Care Services, Department of",,"Accounting Officer (Specialist), Range A",,,,46092,56040,,37067,0,0,0,37067,6985,0,0,5055,12039,2.00% @ 55,https://www.calhr.ca.gov,,07/01/2014,,,,
2010,State Department,"Health Care Services, Department of",,"Nurse Consultant III (Specialist), Range A",,,,71436,91728,,28168,0,8825,0,36992,4975,0,0,4333,9308,2.00% @ 55,https://www.calhr.ca.gov,,07/01/2014,,,,
2010,State Department,"Health Care Services, Department of",,"Personnel Specialist, Range D",,,,40152,48804,,34527,0,0,2400,36927,6745,0,0,10403,17149,2.00% @ 55,https://www.calhr.ca.gov,,07/01/2014,,,,
2010,State Department,"Health Care Services, Department of",,"Nurse Evaluator II, Health Services",,,,59004,75228,,35895,0,985,0,36880,0,0,0,3973,3973,Alternate Retirement Plan (ARP),https://www.calhr.ca.gov,,07/01/2014,,,,
2010,State Department,"Health Care Services, Department of",,"Information Systems Technician, Range C",,,,35136,44844,,36850,0,0,0,36850,7176,0,0,6053,13228,2.00% @ 55,https://www.calhr.ca.gov,,07/01/2014,,,,
2010,State Department,"Health Care Services, Department of",,"Staff Services Analyst (General), Range C",,,,43896,53352,,36774,0,0,0,36774,1607,0,0,1811,3418,2.00% @ 55,https://www.calhr.ca.gov,,07/01/2014,,,,
2010,State Department,"Health Care Services, Department of",,"Executive Assistant, Range A",,,,39456,47952,,36762,0,0,0,36762,7116,0,0,12891,20007,1.25% @ 65,https://www.calhr.ca.gov,,07/01/2014,,,,
2010,State Department,"Health Care Services, Department of",,"Staff Services Analyst (General), Range C",,,,43896,53352,,36760,0,0,0,36760,7825,0,0,10403,18228,2.00% @ 55,https://www.calhr.ca.gov,,07/01/2014,,,,
2010,State Department,"Health Care Services, Department of",,"Accountant Trainee, Range A",,,,38880,45012,,36702,0,0,0,36702,7164,0,0,10403,17567,2.00% @ 55,https://www.calhr.ca.gov,,07/01/2014,,,,
2010,State Department,"Health Care Services, Department of",,"Staff Services Analyst (General), Range C",,,,43896,53352,,36609,0,0,0,36609,6884,0,0,5055,11939,2.00% @ 55,https://www.calhr.ca.gov,,07/01/2014,,,,
2010,State Department,"Health Care Services, Department of",,"Staff Services Analyst (General), Range C",,,,43896,53352,,36603,0,0,0,36603,5558,0,0,9281,14839,2.00% @ 55,https://www.calhr.ca.gov,,07/01/2014,,,,
2010,State Department,"Health Care Services, Department of",,"Health Program Auditor IV, Department Of Health Services",,,,57996,74016,,4932,0,31664,0,36595,901,0,0,443,1344,2.00% @ 55,https://www.calhr.ca.gov,,07/01/2014,,,,
2010,State Department,"Health Care Services, Department of",,"Staff Services Analyst (General), Range C",,,,43896,53352,,36586,0,0,0,36586,6899,0,0,5797,12696,2.00% @ 55,https://www.calhr.ca.gov,,07/01/2014,,,,
2010,State Department,"Health Care Services, Department of",,"Accounting Officer (Specialist), Range A",,,,46092,56040,,36521,0,0,0,36521,6893,0,0,5319,12212,2.00% @ 55,https://www.calhr.ca.gov,,07/01/2014,,,,
2010,State Department,"Health Care Services, Department of",,"Staff Services Analyst (General), Range C",,,,43896,53352,,36302,0,0,200,36502,0,0,0,5055,5055,Alternate Retirement Plan (ARP),https://www.calhr.ca.gov,,07/01/2014,,,,
2010,State Department,"Health Care Services, Department of",,"Staff Services Analyst (General), Range C",,,,43896,53352,,36436,0,0,0,36436,7003,0,0,13625,20628,2.00% @ 55,https://www.calhr.ca.gov,,07/01/2014,,,,
2010,State Department,"Health Care Services, Department of",,"Staff Services Analyst (General), Range C",,,,43896,53352,,34020,0,0,2400,36420,7120,0,0,13607,20728,2.00% @ 55,https://www.calhr.ca.gov,,07/01/2014,,,,
2010,State Department,"Health Care Services, Department of",,"Staff Services Analyst (General), Range C",,,,43896,53352,,36407,0,0,0,36407,7269,0,0,13625,20893,2.00% @ 55,https://www.calhr.ca.gov,,07/01/2014,,,,
2010,State Department,"Health Care Services, Department of",,"Nurse Evaluator II, Health Services",,,,59004,75228,,35330,0,997,0,36328,0,0,0,6844,6844,Alternate Retirement Plan (ARP),https://www.calhr.ca.gov,,07/01/2014,,,,
2010,State Department,"Health Care Services, Department of",,"Staff Services Analyst (General), Range C",,,,43896,53352,,34766,0,1861,-306,36321,6420,0,0,5784,12203,2.00% @ 55,https://www.calhr.ca.gov,,07/01/2014,,,,
2010,State Department,"Health Care Services, Department of",,Supervising Program Technician II,,,,35436,43080,,36285,0,0,0,36285,6893,0,0,5636,12530,2.00% @ 55,https://www.calhr.ca.gov,,07/01/2014,,,,
2010,State Department,"Health Care Services, Department of",,"Accountant Trainee, Range A",,,,38880,45012,,36252,0,0,0,36252,6391,0,0,2873,9263,2.00% @ 55,https://www.calhr.ca.gov,,07/01/2014,,,,
2010,State Department,"Health Care Services, Department of",,"Staff Services Analyst (General), Range C",,,,43896,53352,,36180,0,0,0,36180,0,0,0,5055,5055,Alternate Retirement Plan (ARP),https://www.calhr.ca.gov,,07/01/2014,,,,
2010,State Department,"Health Care Services, Department of",,"Office Technician (Typing), Range A",,,,32232,39168,,36177,0,0,0,36177,6267,0,0,1811,8078,2.00% @ 55,https://www.calhr.ca.gov,,07/01/2014,,,,
2010,State Department,"Health Care Services, Department of",,"Health Program Auditor II, Department Of Health Services",,,,46092,58836,,34965,0,0,1200,36165,7375,0,0,8936,16311,2.00% @ 55,https://www.calhr.ca.gov,,07/01/2014,,,,
2010,State Department,"Health Care Services, Department of",,"Associate Governmental Program Analyst, Range A",,,,52800,64176,,36282,0,0,-202,36080,7016,0,0,9362,16377,1.25% @ 65,https://www.calhr.ca.gov,,07/01/2014,,,,
2010,State Department,"Health Care Services, Department of",,"Tax Compliance Representative, Range C",,,,46092,56040,,35967,0,0,0,35967,7129,0,0,13625,20753,2.00% @ 55,https://www.calhr.ca.gov,,07/01/2014,,,,
2010,State Department,"Health Care Services, Department of",,"Management Services Technician, Range B",,,,33804,41112,,35918,0,0,0,35918,6444,0,0,2133,8577,2.00% @ 55,https://www.calhr.ca.gov,,07/01/2014,,,,
2010,State Department,"Health Care Services, Department of",,"Research Analyst II -General-, Range A",,,,55428,67392,,35788,0,0,0,35788,6690,0,0,5313,12003,2.00% @ 55,https://www.calhr.ca.gov,,07/01/2014,,,,
2010,State Department,"Health Care Services, Department of",,"Senior Legal Typist, Range B",,,,34728,42192,,35780,0,0,0,35780,6751,0,0,5313,12065,2.00% @ 55,https://www.calhr.ca.gov,,07/01/2014,,,,
2010,State Department,"Health Care Services, Department of",,"Associate Life Actuary, Range A",,,,84444,102660,,35200,0,0,500,35700,6193,0,0,2873,9066,2.00% @ 55,https://www.calhr.ca.gov,,07/01/2014,,,,
2010,State Department,"Health Care Services, Department of",,"Health Program Auditor III, Department Of Health Services",,,,55428,70764,,35679,0,0,0,35679,7008,0,0,5234,12242,2.00% @ 55,https://www.calhr.ca.gov,,07/01/2014,,,,
2010,State Department,"Health Care Services, Department of",,"Health Program Auditor II, Department Of Health Services",,,,46092,58836,,35653,0,0,0,35653,6754,0,0,5055,11809,2.00% @ 55,https://www.calhr.ca.gov,,07/01/2014,,,,
2010,State Department,"Health Care Services, Department of",,"Staff Services Analyst (General), Range B",,,,36600,44496,,35542,87,0,0,35628,7346,0,0,13322,20669,2.00% @ 55,https://www.calhr.ca.gov,,07/01/2014,,,,
2010,State Department,"Health Care Services, Department of",,"Staff Services Analyst (General), Range C",,,,43896,53352,,35602,0,0,0,35602,1607,0,0,5055,6662,2.00% @ 55,https://www.calhr.ca.gov,,07/01/2014,,,,
2010,State Department,"Health Care Services, Department of",,"Accounting Technician, Range A",,,,31656,38508,,35595,0,0,0,35595,6162,0,0,1811,7972,2.00% @ 55,https://www.calhr.ca.gov,,07/01/2014,,,,
2010,State Department,"Health Care Services, Department of",,Program Technician II,,,,31656,38508,,35595,0,0,0,35595,6162,0,0,1811,7972,2.00% @ 55,https://www.calhr.ca.gov,,07/01/2014,,,,
2010,State Department,"Health Care Services, Department of",,Program Technician II,,,,31656,38508,,35595,0,0,0,35595,6162,0,0,1811,7972,2.00% @ 55,https://www.calhr.ca.gov,,07/01/2014,,,,
2010,State Department,"Health Care Services, Department of",,"Accounting Analyst, Range C",,,,46092,56040,,35592,0,0,0,35592,6517,0,0,2133,8651,2.00% @ 55,https://www.calhr.ca.gov,,07/01/2014,,,,
2010,State Department,"Health Care Services, Department of",,"Tax Compliance Representative, Range C",,,,46092,56040,,35268,0,318,0,35587,6260,0,0,3996,10256,2.00% @ 55,https://www.calhr.ca.gov,,07/01/2014,,,,
2010,State Department,"Health Care Services, Department of",,Auditor I,,,,37272,47592,,35559,0,0,0,35559,0,0,0,4574,4574,Alternate Retirement Plan (ARP),https://www.calhr.ca.gov,,07/01/2014,,,,
2010,State Department,"Health Care Services, Department of",,"Accounting Technician, Range A",,,,31656,38508,,32678,0,0,2787,35465,6059,0,0,1811,7869,2.00% @ 55,https://www.calhr.ca.gov,,07/01/2014,,,,
2010,State Department,"Health Care Services, Department of",,Program Technician II,,,,31656,38508,,28769,0,0,6688,35457,5797,0,0,10403,16200,2.00% @ 55,https://www.calhr.ca.gov,,07/01/2014,,,,
2010,State Department,"Health Care Services, Department of",,"Management Services Technician, Range B",,,,33804,41112,,35395,0,0,0,35395,6495,0,0,5313,11808,1.25% @ 65,https://www.calhr.ca.gov,,07/01/2014,,,,
2010,State Department,"Health Care Services, Department of",,"Business Service Assistant (Specialist), Range C",,,,36600,44496,,35391,0,0,0,35391,7120,0,0,11255,18374,2.00% @ 55,https://www.calhr.ca.gov,,07/01/2014,,,,
2010,State Department,"Health Care Services, Department of",,"Associate Governmental Program Analyst, Range A",,,,52800,64176,,35320,0,0,0,35320,7217,0,0,13607,20824,2.00% @ 55,https://www.calhr.ca.gov,,07/01/2014,,,,
2010,State Department,"Health Care Services, Department of",,"Management Services Technician, Range B",,,,33804,41112,,34709,0,0,500,35209,6578,0,0,5675,12254,2.00% @ 55,https://www.calhr.ca.gov,,07/01/2014,,,,
2010,State Department,"Health Care Services, Department of",,Medi-Cal Technician II,,,,33072,40212,,19404,0,15765,0,35168,3419,0,0,3099,6518,2.00% @ 55,https://www.calhr.ca.gov,,07/01/2014,,,,
2010,State Department,"Health Care Services, Department of",,"Associate Governmental Program Analyst, Range A",,,,52800,64176,,35151,0,0,0,35151,6985,0,0,10360,17344,2.00% @ 55,https://www.calhr.ca.gov,,07/01/2014,,,,
2010,State Department,"Health Care Services, Department of",,Auditor I,,,,37272,47592,,35141,0,0,0,35141,0,0,0,1520,1520,Alternate Retirement Plan (ARP),https://www.calhr.ca.gov,,07/01/2014,,,,
2010,State Department,"Health Care Services, Department of",,"Staff Services Analyst (General), Range C",,,,43896,53352,,35090,0,0,0,35090,1607,0,0,9897,11504,2.00% @ 55,https://www.calhr.ca.gov,,07/01/2014,,,,
2010,State Department,"Health Care Services, Department of",,Staff Services Manager I,,,,60948,73524,,35082,0,0,0,35082,0,0,0,4729,4729,Alternate Retirement Plan (ARP),https://www.calhr.ca.gov,,07/01/2014,,,,
2010,State Department,"Health Care Services, Department of",,"Accounting Technician, Range A",,,,31656,38508,,35049,0,0,0,35049,6162,0,0,2873,9034,2.00% @ 55,https://www.calhr.ca.gov,,07/01/2014,,,,
2010,State Department,"Health Care Services, Department of",,Personnel Technician II (Specialist),,,,39144,47604,,35028,0,0,0,35028,7107,0,0,10403,17511,2.00% @ 55,https://www.calhr.ca.gov,,07/01/2014,,,,
2010,State Department,"Health Care Services, Department of",,Supervising Program Technician I,,,,32940,40008,,34720,0,0,250,34970,6402,0,0,5636,12038,2.00% @ 55,https://www.calhr.ca.gov,,07/01/2014,,,,
2010,State Department,"Health Care Services, Department of",,"Management Services Technician, Range B",,,,33804,41112,,34922,0,0,0,34922,6578,0,0,5313,11892,2.00% @ 55,https://www.calhr.ca.gov,,07/01/2014,,,,
2010,State Department,"Health Care Services, Department of",,"Staff Services Analyst (General), Range C",,,,43896,53352,,34913,0,0,0,34913,5855,0,0,1866,7720,2.00% @ 55,https://www.calhr.ca.gov,,07/01/2014,,,,
2010,State Department,"Health Care Services, Department of",,"Senior Legal Typist, Range B",,,,34728,42192,,34878,0,0,0,34878,6391,0,0,5313,11705,1.25% @ 65,https://www.calhr.ca.gov,,07/01/2014,,,,
2010,State Department,"Health Care Services, Department of",,"Office Technician (General), Range A",,,,31656,38508,,34859,0,0,0,34859,6145,0,0,1875,8019,2.00% @ 55,https://www.calhr.ca.gov,,07/01/2014,,,,
2010,State Department,"Health Care Services, Department of",,"Systems Software Specialist I (Technical), Range A",,,,60768,77580,,34828,0,0,0,34828,0,0,0,3961,3961,2.00% @ 55,https://www.calhr.ca.gov,,07/01/2014,,,,
2010,State Department,"Health Care Services, Department of",,"Staff Services Analyst (General), Range C",,,,43896,53352,,34633,0,0,0,34633,0,0,0,1574,1574,Alternate Retirement Plan (ARP),https://www.calhr.ca.gov,,07/01/2014,,,,
2010,State Department,"Health Care Services, Department of",,"Staff Services Analyst (General), Range C",,,,43896,53352,,34618,0,0,0,34618,0,0,0,1358,1358,Alternate Retirement Plan (ARP),https://www.calhr.ca.gov,,07/01/2014,,,,
2010,State Department,"Health Care Services, Department of",,"Staff Services Management Auditor, Range C",,,,46092,58836,,34064,0,0,500,34564,0,0,0,1875,1875,Alternate Retirement Plan (ARP),https://www.calhr.ca.gov,,07/01/2014,,,,
2010,State Department,"Health Care Services, Department of",,"Management Services Technician, Range B",,,,33804,41112,,34561,0,0,0,34561,6224,0,0,3387,9610,2.00% @ 55,https://www.calhr.ca.gov,,07/01/2014,,,,
2010,State Department,"Health Care Services, Department of",,"Staff Services Analyst (General), Range C",,,,43896,53352,,34518,0,0,0,34518,6535,0,0,5133,11668,2.00% @ 55,https://www.calhr.ca.gov,,07/01/2014,,,,
2010,State Department,"Health Care Services, Department of",,"Senior Legal Typist, Range B",,,,34728,42192,,34495,0,0,0,34495,6751,0,0,5313,12065,2.00% @ 55,https://www.calhr.ca.gov,,07/01/2014,,,,
2010,State Department,"Health Care Services, Department of",,Auditor I,,,,37272,47592,,34413,0,0,0,34413,6156,0,0,1229,7385,2.00% @ 55,https://www.calhr.ca.gov,,07/01/2014,,,,
2010,State Department,"Health Care Services, Department of",,"Management Services Technician, Range B",,,,33804,41112,,34375,0,0,0,34375,6578,0,0,5313,11892,2.00% @ 55,https://www.calhr.ca.gov,,07/01/2014,,,,
2010,State Department,"Health Care Services, Department of",,Program Technician II,,,,31656,38508,,34374,0,0,0,34374,6095,0,0,2873,8967,2.00% @ 55,https://www.calhr.ca.gov,,07/01/2014,,,,
2010,State Department,"Health Care Services, Department of",,"Management Services Technician, Range B",,,,33804,41112,,34369,0,0,0,34369,6578,0,0,10763,17342,2.00% @ 55,https://www.calhr.ca.gov,,07/01/2014,,,,
2010,State Department,"Health Care Services, Department of",,"Office Technician (Typing), Range A",,,,32232,39168,,33273,0,0,1084,34356,6267,0,0,5188,11456,2.00% @ 55,https://www.calhr.ca.gov,,07/01/2014,,,,
2010,State Department,"Health Care Services, Department of",,"Health Program Auditor II, Department Of Health Services",,,,46092,58836,,34332,0,0,0,34332,2212,0,0,1509,3721,2.00% @ 55,https://www.calhr.ca.gov,,07/01/2014,,,,
2010,State Department,"Health Care Services, Department of",,"Accounting Officer (Specialist), Range A",,,,46092,56040,,34291,0,0,0,34291,6103,0,0,6645,12748,2.00% @ 55,https://www.calhr.ca.gov,,07/01/2014,,,,
2010,State Department,"Health Care Services, Department of",,"Executive Assistant, Range A",,,,39456,47952,,34276,0,0,0,34276,6459,0,0,5313,11773,2.00% @ 55,https://www.calhr.ca.gov,,07/01/2014,,,,
2010,State Department,"Health Care Services, Department of",,"Staff Services Management Auditor, Range B",,,,38448,46716,,34249,0,0,0,34249,0,0,0,131,131,Alternate Retirement Plan (ARP),https://www.calhr.ca.gov,,07/01/2014,,,,
2010,State Department,"Health Care Services, Department of",,"Business Service Assistant (Specialist), Range C",,,,36600,44496,,34228,0,0,0,34228,6249,0,0,5055,11303,2.00% @ 55,https://www.calhr.ca.gov,,07/01/2014,,,,
2010,State Department,"Health Care Services, Department of",,Special Assistant,,,,53088,64068,,34191,0,0,0,34191,0,0,0,76,76,Alternate Retirement Plan (ARP),https://www.calhr.ca.gov,,07/01/2014,,,,
2010,State Department,"Health Care Services, Department of",,"Executive Assistant, Range A",,,,39456,47952,,34158,0,0,0,34158,6860,0,0,13625,20484,2.00% @ 55,https://www.calhr.ca.gov,,07/01/2014,,,,
2010,State Department,"Health Care Services, Department of",,"Senior Word Processing Technician, Range S",,,,32940,40008,,34154,0,0,0,34154,6402,0,0,5636,12038,2.00% @ 55,https://www.calhr.ca.gov,,07/01/2014,,,,
2010,State Department,"Health Care Services, Department of",,"Management Services Technician, Range B",,,,33804,41112,,34123,0,0,0,34123,6578,0,0,13625,20203,2.00% @ 55,https://www.calhr.ca.gov,,07/01/2014,,,,
2010,State Department,"Health Care Services, Department of",,"Nurse Evaluator II, Health Services",,,,59004,75228,,33802,0,0,310,34112,0,0,0,1006,1006,Alternate Retirement Plan (ARP),https://www.calhr.ca.gov,,07/01/2014,,,,
2010,State Department,"Health Care Services, Department of",,Staff Services Manager III,,,,81348,89688,,6025,0,28070,0,34095,1034,0,0,470,1504,2.00% @ 55,https://www.calhr.ca.gov,,07/01/2014,,,,
2010,State Department,"Health Care Services, Department of",,Medi-Cal Technician II,,,,33072,40212,,34037,0,0,0,34037,6434,0,0,5313,11748,2.00% @ 55,https://www.calhr.ca.gov,,07/01/2014,,,,
2010,State Department,"Health Care Services, Department of",,Program Technician II,,,,31656,38508,,34029,0,0,0,34029,6162,0,0,2873,9034,2.00% @ 55,https://www.calhr.ca.gov,,07/01/2014,,,,
2010,State Department,"Health Care Services, Department of",,"Management Services Technician, Range B",,,,33804,41112,,33989,0,0,0,33989,6578,0,0,5313,11892,2.00% @ 55,https://www.calhr.ca.gov,,07/01/2014,,,,
2010,State Department,"Health Care Services, Department of",,"Health Program Auditor III, Department Of Health Services",,,,55428,70764,,18668,0,0,15306,33974,3951,0,0,1378,5329,2.00% @ 55,https://www.calhr.ca.gov,,07/01/2014,,,,
2010,State Department,"Health Care Services, Department of",,Auditor I,,,,37272,47592,,33925,0,0,0,33925,0,0,0,5055,5055,Alternate Retirement Plan (ARP),https://www.calhr.ca.gov,,07/01/2014,,,,
2010,State Department,"Health Care Services, Department of",,"Accounting Technician, Range A",,,,31656,38508,,32855,555,0,500,33911,6162,0,0,6053,12214,2.00% @ 55,https://www.calhr.ca.gov,,07/01/2014,,,,
2010,State Department,"Health Care Services, Department of",,"Office Technician (Typing), Range A",,,,32232,39168,,33910,0,0,0,33910,5929,0,0,2452,8381,2.00% @ 55,https://www.calhr.ca.gov,,07/01/2014,,,,
2010,State Department,"Health Care Services, Department of",,"Staff Services Analyst (General), Range A",,,,33804,41112,,33779,0,0,0,33779,6293,0,0,5243,11537,2.00% @ 55,https://www.calhr.ca.gov,,07/01/2014,,,,
2010,State Department,"Health Care Services, Department of",,"Health Program Auditor III, Department Of Health Services",,,,55428,70764,,33768,0,0,0,33768,6844,0,0,11300,18144,2.00% @ 55,https://www.calhr.ca.gov,,07/01/2014,,,,
2010,State Department,"Health Care Services, Department of",,"Associate Governmental Program Analyst, Range A",,,,52800,64176,,33767,0,0,0,33767,0,0,0,3780,3780,Alternate Retirement Plan (ARP),https://www.calhr.ca.gov,,07/01/2014,,,,
2010,State Department,"Health Care Services, Department of",,"Associate Governmental Program Analyst, Range A",,,,52800,64176,,33712,0,0,0,33712,4051,0,0,8790,12841,2.00% @ 55,https://www.calhr.ca.gov,,07/01/2014,,,,
2010,State Department,"Health Care Services, Department of",,"Accountant I (Specialist), Range A",,,,34440,41856,,33708,0,0,0,33708,6613,0,0,12891,19504,1.25% @ 65,https://www.calhr.ca.gov,,07/01/2014,,,,
2010,State Department,"Health Care Services, Department of",,"Office Technician (Typing), Range A",,,,32232,39168,,33683,0,0,0,33683,6267,0,0,5313,11581,2.00% @ 55,https://www.calhr.ca.gov,,07/01/2014,,,,
2010,State Department,"Health Care Services, Department of",,Auditor I,,,,37272,47592,,33475,0,0,190,33665,0,0,0,5188,5188,Alternate Retirement Plan (ARP),https://www.calhr.ca.gov,,07/01/2014,,,,
2010,State Department,"Health Care Services, Department of",,"Management Services Technician, Range B",,,,33804,41112,,33659,0,0,0,33659,6500,0,0,13625,20125,2.00% @ 55,https://www.calhr.ca.gov,,07/01/2014,,,,
2010,State Department,"Health Care Services, Department of",,Office Services Supervisor II (General),,,,35436,43080,,33621,0,0,0,33621,6639,0,0,14084,20724,1.25% @ 65,https://www.calhr.ca.gov,,07/01/2014,,,,
2010,State Department,"Health Care Services, Department of",,Program Technician II,,,,31656,38508,,33431,0,0,0,33431,6299,0,0,12870,19169,1.25% @ 65,https://www.calhr.ca.gov,,07/01/2014,,,,
2010,State Department,"Health Care Services, Department of",,Supervising Program Technician I,,,,32940,40008,,33414,0,0,0,33414,5742,0,0,1991,7733,2.00% @ 55,https://www.calhr.ca.gov,,07/01/2014,,,,
2010,State Department,"Health Care Services, Department of",,"Management Services Technician, Range B",,,,33804,41112,,33412,0,0,0,33412,6359,0,0,5675,12034,2.00% @ 55,https://www.calhr.ca.gov,,07/01/2014,,,,
2010,State Department,"Health Care Services, Department of",,"Office Services Supervisor I (Typing), Range S",,,,32280,39156,,33403,0,0,0,33403,6265,0,0,5636,11902,2.00% @ 55,https://www.calhr.ca.gov,,07/01/2014,,,,
2010,State Department,"Health Care Services, Department of",,"Management Services Technician, Range B",,,,33804,41112,,33371,0,0,0,33371,6578,0,0,10781,17359,2.00% @ 55,https://www.calhr.ca.gov,,07/01/2014,,,,
2010,State Department,"Health Care Services, Department of",,"Personnel Specialist, Range C",,,,37176,45192,,30890,0,0,2400,33290,3401,0,0,5184,8585,2.00% @ 55,https://www.calhr.ca.gov,,07/01/2014,,,,
2010,State Department,"Health Care Services, Department of",,"Assistant Information Systems Analyst, Range A",,,,37272,43152,,33241,0,0,0,33241,6293,0,0,5313,11606,2.00% @ 55,https://www.calhr.ca.gov,,07/01/2014,,,,
2010,State Department,"Health Care Services, Department of",,"Associate Governmental Program Analyst, Range A",,,,52800,64176,,33240,0,0,0,33240,3533,0,0,1546,5079,2.00% @ 55,https://www.calhr.ca.gov,,07/01/2014,,,,
2010,State Department,"Health Care Services, Department of",,"Office Technician (Typing), Range A",,,,32232,39168,,33210,0,0,0,33210,6267,0,0,5313,11581,2.00% @ 55,https://www.calhr.ca.gov,,07/01/2014,,,,
2010,State Department,"Health Care Services, Department of",,"Nurse Evaluator II, Health Services",,,,59004,75228,,33208,0,0,0,33208,0,0,0,2654,2654,Alternate Retirement Plan (ARP),https://www.calhr.ca.gov,,07/01/2014,,,,
2010,State Department,"Health Care Services, Department of",,"Attorney, Range A",,,,56088,56088,,33206,0,0,0,33206,0,0,0,3096,3096,Alternate Retirement Plan (ARP),https://www.calhr.ca.gov,,07/01/2014,,,,
2010,State Department,"Health Care Services, Department of",,"Office Technician (Typing), Range A",,,,32232,39168,,33140,0,0,0,33140,6267,0,0,5243,11511,2.00% @ 55,https://www.calhr.ca.gov,,07/01/2014,,,,
2010,State Department,"Health Care Services, Department of",,"Office Technician (Typing), Range A",,,,32232,39168,,33140,0,0,0,33140,6267,0,0,5243,11511,2.00% @ 55,https://www.calhr.ca.gov,,07/01/2014,,,,
2010,State Department,"Health Care Services, Department of",,"Word Processing Technician, Range B",,,,29400,35700,,33122,0,0,0,33122,5712,0,0,1811,7523,2.00% @ 55,https://www.calhr.ca.gov,,07/01/2014,,,,
2010,State Department,"Health Care Services, Department of",,"Office Technician (Typing), Range A",,,,32232,39168,,33117,0,0,0,33117,6267,0,0,5313,11581,2.00% @ 55,https://www.calhr.ca.gov,,07/01/2014,,,,
2010,State Department,"Health Care Services, Department of",,"Office Technician (Typing), Range A",,,,32232,39168,,33117,0,0,0,33117,6267,0,0,5313,11581,2.00% @ 55,https://www.calhr.ca.gov,,07/01/2014,,,,
2010,State Department,"Health Care Services, Department of",,"Office Technician (Typing), Range A",,,,32232,39168,,33117,0,0,0,33117,6267,0,0,5313,11581,2.00% @ 55,https://www.calhr.ca.gov,,07/01/2014,,,,
2010,State Department,"Health Care Services, Department of",,Program Technician II,,,,31656,38508,,33102,0,0,0,33102,6162,0,0,5313,11475,2.00% @ 55,https://www.calhr.ca.gov,,07/01/2014,,,,
2010,State Department,"Health Care Services, Department of",,Health Program Specialist I,,,,57996,70488,,29278,422,3350,0,33051,5038,0,0,3370,8408,2.00% @ 55,https://www.calhr.ca.gov,,07/01/2014,,,,
2010,State Department,"Health Care Services, Department of",,"Management Services Technician, Range B",,,,33804,41112,,32981,0,0,0,32981,6578,0,0,10360,16938,2.00% @ 55,https://www.calhr.ca.gov,,07/01/2014,,,,
2010,State Department,"Health Care Services, Department of",,"Staff Services Analyst (General), Range B",,,,36600,44496,,32921,0,0,0,32921,6784,0,0,13540,20324,2.00% @ 55,https://www.calhr.ca.gov,,07/01/2014,,,,
2010,State Department,"Health Care Services, Department of",,"Office Technician (Typing), Range A",,,,32232,39168,,32917,0,0,0,32917,6267,0,0,10403,16671,2.00% @ 55,https://www.calhr.ca.gov,,07/01/2014,,,,
2010,State Department,"Health Care Services, Department of",,"Staff Services Analyst (General), Range C",,,,43896,53352,,32905,0,0,0,32905,0,0,0,1369,1369,Alternate Retirement Plan (ARP),https://www.calhr.ca.gov,,07/01/2014,,,,
2010,State Department,"Health Care Services, Department of",,"Health Program Auditor III, Department Of Health Services",,,,55428,70764,,32897,0,0,0,32897,0,0,0,,0,,https://www.calhr.ca.gov,,07/01/2014,,,,
2010,State Department,"Health Care Services, Department of",,"Attorney, Range B",,,,56136,61644,,32875,0,0,0,32875,0,0,0,3535,3535,Alternate Retirement Plan (ARP),https://www.calhr.ca.gov,,07/01/2014,,,,
2010,State Department,"Health Care Services, Department of",,"Attorney, Range A",,,,56088,56088,,32867,0,0,0,32867,0,0,0,3955,3955,Alternate Retirement Plan (ARP),https://www.calhr.ca.gov,,07/01/2014,,,,
2010,State Department,"Health Care Services, Department of",,"Office Technician (Typing), Range A",,,,32232,39168,,32802,0,0,0,32802,6279,0,0,5313,11593,2.00% @ 55,https://www.calhr.ca.gov,,07/01/2014,,,,
2010,State Department,"Health Care Services, Department of",,"Staff Services Analyst (General), Range C",,,,43896,53352,,32769,0,0,0,32769,5899,0,0,12733,18632,2.00% @ 55,https://www.calhr.ca.gov,,07/01/2014,,,,
2010,State Department,"Health Care Services, Department of",,"Management Services Technician, Range B",,,,33804,41112,,32753,0,0,0,32753,6578,0,0,9897,16475,2.00% @ 55,https://www.calhr.ca.gov,,07/01/2014,,,,
2010,State Department,"Health Care Services, Department of",,"Office Technician (Typing), Range A",,,,32232,39168,,32713,0,0,0,32713,6103,0,0,5313,11417,2.00% @ 55,https://www.calhr.ca.gov,,07/01/2014,,,,
2010,State Department,"Health Care Services, Department of",,"Office Technician (Typing), Range A",,,,32232,39168,,32700,0,0,0,32700,6101,0,0,5313,11414,2.00% @ 55,https://www.calhr.ca.gov,,07/01/2014,,,,
2010,State Department,"Health Care Services, Department of",,Program Technician II,,,,31656,38508,,32691,0,0,0,32691,6162,0,0,5046,11207,2.00% @ 55,https://www.calhr.ca.gov,,07/01/2014,,,,
2010,State Department,"Health Care Services, Department of",,Program Technician II,,,,31656,38508,,32683,0,0,0,32683,6082,0,0,5055,11137,1.25% @ 65,https://www.calhr.ca.gov,,07/01/2014,,,,
2010,State Department,"Health Care Services, Department of",,"Office Technician (Typing), Range A",,,,32232,39168,,32663,0,0,0,32663,6267,0,0,5313,11581,2.00% @ 55,https://www.calhr.ca.gov,,07/01/2014,,,,
2010,State Department,"Health Care Services, Department of",,"Office Technician (Typing), Range A",,,,32232,39168,,32642,0,0,0,32642,6136,0,0,4991,11127,2.00% @ 55,https://www.calhr.ca.gov,,07/01/2014,,,,
2010,State Department,"Health Care Services, Department of",,Auditor I,,,,37272,47592,,32638,0,0,0,32638,0,0,0,5044,5044,Alternate Retirement Plan (ARP),https://www.calhr.ca.gov,,07/01/2014,,,,
2010,State Department,"Health Care Services, Department of",,"Office Technician (Typing), Range A",,,,32232,39168,,32636,0,0,0,32636,5929,0,0,13625,19554,2.00% @ 55,https://www.calhr.ca.gov,,07/01/2014,,,,
2010,State Department,"Health Care Services, Department of",,"Staff Services Analyst (General), Range C",,,,43896,53352,,32633,0,0,0,32633,6115,0,0,5046,11161,2.00% @ 55,https://www.calhr.ca.gov,,07/01/2014,,,,
2010,State Department,"Health Care Services, Department of",,"Office Services Supervisor I (Typing), Range S",,,,32280,39156,,32632,0,0,0,32632,6186,0,0,14084,20270,1.25% @ 65,https://www.calhr.ca.gov,,07/01/2014,,,,
2010,State Department,"Health Care Services, Department of",,"Senior Legal Typist, Range B",,,,34728,42192,,32627,0,0,0,32627,3631,0,0,2026,5657,2.00% @ 55,https://www.calhr.ca.gov,,07/01/2014,,,,
2010,State Department,"Health Care Services, Department of",,"Personnel Specialist, Range B",,,,35916,43680,,30223,0,0,2400,32623,4572,0,0,6511,11083,2.00% @ 55,https://www.calhr.ca.gov,,07/01/2014,,,,
2010,State Department,"Health Care Services, Department of",,Program Technician II,,,,31656,38508,,32614,0,0,0,32614,5439,0,0,2452,7891,2.00% @ 55,https://www.calhr.ca.gov,,07/01/2014,,,,
2010,State Department,"Health Care Services, Department of",,Program Technician II,,,,31656,38508,,32612,0,0,0,32612,6084,0,0,10047,16131,1.25% @ 65,https://www.calhr.ca.gov,,07/01/2014,,,,
2010,State Department,"Health Care Services, Department of",,"Office Services Supervisor I (Typing), Range S",,,,32280,39156,,32573,0,0,0,32573,6186,0,0,14084,20270,1.25% @ 65,https://www.calhr.ca.gov,,07/01/2014,,,,
2010,State Department,"Health Care Services, Department of",,"Accounting Technician, Range A",,,,31656,38508,,32536,0,0,0,32536,6162,0,0,5313,11475,2.00% @ 55,https://www.calhr.ca.gov,,07/01/2014,,,,
2010,State Department,"Health Care Services, Department of",,Program Technician II,,,,31656,38508,,32536,0,0,0,32536,6162,0,0,5313,11475,2.00% @ 55,https://www.calhr.ca.gov,,07/01/2014,,,,
2010,State Department,"Health Care Services, Department of",,Program Technician II,,,,31656,38508,,32536,0,0,0,32536,6162,0,0,5313,11475,2.00% @ 55,https://www.calhr.ca.gov,,07/01/2014,,,,
2010,State Department,"Health Care Services, Department of",,Program Technician II,,,,31656,38508,,32536,0,0,0,32536,6162,0,0,5313,11475,2.00% @ 55,https://www.calhr.ca.gov,,07/01/2014,,,,
2010,State Department,"Health Care Services, Department of",,Program Technician II,,,,31656,38508,,32536,0,0,0,32536,6084,0,0,5313,11397,1.25% @ 65,https://www.calhr.ca.gov,,07/01/2014,,,,
2010,State Department,"Health Care Services, Department of",,Program Technician II,,,,31656,38508,,32536,0,0,0,32536,6084,0,0,5313,11397,1.25% @ 65,https://www.calhr.ca.gov,,07/01/2014,,,,
2010,State Department,"Health Care Services, Department of",,"Office Technician (Typing), Range A",,,,32232,39168,,32523,0,0,0,32523,6167,0,0,5313,11480,2.00% @ 55,https://www.calhr.ca.gov,,07/01/2014,,,,
2010,State Department,"Health Care Services, Department of",,"Associate Governmental Program Analyst, Range A",,,,52800,64176,,31986,0,529,0,32515,5662,0,0,2854,8516,2.00% @ 55,https://www.calhr.ca.gov,,07/01/2014,,,,
2010,State Department,"Health Care Services, Department of",,Program Technician II,,,,31656,38508,,32506,0,0,0,32506,6162,0,0,5404,11566,2.00% @ 55,https://www.calhr.ca.gov,,07/01/2014,,,,
2010,State Department,"Health Care Services, Department of",,Research Program Specialist II,,,,63708,77412,,32456,0,0,0,32456,0,0,0,,0,,https://www.calhr.ca.gov,,07/01/2014,,,,
2010,State Department,"Health Care Services, Department of",,"Nurse Evaluator II, Health Services",,,,59004,75228,,33083,0,0,-668,32415,0,0,0,6547,6547,Alternate Retirement Plan (ARP),https://www.calhr.ca.gov,,07/01/2014,,,,
2010,State Department,"Health Care Services, Department of",,"Office Technician (Typing), Range A",,,,32232,39168,,32360,0,0,0,32360,6196,0,0,5243,11439,2.00% @ 55,https://www.calhr.ca.gov,,07/01/2014,,,,
2010,State Department,"Health Care Services, Department of",,"Information Systems Technician, Range B",,,,30948,39516,,32283,0,0,70,32353,6323,0,0,5464,11787,2.00% @ 55,https://www.calhr.ca.gov,,07/01/2014,,,,
2010,State Department,"Health Care Services, Department of",,"Staff Services Analyst (General), Range C",,,,43896,53352,,32334,0,0,0,32334,0,0,0,1637,1637,Alternate Retirement Plan (ARP),https://www.calhr.ca.gov,,07/01/2014,,,,
2010,State Department,"Health Care Services, Department of",,Program Technician II,,,,31656,38508,,32289,0,0,0,32289,6162,0,0,6053,12214,2.00% @ 55,https://www.calhr.ca.gov,,07/01/2014,,,,
2010,State Department,"Health Care Services, Department of",,"Health Program Auditor III, Department Of Health Services",,,,55428,70764,,31053,0,0,1200,32253,5807,0,0,14849,20655,2.00% @ 55,https://www.calhr.ca.gov,,07/01/2014,,,,
2010,State Department,"Health Care Services, Department of",,"Staff Services Analyst (General), Range B",,,,36600,44496,,32239,0,0,0,32239,6163,0,0,5243,11406,2.00% @ 55,https://www.calhr.ca.gov,,07/01/2014,,,,
2010,State Department,"Health Care Services, Department of",,"Accounting Technician, Range A",,,,31656,38508,,32213,0,0,0,32213,6162,0,0,6463,12625,2.00% @ 55,https://www.calhr.ca.gov,,07/01/2014,,,,
2010,State Department,"Health Care Services, Department of",,"Systems Software Specialist II (Technical), Range A",,,,66732,85164,,32822,0,0,-636,32185,0,0,0,6055,6055,Alternate Retirement Plan (ARP),https://www.calhr.ca.gov,,07/01/2014,,,,
2010,State Department,"Health Care Services, Department of",,"Staff Services Analyst (General), Range C",,,,43896,53352,,32095,0,0,70,32165,6197,0,0,5055,11252,2.00% @ 55,https://www.calhr.ca.gov,,07/01/2014,,,,
2010,State Department,"Health Care Services, Department of",,"Office Technician (General), Range A",,,,31656,38508,,32143,0,0,0,32143,6069,0,0,5055,11123,2.00% @ 55,https://www.calhr.ca.gov,,07/01/2014,,,,
2010,State Department,"Health Care Services, Department of",,"Assistant Information Systems Analyst, Range B",,,,38448,46716,,32142,0,0,0,32142,6002,0,0,5313,11315,2.00% @ 55,https://www.calhr.ca.gov,,07/01/2014,,,,
2010,State Department,"Health Care Services, Department of",,"Attorney, Range A",,,,56088,56088,,32102,0,0,0,32102,0,0,0,5248,5248,Alternate Retirement Plan (ARP),https://www.calhr.ca.gov,,07/01/2014,,,,
2010,State Department,"Health Care Services, Department of",,"Office Services Supervisor I (Typing), Range S",,,,32280,39156,,32094,0,0,0,32094,6007,0,0,5636,11643,2.00% @ 55,https://www.calhr.ca.gov,,07/01/2014,,,,
2010,State Department,"Health Care Services, Department of",,"Accounting Technician, Range A",,,,31656,38508,,32082,0,0,0,32082,6162,0,0,5313,11475,2.00% @ 55,https://www.calhr.ca.gov,,07/01/2014,,,,
2010,State Department,"Health Care Services, Department of",,Program Technician II,,,,31656,38508,,32082,0,0,0,32082,6162,0,0,5313,11475,2.00% @ 55,https://www.calhr.ca.gov,,07/01/2014,,,,
2010,State Department,"Health Care Services, Department of",,Account Clerk II,,,,28368,34512,,32076,0,0,0,32076,5522,0,0,1811,7333,2.00% @ 55,https://www.calhr.ca.gov,,07/01/2014,,,,
2010,State Department,"Health Care Services, Department of",,"Office Technician (Typing), Range A",,,,32232,39168,,32030,0,0,0,32030,6193,0,0,9131,15324,2.00% @ 55,https://www.calhr.ca.gov,,07/01/2014,,,,
2010,State Department,"Health Care Services, Department of",,"Office Technician (Typing), Range A",,,,32232,39168,,18370,0,13649,0,32020,3256,0,0,3311,6566,2.00% @ 55,https://www.calhr.ca.gov,,07/01/2014,,,,
2010,State Department,"Health Care Services, Department of",,"Management Services Technician, Range B",,,,33804,41112,,32013,0,0,0,32013,6578,0,0,12848,19427,2.00% @ 55,https://www.calhr.ca.gov,,07/01/2014,,,,
2010,State Department,"Health Care Services, Department of",,"Staff Services Analyst (General), Range C",,,,43896,53352,,31968,0,0,0,31968,3477,0,0,5169,8646,2.00% @ 55,https://www.calhr.ca.gov,,07/01/2014,,,,
2010,State Department,"Health Care Services, Department of",,Program Technician II,,,,31656,38508,,31955,0,0,0,31955,6162,0,0,13247,19409,2.00% @ 55,https://www.calhr.ca.gov,,07/01/2014,,,,
2010,State Department,"Health Care Services, Department of",,"Management Services Technician, Range B",,,,33804,41112,,31894,0,0,0,31894,6256,0,0,12891,19148,2.00% @ 55,https://www.calhr.ca.gov,,07/01/2014,,,,
2010,State Department,"Health Care Services, Department of",,"Management Services Technician, Range B",,,,33804,41112,,31883,0,0,0,31883,6205,0,0,10360,16564,1.25% @ 65,https://www.calhr.ca.gov,,07/01/2014,,,,
2010,State Department,"Health Care Services, Department of",,Staff Services Manager I,,,,60948,73524,,19964,0,0,11912,31876,4257,0,0,5636,9893,2.00% @ 55,https://www.calhr.ca.gov,,07/01/2014,,,,
2010,State Department,"Health Care Services, Department of",,Auditor I,,,,37272,47592,,31833,0,0,0,31833,0,0,0,1509,1509,Alternate Retirement Plan (ARP),https://www.calhr.ca.gov,,07/01/2014,,,,
2010,State Department,"Health Care Services, Department of",,"Staff Services Analyst (General), Range C",,,,43896,53352,,31810,0,0,0,31810,0,0,0,4201,4201,Alternate Retirement Plan (ARP),https://www.calhr.ca.gov,,07/01/2014,,,,
2010,State Department,"Health Care Services, Department of",,"Office Technician (Typing), Range A",,,,32232,39168,,31799,0,0,0,31799,6188,0,0,10360,16548,1.25% @ 65,https://www.calhr.ca.gov,,07/01/2014,,,,
2010,State Department,"Health Care Services, Department of",,"Office Technician (Typing), Range A",,,,32232,39168,,31785,0,0,0,31785,6267,0,0,10403,16671,2.00% @ 55,https://www.calhr.ca.gov,,07/01/2014,,,,
2010,State Department,"Health Care Services, Department of",,"Office Technician (Typing), Range A",,,,32232,39168,,31770,0,0,0,31770,4391,0,0,1811,6201,2.00% @ 55,https://www.calhr.ca.gov,,07/01/2014,,,,
2010,State Department,"Health Care Services, Department of",,"Executive Secretary I, Range A",,,,36240,44064,,31749,0,0,0,31749,6154,0,0,13607,19762,2.00% @ 55,https://www.calhr.ca.gov,,07/01/2014,,,,
2010,State Department,"Health Care Services, Department of",,"Staff Services Analyst (General), Range C",,,,43896,53352,,31745,0,0,0,31745,6313,0,0,10403,16716,2.00% @ 55,https://www.calhr.ca.gov,,07/01/2014,,,,
2010,State Department,"Health Care Services, Department of",,"Staff Services Analyst (General), Range C",,,,43896,53352,,31740,0,0,0,31740,5477,0,0,1811,7287,2.00% @ 55,https://www.calhr.ca.gov,,07/01/2014,,,,
2010,State Department,"Health Care Services, Department of",,"Executive Secretary I, Range A",,,,36240,44064,,31732,0,0,0,31732,0,0,0,5046,5046,Alternate Retirement Plan (ARP),https://www.calhr.ca.gov,,07/01/2014,,,,
2010,State Department,"Health Care Services, Department of",,"Office Technician (Typing), Range A",,,,32232,39168,,31703,0,0,0,31703,6267,0,0,5313,11581,2.00% @ 55,https://www.calhr.ca.gov,,07/01/2014,,,,
2010,State Department,"Health Care Services, Department of",,Auditor I,,,,37272,47592,,31678,0,0,0,31678,0,0,0,1509,1509,Alternate Retirement Plan (ARP),https://www.calhr.ca.gov,,07/01/2014,,,,
2010,State Department,"Health Care Services, Department of",,"Accountant Trainee, Range A",,,,38880,45012,,31674,0,0,0,31674,0,0,0,8443,8443,Alternate Retirement Plan (ARP),https://www.calhr.ca.gov,,07/01/2014,,,,
2010,State Department,"Health Care Services, Department of",,"Management Services Technician, Range B",,,,33804,41112,,31631,0,0,0,31631,6578,0,0,13625,20203,2.00% @ 55,https://www.calhr.ca.gov,,07/01/2014,,,,
2010,State Department,"Health Care Services, Department of",,"Staff Services Analyst (General), Range C",,,,43896,53352,,31620,0,0,0,31620,0,0,0,4205,4205,Alternate Retirement Plan (ARP),https://www.calhr.ca.gov,,07/01/2014,,,,
2010,State Department,"Health Care Services, Department of",,"Secretary, Range A",,,,32232,39180,,31581,0,0,0,31581,6269,0,0,13625,19894,2.00% @ 55,https://www.calhr.ca.gov,,07/01/2014,,,,
2010,State Department,"Health Care Services, Department of",,"Management Services Technician, Range B",,,,33804,41112,,31566,0,0,0,31566,6537,0,0,13625,20161,2.00% @ 55,https://www.calhr.ca.gov,,07/01/2014,,,,
2010,State Department,"Health Care Services, Department of",,"Accounting Technician, Range A",,,,31656,38508,,31516,0,0,0,31516,6162,0,0,5313,11475,2.00% @ 55,https://www.calhr.ca.gov,,07/01/2014,,,,
2010,State Department,"Health Care Services, Department of",,Program Technician II,,,,31656,38508,,31516,0,0,0,31516,6162,0,0,5313,11475,2.00% @ 55,https://www.calhr.ca.gov,,07/01/2014,,,,
2010,State Department,"Health Care Services, Department of",,"Nurse Evaluator II, Health Services",,,,59004,75228,,25176,0,6283,0,31460,4445,0,0,3542,7986,2.00% @ 55,https://www.calhr.ca.gov,,07/01/2014,,,,
2010,State Department,"Health Care Services, Department of",,"Office Technician (Typing), Range A",,,,32232,39168,,31449,0,0,0,31449,6485,0,0,13625,20110,2.00% @ 55,https://www.calhr.ca.gov,,07/01/2014,,,,
2010,State Department,"Health Care Services, Department of",,"Staff Services Analyst (General), Range C",,,,43896,53352,,31446,0,0,0,31446,6698,0,0,5313,12011,2.00% @ 55,https://www.calhr.ca.gov,,07/01/2014,,,,
2010,State Department,"Health Care Services, Department of",,"Office Technician (Typing), Range A",,,,32232,39168,,31438,0,0,0,31438,6245,0,0,13625,19869,2.00% @ 55,https://www.calhr.ca.gov,,07/01/2014,,,,
2010,State Department,"Health Care Services, Department of",,"Senior Legal Typist, Range B",,,,34728,42192,,31424,0,0,0,31424,6387,0,0,10403,16790,2.00% @ 55,https://www.calhr.ca.gov,,07/01/2014,,,,
2010,State Department,"Health Care Services, Department of",,"Office Assistant (Typing), Range B",,,,27888,33912,,31403,0,0,0,31403,5426,0,0,1875,7301,2.00% @ 55,https://www.calhr.ca.gov,,07/01/2014,,,,
2010,State Department,"Health Care Services, Department of",,"Secretary, Range A",,,,32232,39180,,31385,0,0,0,31385,6202,0,0,10403,16605,1.25% @ 65,https://www.calhr.ca.gov,,07/01/2014,,,,
2010,State Department,"Health Care Services, Department of",,"Management Services Technician, Range B",,,,33804,41112,,31303,0,0,0,31303,5861,0,0,5243,11104,2.00% @ 55,https://www.calhr.ca.gov,,07/01/2014,,,,
2010,State Department,"Health Care Services, Department of",,"Office Technician (Typing), Range A",,,,32232,39168,,31291,0,0,0,31291,6267,0,0,12282,18550,2.00% @ 55,https://www.calhr.ca.gov,,07/01/2014,,,,
2010,State Department,"Health Care Services, Department of",,"Office Technician (Typing), Range A",,,,32232,39168,,31269,0,0,0,31269,6267,0,0,10360,16627,2.00% @ 55,https://www.calhr.ca.gov,,07/01/2014,,,,
2010,State Department,"Health Care Services, Department of",,"Staff Services Analyst (General), Range C",,,,43896,53352,,31205,0,0,0,31205,0,0,0,4147,4147,Alternate Retirement Plan (ARP),https://www.calhr.ca.gov,,07/01/2014,,,,
2010,State Department,"Health Care Services, Department of",,"Accounting Technician, Range A",,,,31656,38508,,31203,0,0,0,31203,6162,0,0,10403,16565,2.00% @ 55,https://www.calhr.ca.gov,,07/01/2014,,,,
2010,State Department,"Health Care Services, Department of",,"Staff Information Systems Analyst (Specialist), Range A",,,,60780,77592,,31194,0,0,0,31194,5421,0,0,2495,7916,2.00% @ 55,https://www.calhr.ca.gov,,07/01/2014,,,,
2010,State Department,"Health Care Services, Department of",,"Staff Services Analyst (General), Range C",,,,43896,53352,,31165,0,0,0,31165,0,0,0,4212,4212,Alternate Retirement Plan (ARP),https://www.calhr.ca.gov,,07/01/2014,,,,
2010,State Department,"Health Care Services, Department of",,"Office Services Supervisor I (Typing), Range S",,,,32280,39156,,31160,0,0,0,31160,6265,0,0,14084,20350,2.00% @ 55,https://www.calhr.ca.gov,,07/01/2014,,,,
2010,State Department,"Health Care Services, Department of",,"Associate Governmental Program Analyst, Range A",,,,52800,64176,,31004,0,0,0,31004,0,0,0,,0,,https://www.calhr.ca.gov,,07/01/2014,,,,
2010,State Department,"Health Care Services, Department of",,Auditor I,,,,37272,47592,,30964,0,0,0,30964,0,0,0,1434,1434,Alternate Retirement Plan (ARP),https://www.calhr.ca.gov,,07/01/2014,,,,
2010,State Department,"Health Care Services, Department of",,"Office Services Supervisor I (General), Range S",,,,32280,39156,,30954,0,0,0,30954,6265,0,0,10844,17110,2.00% @ 55,https://www.calhr.ca.gov,,07/01/2014,,,,
2010,State Department,"Health Care Services, Department of",,"Office Technician (Typing), Range A",,,,32232,39168,,30945,0,0,0,30945,6267,0,0,13607,19875,2.00% @ 55,https://www.calhr.ca.gov,,07/01/2014,,,,
2010,State Department,"Health Care Services, Department of",,"Office Technician (Typing), Range A",,,,32232,39168,,30945,0,0,0,30945,6267,0,0,13607,19875,2.00% @ 55,https://www.calhr.ca.gov,,07/01/2014,,,,
2010,State Department,"Health Care Services, Department of",,"Office Technician (Typing), Range A",,,,32232,39168,,30945,0,0,0,30945,6267,0,0,13607,19875,2.00% @ 55,https://www.calhr.ca.gov,,07/01/2014,,,,
2010,State Department,"Health Care Services, Department of",,Program Technician II,,,,31656,38508,,30931,0,0,0,30931,6069,0,0,10026,16095,2.00% @ 55,https://www.calhr.ca.gov,,07/01/2014,,,,
2010,State Department,"Health Care Services, Department of",,"Attorney, Range C",,,,67656,81816,,30849,0,0,54,30903,0,0,0,5542,5542,Alternate Retirement Plan (ARP),https://www.calhr.ca.gov,,07/01/2014,,,,
2010,State Department,"Health Care Services, Department of",,"Management Services Technician, Range B",,,,33804,41112,,30866,0,0,0,30866,6578,0,0,10403,16982,2.00% @ 55,https://www.calhr.ca.gov,,07/01/2014,,,,
2010,State Department,"Health Care Services, Department of",,"Accountant Trainee, Range A",,,,38880,45012,,30784,0,0,75,30859,3801,0,0,5055,8856,2.00% @ 55,https://www.calhr.ca.gov,,07/01/2014,,,,
2010,State Department,"Health Care Services, Department of",,"Nurse Evaluator II, Health Services",,,,59004,75228,,30851,0,0,0,30851,5183,0,0,1825,7008,2.00% @ 55,https://www.calhr.ca.gov,,07/01/2014,,,,
2010,State Department,"Health Care Services, Department of",,"Associate Governmental Program Analyst, Range A",,,,52800,64176,,21907,0,8941,0,30848,3897,0,0,4335,8232,2.00% @ 55,https://www.calhr.ca.gov,,07/01/2014,,,,
2010,State Department,"Health Care Services, Department of",,"Associate Governmental Program Analyst, Range A",,,,52800,64176,,30843,0,0,0,30843,5556,0,0,12002,17558,2.00% @ 55,https://www.calhr.ca.gov,,07/01/2014,,,,
2010,State Department,"Health Care Services, Department of",,"Personnel Selection Technician, Range B",,,,31656,38508,,30826,0,0,0,30826,6098,0,0,10403,16501,2.00% @ 55,https://www.calhr.ca.gov,,07/01/2014,,,,
2010,State Department,"Health Care Services, Department of",,"Nurse Evaluator II, Health Services",,,,59004,75228,,31193,0,0,-375,30818,0,0,0,5358,5358,Alternate Retirement Plan (ARP),https://www.calhr.ca.gov,,07/01/2014,,,,
2010,State Department,"Health Care Services, Department of",,Auditor I,,,,37272,47592,,30815,0,0,0,30815,0,0,0,4634,4634,Alternate Retirement Plan (ARP),https://www.calhr.ca.gov,,07/01/2014,,,,
2010,State Department,"Health Care Services, Department of",,"Office Technician (Typing), Range A",,,,32232,39168,,30765,0,0,0,30765,6267,0,0,10403,16671,2.00% @ 55,https://www.calhr.ca.gov,,07/01/2014,,,,
2010,State Department,"Health Care Services, Department of",,"Staff Services Analyst (General), Range B",,,,36600,44496,,30750,0,0,0,30750,6014,0,0,5313,11328,2.00% @ 55,https://www.calhr.ca.gov,,07/01/2014,,,,
2010,State Department,"Health Care Services, Department of",,Staff Services Manager I,,,,60948,73524,,27060,0,0,3671,30731,0,0,0,1327,1327,Alternate Retirement Plan (ARP),https://www.calhr.ca.gov,,07/01/2014,,,,
2010,State Department,"Health Care Services, Department of",,Program Technician II,,,,31656,38508,,30724,0,0,0,30724,5822,0,0,9916,15738,2.00% @ 55,https://www.calhr.ca.gov,,07/01/2014,,,,
2010,State Department,"Health Care Services, Department of",,Program Technician II,,,,31656,38508,,30712,0,0,0,30712,5842,0,0,5313,11155,2.00% @ 55,https://www.calhr.ca.gov,,07/01/2014,,,,
2010,State Department,"Health Care Services, Department of",,"Research Analyst II -General-, Range A",,,,55428,67392,,24716,0,5969,0,30684,4092,0,0,1040,5132,2.00% @ 55,https://www.calhr.ca.gov,,07/01/2014,,,,
2010,State Department,"Health Care Services, Department of",,Program Technician II,,,,31656,38508,,30682,0,0,0,30682,5827,0,0,5632,11459,2.00% @ 55,https://www.calhr.ca.gov,,07/01/2014,,,,
2010,State Department,"Health Care Services, Department of",,"Office Technician (Typing), Range A",,,,32232,39168,,30668,0,0,0,30668,6267,0,0,12299,18567,2.00% @ 55,https://www.calhr.ca.gov,,07/01/2014,,,,
2010,State Department,"Health Care Services, Department of",,"Accounting Technician, Range A",,,,31656,38508,,30661,0,0,0,30661,6160,0,0,10403,16563,2.00% @ 55,https://www.calhr.ca.gov,,07/01/2014,,,,
2010,State Department,"Health Care Services, Department of",,Auditor I,,,,37272,47592,,30660,0,0,0,30660,0,0,0,1655,1655,Alternate Retirement Plan (ARP),https://www.calhr.ca.gov,,07/01/2014,,,,
2010,State Department,"Health Care Services, Department of",,"Office Assistant (General), Range B",,,,27360,33240,,30656,0,0,0,30656,5319,0,0,2133,7452,2.00% @ 55,https://www.calhr.ca.gov,,07/01/2014,,,,
2010,State Department,"Health Care Services, Department of",,"Office Assistant (General), Range B",,,,27360,33240,,30656,0,0,0,30656,5319,0,0,2133,7452,2.00% @ 55,https://www.calhr.ca.gov,,07/01/2014,,,,
2010,State Department,"Health Care Services, Department of",,"Staff Services Analyst (General), Range A",,,,33804,41112,,30619,0,0,0,30619,5878,0,0,13625,19503,1.25% @ 65,https://www.calhr.ca.gov,,07/01/2014,,,,
2010,State Department,"Health Care Services, Department of",,"Associate Budget Analyst, Range A",,,,52800,64176,,30750,0,0,-133,30617,3956,0,0,11104,15059,2.00% @ 55,https://www.calhr.ca.gov,,07/01/2014,,,,
2010,State Department,"Health Care Services, Department of",,"Word Processing Technician, Range A",,,,27888,33912,,30482,0,0,0,30482,5064,0,0,1811,6875,2.00% @ 55,https://www.calhr.ca.gov,,07/01/2014,,,,
2010,State Department,"Health Care Services, Department of",,Auditor I,,,,37272,47592,,30455,0,0,0,30455,0,0,0,4623,4623,Alternate Retirement Plan (ARP),https://www.calhr.ca.gov,,07/01/2014,,,,
2010,State Department,"Health Care Services, Department of",,"Staff Services Analyst (General), Range C",,,,43896,53352,,30397,0,0,0,30397,0,0,0,1358,1358,Alternate Retirement Plan (ARP),https://www.calhr.ca.gov,,07/01/2014,,,,
2010,State Department,"Health Care Services, Department of",,Associate Medi-Cal Eligibility Analyst,,,,52800,64176,,30393,0,0,0,30393,5682,0,0,11736,17418,2.00% @ 55,https://www.calhr.ca.gov,,07/01/2014,,,,
2010,State Department,"Health Care Services, Department of",,Auditor I,,,,37272,47592,,30388,0,0,0,30388,0,0,0,7651,7651,Alternate Retirement Plan (ARP),https://www.calhr.ca.gov,,07/01/2014,,,,
2010,State Department,"Health Care Services, Department of",,"Accounting Technician, Range A",,,,31656,38508,,30363,0,0,0,30363,6162,0,0,13607,19769,2.00% @ 55,https://www.calhr.ca.gov,,07/01/2014,,,,
2010,State Department,"Health Care Services, Department of",,Program Technician II,,,,31656,38508,,30363,0,0,0,30363,6162,0,0,13607,19769,2.00% @ 55,https://www.calhr.ca.gov,,07/01/2014,,,,
2010,State Department,"Health Care Services, Department of",,Program Technician II,,,,31656,38508,,30363,0,0,0,30363,6162,0,0,13607,19769,2.00% @ 55,https://www.calhr.ca.gov,,07/01/2014,,,,
2010,State Department,"Health Care Services, Department of",,Program Technician II,,,,31656,38508,,30363,0,0,0,30363,6162,0,0,13607,19769,2.00% @ 55,https://www.calhr.ca.gov,,07/01/2014,,,,
2010,State Department,"Health Care Services, Department of",,"Staff Services Analyst (General), Range C",,,,43896,53352,,30363,0,0,0,30363,6122,0,0,9916,16038,2.00% @ 55,https://www.calhr.ca.gov,,07/01/2014,,,,
2010,State Department,"Health Care Services, Department of",,"Personnel Selection Technician, Range B",,,,31656,38508,,30358,0,0,0,30358,6162,0,0,13625,19786,2.00% @ 55,https://www.calhr.ca.gov,,07/01/2014,,,,
2010,State Department,"Health Care Services, Department of",,Program Technician II,,,,31656,38508,,30358,0,0,0,30358,6162,0,0,13625,19786,2.00% @ 55,https://www.calhr.ca.gov,,07/01/2014,,,,
2010,State Department,"Health Care Services, Department of",,Program Technician II,,,,31656,38508,,30358,0,0,0,30358,6084,0,0,13625,19708,1.25% @ 65,https://www.calhr.ca.gov,,07/01/2014,,,,
2010,State Department,"Health Care Services, Department of",,"Executive Secretary I, Range A",,,,36240,44064,,30358,0,0,0,30358,4478,0,0,5055,9533,2.00% @ 55,https://www.calhr.ca.gov,,07/01/2014,,,,
2010,State Department,"Health Care Services, Department of",,"Nurse Evaluator II, Health Services",,,,59004,75228,,30881,0,0,-612,30269,0,0,0,5738,5738,Alternate Retirement Plan (ARP),https://www.calhr.ca.gov,,07/01/2014,,,,
2010,State Department,"Health Care Services, Department of",,Program Technician II,,,,31656,38508,,30253,0,0,0,30253,5829,0,0,5313,11143,2.00% @ 55,https://www.calhr.ca.gov,,07/01/2014,,,,
2010,State Department,"Health Care Services, Department of",,"Associate Information Systems Analyst (Specialist), Range A",,,,55428,70764,,30251,0,0,0,30251,5594,0,0,764,6358,2.00% @ 55,https://www.calhr.ca.gov,,07/01/2014,,,,
2010,State Department,"Health Care Services, Department of",,"Office Technician (Typing), Range A",,,,32232,39168,,30239,0,0,0,30239,5716,0,0,5055,10771,2.00% @ 55,https://www.calhr.ca.gov,,07/01/2014,,,,
2010,State Department,"Health Care Services, Department of",,Program Technician II,,,,31656,38508,,30237,0,0,0,30237,6162,0,0,10781,16942,2.00% @ 55,https://www.calhr.ca.gov,,07/01/2014,,,,
2010,State Department,"Health Care Services, Department of",,"Office Technician (Typing), Range A",,,,32232,39168,,30229,0,0,0,30229,5751,0,0,9916,15667,2.00% @ 55,https://www.calhr.ca.gov,,07/01/2014,,,,
2010,State Department,"Health Care Services, Department of",,"Office Services Supervisor I (Typing), Range S",,,,32280,39156,,27781,0,0,2439,30220,4986,0,0,10844,15830,2.00% @ 55,https://www.calhr.ca.gov,,07/01/2014,,,,
2010,State Department,"Health Care Services, Department of",,"Office Technician (Typing), Range A",,,,32232,39168,,30220,0,0,0,30220,5859,0,0,9916,15775,1.25% @ 65,https://www.calhr.ca.gov,,07/01/2014,,,,
2010,State Department,"Health Care Services, Department of",,"Word Processing Technician, Range B",,,,29400,35700,,30218,0,0,0,30218,5712,0,0,5046,10758,2.00% @ 55,https://www.calhr.ca.gov,,07/01/2014,,,,
2010,State Department,"Health Care Services, Department of",,"Associate Governmental Program Analyst, Range A",,,,52800,64176,,29686,0,0,500,30186,5456,0,0,13732,19188,2.00% @ 55,https://www.calhr.ca.gov,,07/01/2014,,,,
2010,State Department,"Health Care Services, Department of",,"Key Data Operator, Range B",,,,29400,35700,,30063,0,0,120,30183,5660,0,0,5313,10974,1.25% @ 65,https://www.calhr.ca.gov,,07/01/2014,,,,
2010,State Department,"Health Care Services, Department of",,"Associate Management Auditor, Range A",,,,55428,70764,,30176,0,0,0,30176,6033,0,0,2805,8838,2.00% @ 55,https://www.calhr.ca.gov,,07/01/2014,,,,
2010,State Department,"Health Care Services, Department of",,"Senior Word Processing Technician, Range S",,,,32940,40008,,30153,0,0,0,30153,6402,0,0,14084,20486,2.00% @ 55,https://www.calhr.ca.gov,,07/01/2014,,,,
2010,State Department,"Health Care Services, Department of",,"Word Processing Technician, Range B",,,,29400,35700,,30138,0,0,0,30138,5712,0,0,9897,15609,2.00% @ 55,https://www.calhr.ca.gov,,07/01/2014,,,,
2010,State Department,"Health Care Services, Department of",,Associate Administrative Analyst -Accounting Systems-,,,,55428,67392,,30136,0,0,0,30136,6318,0,0,13279,19597,2.00% @ 55,https://www.calhr.ca.gov,,07/01/2014,,,,
2010,State Department,"Health Care Services, Department of",,"Staff Services Analyst (General), Range C",,,,43896,53352,,30129,0,0,0,30129,4610,0,0,9281,13891,2.00% @ 55,https://www.calhr.ca.gov,,07/01/2014,,,,
2010,State Department,"Health Care Services, Department of",,"Staff Services Analyst (General), Range C",,,,43896,53352,,30441,0,0,-320,30120,0,0,0,5409,5409,Alternate Retirement Plan (ARP),https://www.calhr.ca.gov,,07/01/2014,,,,
2010,State Department,"Health Care Services, Department of",,Account Clerk II,,,,28368,34512,,29582,0,0,500,30082,5522,0,0,5313,10836,2.00% @ 55,https://www.calhr.ca.gov,,07/01/2014,,,,
2010,State Department,"Health Care Services, Department of",,"Program Technician, Range A",,,,27360,35700,,30063,0,0,0,30063,5712,0,0,5313,11026,2.00% @ 55,https://www.calhr.ca.gov,,07/01/2014,,,,
2010,State Department,"Health Care Services, Department of",,"Word Processing Technician, Range B",,,,29400,35700,,30063,0,0,0,30063,5712,0,0,5313,11026,2.00% @ 55,https://www.calhr.ca.gov,,07/01/2014,,,,
2010,State Department,"Health Care Services, Department of",,"Word Processing Technician, Range B",,,,29400,35700,,30063,0,0,0,30063,5712,0,0,5313,11026,2.00% @ 55,https://www.calhr.ca.gov,,07/01/2014,,,,
2010,State Department,"Health Care Services, Department of",,"Program Technician, Range A",,,,27360,35700,,30063,0,0,0,30063,5640,0,0,5313,10953,1.25% @ 65,https://www.calhr.ca.gov,,07/01/2014,,,,
2010,State Department,"Health Care Services, Department of",,"Word Processing Technician, Range B",,,,29400,35700,,30063,0,0,0,30063,5640,0,0,5313,10953,1.25% @ 65,https://www.calhr.ca.gov,,07/01/2014,,,,
2010,State Department,"Health Care Services, Department of",,"Mailing Machines Operator I, Range B",,,,29616,35976,,30059,0,0,0,30059,5757,0,0,6053,11809,2.00% @ 55,https://www.calhr.ca.gov,,07/01/2014,,,,
2010,State Department,"Health Care Services, Department of",,"Office Technician (Typing), Range A",,,,32232,39168,,30029,0,0,0,30029,5583,0,0,5055,10638,2.00% @ 55,https://www.calhr.ca.gov,,07/01/2014,,,,
2010,State Department,"Health Care Services, Department of",,Auditor I,,,,37272,47592,,30020,0,0,0,30020,0,0,0,4212,4212,Alternate Retirement Plan (ARP),https://www.calhr.ca.gov,,07/01/2014,,,,
2010,State Department,"Health Care Services, Department of",,"Management Services Technician, Range B",,,,33804,41112,,30007,0,0,0,30007,5863,0,0,5313,11176,2.00% @ 55,https://www.calhr.ca.gov,,07/01/2014,,,,
2010,State Department,"Health Care Services, Department of",,Health Program Manager I,,,,60948,73524,,21683,0,8230,72,29985,4090,0,0,10563,14653,2.00% @ 55,https://www.calhr.ca.gov,,07/01/2014,,,,
2010,State Department,"Health Care Services, Department of",,"Associate Information Systems Analyst (Specialist), Range A",,,,55428,70764,,25874,0,4107,0,29981,4297,0,0,1197,5494,2.00% @ 55,https://www.calhr.ca.gov,,07/01/2014,,,,
2010,State Department,"Health Care Services, Department of",,"Office Assistant (General), Range B",,,,27360,33240,,29977,0,0,0,29977,5153,0,0,1811,6964,2.00% @ 55,https://www.calhr.ca.gov,,07/01/2014,,,,
2010,State Department,"Health Care Services, Department of",,"Staff Services Analyst (General), Range C",,,,43896,53352,,29976,0,0,0,29976,0,0,0,10205,10205,Alternate Retirement Plan (ARP),https://www.calhr.ca.gov,,07/01/2014,,,,
2010,State Department,"Health Care Services, Department of",,"Word Processing Technician, Range B",,,,29400,35700,,29809,0,0,0,29809,5638,0,0,5243,10881,1.25% @ 65,https://www.calhr.ca.gov,,07/01/2014,,,,
2010,State Department,"Health Care Services, Department of",,"Program Technician, Range A",,,,27360,35700,,29797,0,0,0,29797,5712,0,0,5313,11026,2.00% @ 55,https://www.calhr.ca.gov,,07/01/2014,,,,
2010,State Department,"Health Care Services, Department of",,"Word Processing Technician, Range B",,,,29400,35700,,29797,0,0,0,29797,5712,0,0,5313,11026,2.00% @ 55,https://www.calhr.ca.gov,,07/01/2014,,,,
2010,State Department,"Health Care Services, Department of",,"Associate Governmental Program Analyst, Range A",,,,52800,64176,,27966,0,1795,0,29762,5197,0,0,7516,12713,2.00% @ 55,https://www.calhr.ca.gov,,07/01/2014,,,,
2010,State Department,"Health Care Services, Department of",,"Office Technician (Typing), Range A",,,,32232,39168,,29649,0,0,0,29649,5686,0,0,5313,10999,2.00% @ 55,https://www.calhr.ca.gov,,07/01/2014,,,,
2010,State Department,"Health Care Services, Department of",,"Associate Governmental Program Analyst, Range A",,,,52800,64176,,29641,0,0,0,29641,5134,0,0,2133,7268,2.00% @ 55,https://www.calhr.ca.gov,,07/01/2014,,,,
2010,State Department,"Health Care Services, Department of",,"Word Processing Technician, Range B",,,,29400,35700,,29609,0,0,0,29609,5679,0,0,6035,11714,2.00% @ 55,https://www.calhr.ca.gov,,07/01/2014,,,,
2010,State Department,"Health Care Services, Department of",,"Staff Services Analyst (General), Range B",,,,36600,44496,,29556,0,0,0,29556,0,0,0,5046,5046,Alternate Retirement Plan (ARP),https://www.calhr.ca.gov,,07/01/2014,,,,
2010,State Department,"Health Care Services, Department of",,"Word Processing Technician, Range B",,,,29400,35700,,29551,0,0,0,29551,5712,0,0,6053,11765,2.00% @ 55,https://www.calhr.ca.gov,,07/01/2014,,,,
2010,State Department,"Health Care Services, Department of",,Research Program Specialist I,,,,57996,70488,,29010,0,0,512,29522,0,0,0,,0,,https://www.calhr.ca.gov,,07/01/2014,,,,
2010,State Department,"Health Care Services, Department of",,"Staff Services Analyst (General), Range C",,,,43896,53352,,28992,506,0,24,29522,0,0,0,3016,3016,Alternate Retirement Plan (ARP),https://www.calhr.ca.gov,,07/01/2014,,,,
2010,State Department,"Health Care Services, Department of",,Auditor I,,,,37272,47592,,29515,0,0,0,29515,0,0,0,3837,3837,Alternate Retirement Plan (ARP),https://www.calhr.ca.gov,,07/01/2014,,,,
2010,State Department,"Health Care Services, Department of",,"Nurse Evaluator II, Health Services",,,,59004,75228,,20892,0,8620,0,29512,3453,0,0,664,4117,2.00% @ 55,https://www.calhr.ca.gov,,07/01/2014,,,,
2010,State Department,"Health Care Services, Department of",,"Staff Services Analyst (General), Range A",,,,33804,41112,,29458,0,0,0,29458,5716,0,0,5313,11030,2.00% @ 55,https://www.calhr.ca.gov,,07/01/2014,,,,
2010,State Department,"Health Care Services, Department of",,"Office Assistant (Typing), Range B",,,,27888,33912,,29423,0,0,0,29423,5644,0,0,5313,10958,2.00% @ 55,https://www.calhr.ca.gov,,07/01/2014,,,,
2010,State Department,"Health Care Services, Department of",,"Associate Programmer Analyst (Specialist), Range A",,,,55428,70764,,29405,0,0,0,29405,0,0,0,2562,2562,Alternate Retirement Plan (ARP),https://www.calhr.ca.gov,,07/01/2014,,,,
2010,State Department,"Health Care Services, Department of",,"Word Processing Technician, Range B",,,,29400,35700,,29362,0,0,0,29362,5712,0,0,13607,19320,2.00% @ 55,https://www.calhr.ca.gov,,07/01/2014,,,,
2010,State Department,"Health Care Services, Department of",,"Word Processing Technician, Range B",,,,29400,35700,,29356,0,0,0,29356,5712,0,0,13625,19337,2.00% @ 55,https://www.calhr.ca.gov,,07/01/2014,,,,
2010,State Department,"Health Care Services, Department of",,"Nurse Consultant III (Specialist), Range A",,,,71436,91728,,0,0,29352,0,29352,0,0,0,,0,2.00% @ 55,https://www.calhr.ca.gov,,07/01/2014,,,,
2010,State Department,"Health Care Services, Department of",,"Staff Services Analyst (General), Range A",,,,33804,41112,,28840,0,0,500,29340,5477,0,0,5046,10523,2.00% @ 55,https://www.calhr.ca.gov,,07/01/2014,,,,
2010,State Department,"Health Care Services, Department of",,"Associate Governmental Program Analyst, Range A",,,,52800,64176,,29339,0,0,0,29339,5840,0,0,5046,10886,2.00% @ 55,https://www.calhr.ca.gov,,07/01/2014,,,,
2010,State Department,"Health Care Services, Department of",,Health Program Manager III,,,,81348,89688,,29228,0,0,0,29228,0,0,0,664,664,Alternate Retirement Plan (ARP),https://www.calhr.ca.gov,,07/01/2014,,,,
2010,State Department,"Health Care Services, Department of",,"Office Assistant (Typing), Range B",,,,27888,33912,,29222,0,0,0,29222,5004,0,0,1811,6814,2.00% @ 55,https://www.calhr.ca.gov,,07/01/2014,,,,
2010,State Department,"Health Care Services, Department of",,"Office Technician (Typing), Range A",,,,32232,39168,,29220,0,0,0,29220,2665,0,0,5046,7710,2.00% @ 55,https://www.calhr.ca.gov,,07/01/2014,,,,
2010,State Department,"Health Care Services, Department of",,"Associate Governmental Program Analyst, Range A",,,,52800,64176,,29083,0,0,0,29083,4731,0,0,1207,5938,2.00% @ 55,https://www.calhr.ca.gov,,07/01/2014,,,,
2010,State Department,"Health Care Services, Department of",,"Office Technician (Typing), Range A",,,,32232,39168,,29079,0,0,0,29079,5518,0,0,5046,10563,2.00% @ 55,https://www.calhr.ca.gov,,07/01/2014,,,,
2010,State Department,"Health Care Services, Department of",,"Program Technician, Range A",,,,27360,35700,,29077,0,0,0,29077,5613,0,0,5313,10926,2.00% @ 55,https://www.calhr.ca.gov,,07/01/2014,,,,
2010,State Department,"Health Care Services, Department of",,"Office Technician (General), Range A",,,,31656,38508,,29074,0,0,0,29074,5829,0,0,12563,18392,2.00% @ 55,https://www.calhr.ca.gov,,07/01/2014,,,,
2010,State Department,"Health Care Services, Department of",,"Program Technician, Range A",,,,27360,35700,,29043,0,0,0,29043,5640,0,0,5313,10953,1.25% @ 65,https://www.calhr.ca.gov,,07/01/2014,,,,
2010,State Department,"Health Care Services, Department of",,Account Clerk II,,,,28368,34512,,29016,0,0,0,29016,5522,0,0,5313,10836,2.00% @ 55,https://www.calhr.ca.gov,,07/01/2014,,,,
2010,State Department,"Health Care Services, Department of",,"Word Processing Technician, Range B",,,,29400,35700,,29010,0,0,0,29010,5508,0,0,5055,10563,2.00% @ 55,https://www.calhr.ca.gov,,07/01/2014,,,,
2010,State Department,"Health Care Services, Department of",,"Word Processing Technician, Range B",,,,29400,35700,,29006,0,0,0,29006,5712,0,0,10026,15738,2.00% @ 55,https://www.calhr.ca.gov,,07/01/2014,,,,
2010,State Department,"Health Care Services, Department of",,"Office Technician (Typing), Range A",,,,32232,39168,,28994,0,0,0,28994,5521,0,0,7405,12927,2.00% @ 55,https://www.calhr.ca.gov,,07/01/2014,,,,
2010,State Department,"Health Care Services, Department of",,"Program Technician, Range A",,,,27360,35700,,28898,0,0,85,28982,5743,0,0,5434,11177,2.00% @ 55,https://www.calhr.ca.gov,,07/01/2014,,,,
2010,State Department,"Health Care Services, Department of",,"Office Technician (Typing), Range A",,,,32232,39168,,28978,0,0,0,28978,5772,0,0,10403,16175,2.00% @ 55,https://www.calhr.ca.gov,,07/01/2014,,,,
2010,State Department,"Health Care Services, Department of",,"Staff Services Analyst (General), Range B",,,,36600,44496,,28851,0,0,0,28851,5506,0,0,5313,10820,2.00% @ 55,https://www.calhr.ca.gov,,07/01/2014,,,,
2010,State Department,"Health Care Services, Department of",,"Office Technician (Typing), Range A",,,,32232,39168,,28838,0,0,0,28838,5731,0,0,10403,16135,2.00% @ 55,https://www.calhr.ca.gov,,07/01/2014,,,,
2010,State Department,"Health Care Services, Department of",,"Staff Services Analyst (General), Range B",,,,36600,44496,,29246,0,0,-446,28801,0,0,0,6331,6331,Alternate Retirement Plan (ARP),https://www.calhr.ca.gov,,07/01/2014,,,,
2010,State Department,"Health Care Services, Department of",,"Program Technician, Range A",,,,27360,35700,,28777,0,0,0,28777,5712,0,0,5313,11026,2.00% @ 55,https://www.calhr.ca.gov,,07/01/2014,,,,
2010,State Department,"Health Care Services, Department of",,"Key Data Operator, Range B",,,,29400,35700,,28777,0,0,0,28777,5640,0,0,5313,10953,1.25% @ 65,https://www.calhr.ca.gov,,07/01/2014,,,,
2010,State Department,"Health Care Services, Department of",,"Office Technician (Typing), Range A",,,,32232,39168,,28749,0,0,0,28749,6094,0,0,12563,18656,2.00% @ 55,https://www.calhr.ca.gov,,07/01/2014,,,,
2010,State Department,"Health Care Services, Department of",,"Word Processing Technician, Range B",,,,29400,35700,,28745,0,0,0,28745,5712,0,0,10360,16072,2.00% @ 55,https://www.calhr.ca.gov,,07/01/2014,,,,
2010,State Department,"Health Care Services, Department of",,"Staff Services Analyst (General), Range C",,,,43896,53352,,29071,0,0,-400,28671,0,0,0,6912,6912,Alternate Retirement Plan (ARP),https://www.calhr.ca.gov,,07/01/2014,,,,
2010,State Department,"Health Care Services, Department of",,"Program Technician, Range A",,,,27360,35700,,28660,0,0,0,28660,5701,0,0,10403,16104,2.00% @ 55,https://www.calhr.ca.gov,,07/01/2014,,,,
2010,State Department,"Health Care Services, Department of",,"Office Assistant (Typing), Range B",,,,27888,33912,,28644,0,0,0,28644,5358,0,0,4944,10302,1.25% @ 65,https://www.calhr.ca.gov,,07/01/2014,,,,
2010,State Department,"Health Care Services, Department of",,"Attorney, Range A",,,,56088,56088,,28594,0,0,29,28623,0,0,0,3515,3515,Alternate Retirement Plan (ARP),https://www.calhr.ca.gov,,07/01/2014,,,,
2010,State Department,"Health Care Services, Department of",,"Associate Governmental Program Analyst, Range A",,,,52800,64176,,28567,0,0,0,28567,0,0,0,,0,,https://www.calhr.ca.gov,,07/01/2014,,,,
2010,State Department,"Health Care Services, Department of",,"Office Assistant (Typing), Range B",,,,27888,33912,,28522,0,0,0,28522,5426,0,0,4991,10417,2.00% @ 55,https://www.calhr.ca.gov,,07/01/2014,,,,
2010,State Department,"Health Care Services, Department of",,"Office Technician (Typing), Range A",,,,32232,39168,,28497,0,0,0,28497,5091,0,0,4847,9937,2.00% @ 55,https://www.calhr.ca.gov,,07/01/2014,,,,
2010,State Department,"Health Care Services, Department of",,"Office Assistant (Typing), Range B",,,,27888,33912,,28488,0,0,0,28488,5426,0,0,5313,10740,2.00% @ 55,https://www.calhr.ca.gov,,07/01/2014,,,,
2010,State Department,"Health Care Services, Department of",,"Office Assistant (Typing), Range B",,,,27888,33912,,28488,0,0,0,28488,5426,0,0,5313,10740,2.00% @ 55,https://www.calhr.ca.gov,,07/01/2014,,,,
2010,State Department,"Health Care Services, Department of",,"Research Analyst II -General-, Range A",,,,55428,67392,,28480,0,0,0,28480,0,0,0,,0,,https://www.calhr.ca.gov,,07/01/2014,,,,
2010,State Department,"Health Care Services, Department of",,"Program Technician, Range A",,,,27360,35700,,28479,0,0,0,28479,3783,0,0,1811,5594,2.00% @ 55,https://www.calhr.ca.gov,,07/01/2014,,,,
2010,State Department,"Health Care Services, Department of",,"Legal Analyst, Range A",,,,46092,56040,,28479,0,0,0,28479,5136,0,0,1207,6343,2.00% @ 55,https://www.calhr.ca.gov,,07/01/2014,,,,
2010,State Department,"Health Care Services, Department of",,"Staff Services Analyst (General), Range C",,,,43896,53352,,28289,0,0,135,28425,5260,0,0,3497,8757,2.00% @ 55,https://www.calhr.ca.gov,,07/01/2014,,,,
2010,State Department,"Health Care Services, Department of",,"Word Processing Technician, Range B",,,,29400,35700,,28337,0,0,0,28337,5646,0,0,10403,16049,2.00% @ 55,https://www.calhr.ca.gov,,07/01/2014,,,,
2010,State Department,"Health Care Services, Department of",,"Word Processing Technician, Range B",,,,29400,35700,,28336,0,0,0,28336,5712,0,0,13625,19337,2.00% @ 55,https://www.calhr.ca.gov,,07/01/2014,,,,
2010,State Department,"Health Care Services, Department of",,"Program Technician, Range A",,,,27360,35700,,28287,0,0,0,28287,5640,0,0,12891,18531,1.25% @ 65,https://www.calhr.ca.gov,,07/01/2014,,,,
2010,State Department,"Health Care Services, Department of",,"Office Assistant (Typing), Range B",,,,27888,33912,,28246,0,0,0,28246,5426,0,0,5243,10669,2.00% @ 55,https://www.calhr.ca.gov,,07/01/2014,,,,
2010,State Department,"Health Care Services, Department of",,Program Technician II,,,,31656,38508,,28209,0,0,0,28209,5805,0,0,13625,19430,1.25% @ 65,https://www.calhr.ca.gov,,07/01/2014,,,,
2010,State Department,"Health Care Services, Department of",,Auditor I,,,,37272,47592,,28192,0,0,0,28192,0,0,0,4605,4605,Alternate Retirement Plan (ARP),https://www.calhr.ca.gov,,07/01/2014,,,,
2010,State Department,"Health Care Services, Department of",,"Office Technician (General), Range A",,,,31656,38508,,28166,0,0,0,28166,5525,0,0,5313,10838,2.00% @ 55,https://www.calhr.ca.gov,,07/01/2014,,,,
2010,State Department,"Health Care Services, Department of",,"Office Assistant (General), Range B",,,,27360,33240,,28052,96,0,0,28148,5626,0,0,5055,10681,2.00% @ 55,https://www.calhr.ca.gov,,07/01/2014,,,,
2010,State Department,"Health Care Services, Department of",,"Program Technician, Range A",,,,27360,35700,,28018,0,0,0,28018,5555,0,0,9916,15472,2.00% @ 55,https://www.calhr.ca.gov,,07/01/2014,,,,
2010,State Department,"Health Care Services, Department of",,"Office Assistant (Typing), Range B",,,,27888,33912,,28012,0,0,0,28012,5346,0,0,5313,10659,2.00% @ 55,https://www.calhr.ca.gov,,07/01/2014,,,,
2010,State Department,"Health Care Services, Department of",,"Office Technician (Typing), Range A",,,,32232,39168,,28005,0,0,0,28005,5751,0,0,13625,19375,2.00% @ 55,https://www.calhr.ca.gov,,07/01/2014,,,,
2010,State Department,"Health Care Services, Department of",,"Research Analyst II -General-, Range A",,,,55428,67392,,27994,0,0,0,27994,0,0,0,,0,,https://www.calhr.ca.gov,,07/01/2014,,,,
2010,State Department,"Health Care Services, Department of",,"Office Assistant (General), Range B",,,,27360,33240,,27989,0,0,0,27989,5319,0,0,5313,10632,2.00% @ 55,https://www.calhr.ca.gov,,07/01/2014,,,,
2010,State Department,"Health Care Services, Department of",,"Program Technician, Range A",,,,27360,35700,,27971,0,0,0,27971,5529,0,0,9916,15445,2.00% @ 55,https://www.calhr.ca.gov,,07/01/2014,,,,
2010,State Department,"Health Care Services, Department of",,Program Technician II,,,,31656,38508,,27953,0,0,0,27953,5581,0,0,10403,15984,1.25% @ 65,https://www.calhr.ca.gov,,07/01/2014,,,,
2010,State Department,"Health Care Services, Department of",,"Office Assistant (General), Range B",,,,27360,33240,,27919,0,0,0,27919,5319,0,0,5243,10562,2.00% @ 55,https://www.calhr.ca.gov,,07/01/2014,,,,
2010,State Department,"Health Care Services, Department of",,Hearing Conservation Specialist,,,,59172,81576,,27906,0,0,0,27906,5143,0,0,131,5273,2.00% @ 55,https://www.calhr.ca.gov,,07/01/2014,,,,
2010,State Department,"Health Care Services, Department of",,"Office Assistant (General), Range B",,,,27360,33240,,27896,0,0,0,27896,5319,0,0,5313,10632,2.00% @ 55,https://www.calhr.ca.gov,,07/01/2014,,,,
2010,State Department,"Health Care Services, Department of",,"Word Processing Technician, Range B",,,,29400,35700,,27971,0,0,-80,27890,5712,0,0,13607,19320,2.00% @ 55,https://www.calhr.ca.gov,,07/01/2014,,,,
2010,State Department,"Health Care Services, Department of",,Account Clerk II,,,,28368,34512,,27153,174,0,500,27828,5522,0,0,10403,15926,2.00% @ 55,https://www.calhr.ca.gov,,07/01/2014,,,,
2010,State Department,"Health Care Services, Department of",,"Word Processing Technician, Range B",,,,29400,35700,,27710,0,0,0,27710,5712,0,0,10403,16116,2.00% @ 55,https://www.calhr.ca.gov,,07/01/2014,,,,
2010,State Department,"Health Care Services, Department of",,"Nurse Evaluator II, Health Services",,,,59004,75228,,27709,0,0,0,27709,6019,0,0,5312,11331,2.00% @ 55,https://www.calhr.ca.gov,,07/01/2014,,,,
2010,State Department,"Health Care Services, Department of",,"Nurse Evaluator III, Health Services",,,,58776,76200,,27044,0,663,0,27707,4536,0,0,2359,6895,2.00% @ 55,https://www.calhr.ca.gov,,07/01/2014,,,,
2010,State Department,"Health Care Services, Department of",,"Office Assistant (General), Range B",,,,27360,33240,,27654,0,0,0,27654,5251,0,0,5243,10495,1.25% @ 65,https://www.calhr.ca.gov,,07/01/2014,,,,
2010,State Department,"Health Care Services, Department of",,"Office Technician (Typing), Range A",,,,32232,39168,,27620,0,0,0,27620,0,0,0,5169,5169,Alternate Retirement Plan (ARP),https://www.calhr.ca.gov,,07/01/2014,,,,
2010,State Department,"Health Care Services, Department of",,"Nurse Evaluator II, Health Services",,,,59004,75228,,19837,0,7774,0,27611,3719,0,0,4333,8053,2.00% @ 55,https://www.calhr.ca.gov,,07/01/2014,,,,
2010,State Department,"Health Care Services, Department of",,"Staff Services Analyst (General), Range B",,,,36600,44496,,27597,0,0,0,27597,5528,0,0,10360,15888,2.00% @ 55,https://www.calhr.ca.gov,,07/01/2014,,,,
2010,State Department,"Health Care Services, Department of",,"Nurse Evaluator II, Health Services",,,,59004,75228,,27596,0,0,0,27596,0,0,0,44,44,Alternate Retirement Plan (ARP),https://www.calhr.ca.gov,,07/01/2014,,,,
2010,State Department,"Health Care Services, Department of",,"Office Assistant (General), Range B",,,,27360,33240,,27474,0,0,0,27474,5319,0,0,5243,10562,2.00% @ 55,https://www.calhr.ca.gov,,07/01/2014,,,,
2010,State Department,"Health Care Services, Department of",,"Office Assistant (Typing), Range B",,,,27888,33912,,27375,0,0,0,27375,5425,0,0,5313,10738,2.00% @ 55,https://www.calhr.ca.gov,,07/01/2014,,,,
2010,State Department,"Health Care Services, Department of",,"Legal Assistant, Range A",,,,40632,49392,,18246,0,9116,0,27361,788,0,0,898,1686,,https://www.calhr.ca.gov,,07/01/2014,,,,
2010,State Department,"Health Care Services, Department of",,"Staff Services Analyst (General), Range B",,,,36600,44496,,27285,0,0,0,27285,0,0,0,10521,10521,Alternate Retirement Plan (ARP),https://www.calhr.ca.gov,,07/01/2014,,,,
2010,State Department,"Health Care Services, Department of",,"C.E.A., Range 3",,,,74076,160572,,27259,0,0,0,27259,0,0,0,,0,,https://www.calhr.ca.gov,,07/01/2014,,,,
2010,State Department,"Health Care Services, Department of",,"Office Assistant (General), Range A",,,,24888,30228,,27127,83,0,0,27210,4626,0,0,1811,6437,2.00% @ 55,https://www.calhr.ca.gov,,07/01/2014,,,,
2010,State Department,"Health Care Services, Department of",,"Office Technician (Typing), Range A",,,,32232,39168,,27201,0,0,0,27201,5219,0,0,5313,10532,2.00% @ 55,https://www.calhr.ca.gov,,07/01/2014,,,,
2010,State Department,"Health Care Services, Department of",,"Program Technician, Range A",,,,27360,35700,,27186,0,0,0,27186,5278,0,0,13625,18902,1.25% @ 65,https://www.calhr.ca.gov,,07/01/2014,,,,
2010,State Department,"Health Care Services, Department of",,"Office Technician (Typing), Range A",,,,32232,39168,,27181,0,0,0,27181,4840,0,0,1207,6047,2.00% @ 55,https://www.calhr.ca.gov,,07/01/2014,,,,
2010,State Department,"Health Care Services, Department of",,"Office Assistant (Typing), Range B",,,,27888,33912,,27155,0,0,0,27155,5358,0,0,10403,15761,1.25% @ 65,https://www.calhr.ca.gov,,07/01/2014,,,,
2010,State Department,"Health Care Services, Department of",,"Associate Governmental Program Analyst, Range A",,,,52800,64176,,25912,0,1215,0,27127,4520,0,0,3099,7619,2.00% @ 55,https://www.calhr.ca.gov,,07/01/2014,,,,
2010,State Department,"Health Care Services, Department of",,"Personnel Specialist, Range B",,,,35916,43680,,27101,0,0,0,27101,5507,0,0,8905,14412,2.00% @ 55,https://www.calhr.ca.gov,,07/01/2014,,,,
2010,State Department,"Health Care Services, Department of",,"Associate Information Systems Analyst (Specialist), Range A",,,,55428,70764,,20976,0,6077,0,27053,3635,0,0,2106,5741,2.00% @ 55,https://www.calhr.ca.gov,,07/01/2014,,,,
2010,State Department,"Health Care Services, Department of",,"Associate Information Systems Analyst (Specialist), Range A",,,,55428,70764,,19629,0,0,7397,27026,12345,0,0,12551,24895,2.00% @ 55,https://www.calhr.ca.gov,,07/01/2014,,,,
2010,State Department,"Health Care Services, Department of",,"Health Program Auditor III, Department Of Health Services",,,,55428,70764,,25392,0,1570,0,26962,4429,0,0,3059,7488,2.00% @ 55,https://www.calhr.ca.gov,,07/01/2014,,,,
2010,State Department,"Health Care Services, Department of",,"Office Assistant (Typing), Range B",,,,27888,33912,,26953,0,0,0,26953,5358,0,0,12891,18249,1.25% @ 65,https://www.calhr.ca.gov,,07/01/2014,,,,
2010,State Department,"Health Care Services, Department of",,"Word Processing Technician, Range B",,,,29400,35700,,26909,0,0,0,26909,5404,0,0,10781,16185,2.00% @ 55,https://www.calhr.ca.gov,,07/01/2014,,,,
2010,State Department,"Health Care Services, Department of",,"Supervising Fraud Investigator I, Department Of Health Services",,,,64428,81624,,0,0,26840,0,26840,0,0,0,,0,3.00% @ 50,https://www.calhr.ca.gov,,07/01/2014,,,,
2010,State Department,"Health Care Services, Department of",,"Associate Information Systems Analyst (Specialist), Range A",,,,55428,70764,,26802,0,0,0,26802,4896,0,0,2512,7408,2.00% @ 55,https://www.calhr.ca.gov,,07/01/2014,,,,
2010,State Department,"Health Care Services, Department of",,"Systems Software Specialist I (Technical), Range A",,,,60768,77580,,27206,0,0,-456,26749,0,0,0,4548,4548,Alternate Retirement Plan (ARP),https://www.calhr.ca.gov,,07/01/2014,,,,
2010,State Department,"Health Care Services, Department of",,"Office Technician (Typing), Range A",,,,32232,39168,,26747,0,0,0,26747,0,0,0,960,960,Alternate Retirement Plan (ARP),https://www.calhr.ca.gov,,07/01/2014,,,,
2010,State Department,"Health Care Services, Department of",,"Staff Services Analyst (General), Range C",,,,43896,53352,,26428,295,0,0,26723,0,0,0,9236,9236,Alternate Retirement Plan (ARP),https://www.calhr.ca.gov,,07/01/2014,,,,
2010,State Department,"Health Care Services, Department of",,"Program Technician, Range A",,,,27360,35700,,26673,0,0,0,26673,5285,0,0,13625,18910,1.25% @ 65,https://www.calhr.ca.gov,,07/01/2014,,,,
2010,State Department,"Health Care Services, Department of",,"Research Analyst II -General-, Range A",,,,55428,67392,,26665,0,0,0,26665,0,0,0,,0,,https://www.calhr.ca.gov,,07/01/2014,,,,
2010,State Department,"Health Care Services, Department of",,"Management Services Technician, Range B",,,,33804,41112,,26635,0,0,0,26635,5408,0,0,11729,17137,2.00% @ 55,https://www.calhr.ca.gov,,07/01/2014,,,,
2010,State Department,"Health Care Services, Department of",,"Staff Services Analyst (General), Range C",,,,43896,53352,,26634,0,0,0,26634,0,0,0,3780,3780,Alternate Retirement Plan (ARP),https://www.calhr.ca.gov,,07/01/2014,,,,
2010,State Department,"Health Care Services, Department of",,"Staff Services Analyst (General), Range C",,,,43896,53352,,21405,0,5179,0,26583,3922,0,0,6823,10745,2.00% @ 55,https://www.calhr.ca.gov,,07/01/2014,,,,
2010,State Department,"Health Care Services, Department of",,"Attorney, Range C",,,,67656,81816,,19429,0,7118,0,26546,477,0,0,4840,5317,2.00% @ 55,https://www.calhr.ca.gov,,07/01/2014,,,,
2010,State Department,"Health Care Services, Department of",,"Office Assistant (Typing), Range B",,,,27888,33912,,26535,0,0,0,26535,5426,0,0,11232,16658,2.00% @ 55,https://www.calhr.ca.gov,,07/01/2014,,,,
2010,State Department,"Health Care Services, Department of",,"Nurse Consultant III (Specialist), Range A",,,,71436,91728,,26460,0,0,48,26508,0,0,0,,0,,https://www.calhr.ca.gov,,07/01/2014,,,,
2010,State Department,"Health Care Services, Department of",,Program Technician II,,,,31656,38508,,26477,0,0,0,26477,5226,0,0,12880,18105,2.00% @ 55,https://www.calhr.ca.gov,,07/01/2014,,,,
2010,State Department,"Health Care Services, Department of",,"Associate Governmental Program Analyst, Range A",,,,52800,64176,,26322,0,0,0,26322,4815,0,0,6279,11094,2.00% @ 55,https://www.calhr.ca.gov,,07/01/2014,,,,
2010,State Department,"Health Care Services, Department of",,"Staff Services Analyst (General), Range C",,,,43896,53352,,26301,0,0,0,26301,0,0,0,3763,3763,Alternate Retirement Plan (ARP),https://www.calhr.ca.gov,,07/01/2014,,,,
2010,State Department,"Health Care Services, Department of",,"Staff Services Analyst (General), Range C",,,,43896,53352,,26294,0,0,0,26294,5460,0,0,13204,18664,1.25% @ 65,https://www.calhr.ca.gov,,07/01/2014,,,,
2010,State Department,"Health Care Services, Department of",,"Pharmaceutical Consultant I, Department Of Health Services",,,,62004,89508,,19172,0,0,7067,26239,0,0,0,8138,8138,2.00% @ 55,https://www.calhr.ca.gov,,07/01/2014,,,,
2010,State Department,"Health Care Services, Department of",,"Office Technician (Typing), Range A",,,,32232,39168,,26079,44,0,0,26123,4959,0,0,5055,10014,2.00% @ 55,https://www.calhr.ca.gov,,07/01/2014,,,,
2010,State Department,"Health Care Services, Department of",,"Tax Compliance Representative, Range C",,,,46092,56040,,22374,0,3682,0,26056,3651,0,0,1207,4858,1.25% @ 65,https://www.calhr.ca.gov,,07/01/2014,,,,
2010,State Department,"Health Care Services, Department of",,"Office Assistant (General), Range B",,,,27360,33240,,26033,0,0,0,26033,5319,0,0,10403,15722,2.00% @ 55,https://www.calhr.ca.gov,,07/01/2014,,,,
2010,State Department,"Health Care Services, Department of",,"Word Processing Technician, Range B",,,,29400,35700,,25979,0,0,0,25979,4983,0,0,5313,10297,2.00% @ 55,https://www.calhr.ca.gov,,07/01/2014,,,,
2010,State Department,"Health Care Services, Department of",,"Office Technician (Typing), Range A",,,,32232,39168,,25944,0,0,0,25944,3455,0,0,339,3794,2.00% @ 55,https://www.calhr.ca.gov,,07/01/2014,,,,
2010,State Department,"Health Care Services, Department of",,"Public Health Medical Administrator I, Range C",,,,143436,162468,,25938,0,0,0,25938,0,0,0,2337,2337,Alternate Retirement Plan (ARP),https://www.calhr.ca.gov,,07/01/2014,,,,
2010,State Department,"Health Care Services, Department of",,"Word Processing Technician, Range A",,,,27888,33912,,25845,0,0,0,25845,4845,0,0,5243,10088,2.00% @ 55,https://www.calhr.ca.gov,,07/01/2014,,,,
2010,State Department,"Health Care Services, Department of",,"Office Technician (Typing), Range A",,,,32232,39168,,25830,0,0,0,25830,2840,0,0,5184,8024,2.00% @ 55,https://www.calhr.ca.gov,,07/01/2014,,,,
2010,State Department,"Health Care Services, Department of",,"Program Technician, Range A",,,,27360,35700,,25818,0,0,0,25818,5174,0,0,6437,11611,1.25% @ 65,https://www.calhr.ca.gov,,07/01/2014,,,,
2010,State Department,"Health Care Services, Department of",,"Word Processing Technician, Range B",,,,29400,35700,,25812,0,0,0,25812,5329,0,0,13421,18751,2.00% @ 55,https://www.calhr.ca.gov,,07/01/2014,,,,
2010,State Department,"Health Care Services, Department of",,"Office Technician (Typing), Range A",,,,32232,39168,,25785,0,0,0,25785,5283,0,0,12668,17950,2.00% @ 55,https://www.calhr.ca.gov,,07/01/2014,,,,
2010,State Department,"Health Care Services, Department of",,"Health Program Auditor IV, Department Of Health Services",,,,57996,74016,,25768,0,0,0,25768,0,0,0,2527,2527,Alternate Retirement Plan (ARP),https://www.calhr.ca.gov,,07/01/2014,,,,
2010,State Department,"Health Care Services, Department of",,"Accounting Officer (Specialist), Range A",,,,46092,56040,,26297,0,0,-539,25759,0,0,0,10034,10034,Alternate Retirement Plan (ARP),https://www.calhr.ca.gov,,07/01/2014,,,,
2010,State Department,"Health Care Services, Department of",,"Associate Governmental Program Analyst, Range A",,,,52800,64176,,25741,0,0,0,25741,4559,0,0,5202,9761,2.00% @ 55,https://www.calhr.ca.gov,,07/01/2014,,,,
2010,State Department,"Health Care Services, Department of",,"Associate Governmental Program Analyst, Range A",,,,52800,64176,,25719,0,0,0,25719,5134,0,0,10403,15538,2.00% @ 55,https://www.calhr.ca.gov,,07/01/2014,,,,
2010,State Department,"Health Care Services, Department of",,"Personnel Specialist, Range D",,,,40152,48804,,20809,0,0,4882,25691,6232,0,0,4806,11038,2.00% @ 55,https://www.calhr.ca.gov,,07/01/2014,,,,
2010,State Department,"Health Care Services, Department of",,"Office Technician (Typing), Range A",,,,32232,39168,,25626,0,0,0,25626,1571,0,0,8986,10557,2.00% @ 55,https://www.calhr.ca.gov,,07/01/2014,,,,
2010,State Department,"Health Care Services, Department of",,"Program Technician, Range A",,,,27360,35700,,25575,0,0,0,25575,3783,0,0,5055,8838,2.00% @ 55,https://www.calhr.ca.gov,,07/01/2014,,,,
2010,State Department,"Health Care Services, Department of",,"Staff Services Analyst (General), Range C",,,,43896,53352,,25564,0,0,0,25564,0,0,0,6809,6809,Alternate Retirement Plan (ARP),https://www.calhr.ca.gov,,07/01/2014,,,,
2010,State Department,"Health Care Services, Department of",,"Management Services Technician, Range B",,,,33804,41112,,25521,0,0,0,25521,2669,0,0,5055,7723,2.00% @ 55,https://www.calhr.ca.gov,,07/01/2014,,,,
2010,State Department,"Health Care Services, Department of",,Auditor I,,,,37272,47592,,25463,0,0,0,25463,0,0,0,1498,1498,Alternate Retirement Plan (ARP),https://www.calhr.ca.gov,,07/01/2014,,,,
2010,State Department,"Health Care Services, Department of",,"Staff Services Analyst (General), Range C",,,,43896,53352,,25458,0,0,0,25458,0,0,0,3557,3557,Alternate Retirement Plan (ARP),https://www.calhr.ca.gov,,07/01/2014,,,,
2010,State Department,"Health Care Services, Department of",,Auditor I,,,,37272,47592,,25441,0,0,0,25441,0,0,0,3791,3791,Alternate Retirement Plan (ARP),https://www.calhr.ca.gov,,07/01/2014,,,,
2010,State Department,"Health Care Services, Department of",,"Associate Governmental Program Analyst, Range A",,,,52800,64176,,25790,0,0,-456,25333,0,0,0,5740,5740,Alternate Retirement Plan (ARP),https://www.calhr.ca.gov,,07/01/2014,,,,
2010,State Department,"Health Care Services, Department of",,"Office Assistant (Typing), Range B",,,,27888,33912,,25331,0,0,0,25331,4747,0,0,5270,10017,2.00% @ 55,https://www.calhr.ca.gov,,07/01/2014,,,,
2010,State Department,"Health Care Services, Department of",,"Office Assistant (Typing), Range B",,,,27888,33912,,25325,0,0,0,25325,4773,0,0,13625,18398,2.00% @ 55,https://www.calhr.ca.gov,,07/01/2014,,,,
2010,State Department,"Health Care Services, Department of",,Data Processing Manager III,,,,85416,98868,,25234,0,0,0,25234,0,0,0,664,664,Alternate Retirement Plan (ARP),https://www.calhr.ca.gov,,07/01/2014,,,,
2010,State Department,"Health Care Services, Department of",,"Office Assistant (General), Range B",,,,27360,33240,,24979,0,0,219,25198,4981,0,0,7464,12445,2.00% @ 55,https://www.calhr.ca.gov,,07/01/2014,,,,
2010,State Department,"Health Care Services, Department of",,"Office Technician (Typing), Range A",,,,32232,39168,,25094,0,0,0,25094,5960,0,0,13625,19585,2.00% @ 55,https://www.calhr.ca.gov,,07/01/2014,,,,
2010,State Department,"Health Care Services, Department of",,"Staff Services Analyst (General), Range C",,,,43896,53352,,25040,0,0,0,25040,4582,0,0,9536,14118,2.00% @ 55,https://www.calhr.ca.gov,,07/01/2014,,,,
2010,State Department,"Health Care Services, Department of",,Health Program Manager III,,,,81348,89688,,24945,0,0,0,24945,0,0,0,,0,,https://www.calhr.ca.gov,,07/01/2014,,,,
2010,State Department,"Health Care Services, Department of",,"Program Technician, Range A",,,,27360,35700,,24874,0,0,0,24874,2995,0,0,5055,8050,2.00% @ 55,https://www.calhr.ca.gov,,07/01/2014,,,,
2010,State Department,"Health Care Services, Department of",,"Office Assistant (General), Range B",,,,27360,33240,,24872,0,0,0,24872,4993,0,0,6463,11456,2.00% @ 55,https://www.calhr.ca.gov,,07/01/2014,,,,
2010,State Department,"Health Care Services, Department of",,"Nurse Evaluator II, Health Services",,,,59004,75228,,17935,0,6839,0,24774,3271,0,0,3467,6738,2.00% @ 55,https://www.calhr.ca.gov,,07/01/2014,,,,
2010,State Department,"Health Care Services, Department of",,"Accounting Officer (Specialist), Range A",,,,46092,56040,,20063,0,4695,0,24759,3473,0,0,2838,6311,2.00% @ 55,https://www.calhr.ca.gov,,07/01/2014,,,,
2010,State Department,"Health Care Services, Department of",,"Program Technician, Range A",,,,27360,35700,,15311,0,7325,2112,24748,4748,0,0,4428,9176,2.00% @ 55,https://www.calhr.ca.gov,,07/01/2014,,,,
2010,State Department,"Health Care Services, Department of",,"Associate Governmental Program Analyst, Range A",,,,52800,64176,,24648,0,0,0,24648,5022,0,0,13088,18110,2.00% @ 55,https://www.calhr.ca.gov,,07/01/2014,,,,
2010,State Department,"Health Care Services, Department of",,"Office Technician (Typing), Range A",,,,32232,39168,,24596,0,0,0,24596,4519,0,0,9916,14435,2.00% @ 55,https://www.calhr.ca.gov,,07/01/2014,,,,
2010,State Department,"Health Care Services, Department of",,"Staff Services Analyst (General), Range C",,,,43896,53352,,24422,0,0,116,24538,0,0,0,2019,2019,Alternate Retirement Plan (ARP),https://www.calhr.ca.gov,,07/01/2014,,,,
2010,State Department,"Health Care Services, Department of",,Auditor I,,,,37272,47592,,25067,0,0,-579,24488,0,0,0,7603,7603,Alternate Retirement Plan (ARP),https://www.calhr.ca.gov,,07/01/2014,,,,
2010,State Department,"Health Care Services, Department of",,"Nurse Evaluator II, Health Services",,,,59004,75228,,26928,0,0,-2441,24487,0,0,0,6547,6547,Alternate Retirement Plan (ARP),https://www.calhr.ca.gov,,07/01/2014,,,,
2010,State Department,"Health Care Services, Department of",,"Staff Services Analyst (General), Range C",,,,43896,53352,,24474,0,0,0,24474,4871,0,0,5055,9926,2.00% @ 55,https://www.calhr.ca.gov,,07/01/2014,,,,
2010,State Department,"Health Care Services, Department of",,"Associate Management Auditor, Range A",,,,55428,70764,,0,0,24408,0,24408,0,0,0,,0,2.00% @ 55,https://www.calhr.ca.gov,,07/01/2014,,,,
2010,State Department,"Health Care Services, Department of",,"Office Technician (General), Range A",,,,31656,38508,,24208,0,0,0,24208,4856,0,0,9897,14753,2.00% @ 55,https://www.calhr.ca.gov,,07/01/2014,,,,
2010,State Department,"Health Care Services, Department of",,Programmer II,,,,48396,61764,,24007,0,0,0,24007,4941,0,0,10403,15345,2.00% @ 55,https://www.calhr.ca.gov,,07/01/2014,,,,
2010,State Department,"Health Care Services, Department of",,"Associate Governmental Program Analyst, Range A",,,,52800,64176,,24001,0,0,0,24001,0,0,0,,0,,https://www.calhr.ca.gov,,07/01/2014,,,,
2010,State Department,"Health Care Services, Department of",,Staff Services Manager II (Supervisory),,,,66912,80724,,24102,0,0,-154,23947,0,0,0,5858,5858,Alternate Retirement Plan (ARP),https://www.calhr.ca.gov,,07/01/2014,,,,
2010,State Department,"Health Care Services, Department of",,"Office Assistant (General), Range B",,,,27360,33240,,23879,0,0,0,23879,3580,0,0,5046,8626,2.00% @ 55,https://www.calhr.ca.gov,,07/01/2014,,,,
2010,State Department,"Health Care Services, Department of",,Data Processing Manager III,,,,85416,98868,,0,0,23813,0,23813,0,0,0,,0,2.00% @ 55,https://www.calhr.ca.gov,,07/01/2014,,,,
2010,State Department,"Health Care Services, Department of",,Medi-Cal Technician I,,,,29364,35688,,22918,0,832,0,23749,4040,0,0,3985,8025,2.00% @ 55,https://www.calhr.ca.gov,,07/01/2014,,,,
2010,State Department,"Health Care Services, Department of",,"Nurse Evaluator II, Health Services",,,,59004,75228,,23643,0,0,0,23643,0,0,0,2194,2194,Alternate Retirement Plan (ARP),https://www.calhr.ca.gov,,07/01/2014,,,,
2010,State Department,"Health Care Services, Department of",,"Health Program Auditor II, Department Of Health Services",,,,46092,58836,,23628,0,0,0,23628,5461,0,0,12473,17934,2.00% @ 55,https://www.calhr.ca.gov,,07/01/2014,,,,
2010,State Department,"Health Care Services, Department of",,"Office Technician (Typing), Range A",,,,32232,39168,,23515,111,0,0,23626,512,0,0,8819,9330,2.00% @ 55,https://www.calhr.ca.gov,,07/01/2014,,,,
2010,State Department,"Health Care Services, Department of",,"Associate Governmental Program Analyst, Range A",,,,52800,64176,,23621,0,0,0,23621,4769,0,0,10403,15172,2.00% @ 55,https://www.calhr.ca.gov,,07/01/2014,,,,
2010,State Department,"Health Care Services, Department of",,"Staff Information Systems Analyst (Specialist), Range A",,,,60780,77592,,23593,0,0,0,23593,3783,0,0,464,4246,2.00% @ 55,https://www.calhr.ca.gov,,07/01/2014,,,,
2010,State Department,"Health Care Services, Department of",,"Staff Services Analyst (General), Range C",,,,43896,53352,,23407,0,0,0,23407,0,0,0,1056,1056,Alternate Retirement Plan (ARP),https://www.calhr.ca.gov,,07/01/2014,,,,
2010,State Department,"Health Care Services, Department of",,"Office Assistant (General), Range B",,,,27360,33240,,23383,0,0,0,23383,4550,0,0,5243,9793,2.00% @ 55,https://www.calhr.ca.gov,,07/01/2014,,,,
2010,State Department,"Health Care Services, Department of",,"Staff Programmer Analyst (Specialist), Range A",,,,60780,77592,,23750,0,0,-400,23350,0,0,0,3756,3756,Alternate Retirement Plan (ARP),https://www.calhr.ca.gov,,07/01/2014,,,,
2010,State Department,"Health Care Services, Department of",,"Office Assistant (Typing), Range B",,,,27888,33912,,23102,0,0,0,23102,4852,0,0,13607,18460,2.00% @ 55,https://www.calhr.ca.gov,,07/01/2014,,,,
2010,State Department,"Health Care Services, Department of",,"Associate Information Systems Analyst (Specialist), Range A",,,,55428,70764,,23080,0,0,0,23080,0,0,0,2517,2517,Alternate Retirement Plan (ARP),https://www.calhr.ca.gov,,07/01/2014,,,,
2010,State Department,"Health Care Services, Department of",,"Office Assistant (General), Range B",,,,27360,33240,,22946,0,0,0,22946,4748,0,0,12741,17489,2.00% @ 55,https://www.calhr.ca.gov,,07/01/2014,,,,
2010,State Department,"Health Care Services, Department of",,"Office Technician (Typing), Range A",,,,32232,39168,,22817,0,0,0,22817,0,0,0,4201,4201,Alternate Retirement Plan (ARP),https://www.calhr.ca.gov,,07/01/2014,,,,
2010,State Department,"Health Care Services, Department of",,"Staff Services Analyst (General), Range C",,,,43896,53352,,22738,0,0,0,22738,0,0,0,76,76,Alternate Retirement Plan (ARP),https://www.calhr.ca.gov,,07/01/2014,,,,
2010,State Department,"Health Care Services, Department of",,"Medical Consultant I, Department Of Health Services, Range C",,,,112776,154728,,0,0,22693,0,22693,0,0,0,,0,2.00% @ 55,https://www.calhr.ca.gov,,07/01/2014,,,,
2010,State Department,"Health Care Services, Department of",,"Office Technician (Typing), Range A",,,,32232,39168,,22633,0,0,0,22633,0,0,0,3745,3745,Alternate Retirement Plan (ARP),https://www.calhr.ca.gov,,07/01/2014,,,,
2010,State Department,"Health Care Services, Department of",,"Associate Governmental Program Analyst, Range A",,,,52800,64176,,22597,0,0,0,22597,0,0,0,3156,3156,Alternate Retirement Plan (ARP),https://www.calhr.ca.gov,,07/01/2014,,,,
2010,State Department,"Health Care Services, Department of",,"Program Technician, Range A",,,,27360,35700,,22596,0,0,0,22596,3802,0,0,13151,16952,2.00% @ 55,https://www.calhr.ca.gov,,07/01/2014,,,,
2010,State Department,"Health Care Services, Department of",,Auditor I,,,,37272,47592,,23746,0,0,-1158,22588,0,0,0,7554,7554,Alternate Retirement Plan (ARP),https://www.calhr.ca.gov,,07/01/2014,,,,
2010,State Department,"Health Care Services, Department of",,"Nurse Evaluator II, Health Services",,,,59004,75228,,22634,0,0,-85,22549,4577,0,0,2203,6779,2.00% @ 55,https://www.calhr.ca.gov,,07/01/2014,,,,
2010,State Department,"Health Care Services, Department of",,"Nurse Evaluator II, Health Services",,,,59004,75228,,20701,0,0,1776,22476,13709,0,0,5312,19022,2.00% @ 55,https://www.calhr.ca.gov,,07/01/2014,,,,
2010,State Department,"Health Care Services, Department of",,Program Technician II,,,,31656,38508,,22356,0,0,0,22356,4120,0,0,8669,12789,1.25% @ 65,https://www.calhr.ca.gov,,07/01/2014,,,,
2010,State Department,"Health Care Services, Department of",,"Associate Governmental Program Analyst, Range A",,,,52800,64176,,22147,0,0,0,22147,0,0,0,2938,2938,Alternate Retirement Plan (ARP),https://www.calhr.ca.gov,,07/01/2014,,,,
2010,State Department,"Health Care Services, Department of",,"Personnel Specialist, Range A",,,,31224,37944,,21962,0,0,0,21962,0,0,0,10679,10679,Alternate Retirement Plan (ARP),https://www.calhr.ca.gov,,07/01/2014,,,,
2010,State Department,"Health Care Services, Department of",,"Nurse Evaluator II, Health Services",,,,59004,75228,,21814,0,0,-107,21707,0,0,0,2213,2213,Alternate Retirement Plan (ARP),https://www.calhr.ca.gov,,07/01/2014,,,,
2010,State Department,"Health Care Services, Department of",,"Associate Information Systems Analyst (Specialist), Range A",,,,55428,70764,,21662,0,0,0,21662,0,0,0,754,754,Alternate Retirement Plan (ARP),https://www.calhr.ca.gov,,07/01/2014,,,,
2010,State Department,"Health Care Services, Department of",,"Staff Services Analyst (General), Range C",,,,43896,53352,,21583,0,0,0,21583,0,0,0,1811,1811,Alternate Retirement Plan (ARP),https://www.calhr.ca.gov,,07/01/2014,,,,
2010,State Department,"Health Care Services, Department of",,Medi-Cal Technician I,,,,29364,35688,,21425,0,0,0,21425,4272,0,0,13625,17897,2.00% @ 55,https://www.calhr.ca.gov,,07/01/2014,,,,
2010,State Department,"Health Care Services, Department of",,"Associate Governmental Program Analyst, Range A",,,,52800,64176,,21227,0,0,0,21227,0,0,0,2526,2526,2.00% @ 55,https://www.calhr.ca.gov,,07/01/2014,,,,
2010,State Department,"Health Care Services, Department of",,"Office Assistant (General), Range B",,,,27360,33240,,20107,0,0,961,21067,5370,0,0,10781,16151,1.25% @ 65,https://www.calhr.ca.gov,,07/01/2014,,,,
2010,State Department,"Health Care Services, Department of",,"Associate Governmental Program Analyst, Range A",,,,52800,64176,,20966,0,0,0,20966,4273,0,0,5313,9586,2.00% @ 55,https://www.calhr.ca.gov,,07/01/2014,,,,
2010,State Department,"Health Care Services, Department of",,"Health Program Auditor IV, Department Of Health Services",,,,57996,74016,,20963,0,0,0,20963,0,0,0,,0,,https://www.calhr.ca.gov,,07/01/2014,,,,
2010,State Department,"Health Care Services, Department of",,"Office Technician (Typing), Range A",,,,32232,39168,,18654,0,1984,0,20638,3330,0,0,3311,6640,2.00% @ 55,https://www.calhr.ca.gov,,07/01/2014,,,,
2010,State Department,"Health Care Services, Department of",,"Staff Services Analyst (General), Range C",,,,43896,53352,,19645,0,887,0,20532,3526,0,0,2657,6183,2.00% @ 55,https://www.calhr.ca.gov,,07/01/2014,,,,
2010,State Department,"Health Care Services, Department of",,"Office Assistant (General), Range B",,,,27360,33240,,20523,0,0,0,20523,3709,0,0,14047,17756,2.00% @ 55,https://www.calhr.ca.gov,,07/01/2014,,,,
2010,State Department,"Health Care Services, Department of",,Program Technician II,,,,31656,38508,,20373,0,0,0,20373,3854,0,0,7057,10911,2.00% @ 55,https://www.calhr.ca.gov,,07/01/2014,,,,
2010,State Department,"Health Care Services, Department of",,"Assistant Information Systems Analyst, Range A",,,,37272,43152,,20299,0,0,0,20299,0,0,0,5574,5574,Alternate Retirement Plan (ARP),https://www.calhr.ca.gov,,07/01/2014,,,,
2010,State Department,"Health Care Services, Department of",,"Associate Programmer Analyst (Specialist), Range A",,,,55428,70764,,19783,0,0,456,20240,0,0,0,464,464,Alternate Retirement Plan (ARP),https://www.calhr.ca.gov,,07/01/2014,,,,
2010,State Department,"Health Care Services, Department of",,"Associate Information Systems Analyst (Specialist), Range A",,,,55428,70764,,20587,0,0,-579,20008,0,0,0,4499,4499,Alternate Retirement Plan (ARP),https://www.calhr.ca.gov,,07/01/2014,,,,
2010,State Department,"Health Care Services, Department of",,"Nurse Evaluator II, Health Services",,,,59004,75228,,19982,0,0,0,19982,3519,0,0,9534,13053,2.00% @ 55,https://www.calhr.ca.gov,,07/01/2014,,,,
2010,State Department,"Health Care Services, Department of",,"Word Processing Technician, Range B",,,,29400,35700,,19773,0,0,0,19773,3538,0,0,4428,7966,2.00% @ 55,https://www.calhr.ca.gov,,07/01/2014,,,,
2010,State Department,"Health Care Services, Department of",,Program Technician II,,,,31656,38508,,17158,0,2051,328,19537,3596,0,0,6694,10291,2.00% @ 55,https://www.calhr.ca.gov,,07/01/2014,,,,
2010,State Department,"Health Care Services, Department of",,"Office Assistant (General), Range B",,,,27360,33240,,8521,0,10962,0,19483,1595,0,0,3468,5062,2.00% @ 55,https://www.calhr.ca.gov,,07/01/2014,,,,
2010,State Department,"Health Care Services, Department of",,Auditor I,,,,37272,47592,,19366,0,0,0,19366,0,0,0,2949,2949,Alternate Retirement Plan (ARP),https://www.calhr.ca.gov,,07/01/2014,,,,
2010,State Department,"Health Care Services, Department of",,"Staff Services Analyst (General), Range C",,,,43896,53352,,19356,0,0,0,19356,0,0,0,2526,2526,Alternate Retirement Plan (ARP),https://www.calhr.ca.gov,,07/01/2014,,,,
2010,State Department,"Health Care Services, Department of",,"Staff Services Analyst (General), Range C",,,,43896,53352,,19261,0,0,0,19261,0,0,0,251,251,Alternate Retirement Plan (ARP),https://www.calhr.ca.gov,,07/01/2014,,,,
2010,State Department,"Health Care Services, Department of",,"Staff Services Analyst (General), Range C",,,,43896,53352,,18530,0,0,0,18530,0,0,0,2521,2521,Alternate Retirement Plan (ARP),https://www.calhr.ca.gov,,07/01/2014,,,,
2010,State Department,"Health Care Services, Department of",,Medi-Cal Technician II,,,,33072,40212,,11863,0,6665,0,18527,1929,0,0,711,2640,2.00% @ 55,https://www.calhr.ca.gov,,07/01/2014,,,,
2010,State Department,"Health Care Services, Department of",,"Office Technician (Typing), Range A",,,,32232,39168,,18429,0,0,0,18429,0,0,0,1072,1072,Alternate Retirement Plan (ARP),https://www.calhr.ca.gov,,07/01/2014,,,,
2010,State Department,"Health Care Services, Department of",,"Senior Legal Typist, Range B",,,,34728,42192,,18413,0,0,0,18413,0,0,0,,0,,https://www.calhr.ca.gov,,07/01/2014,,,,
2010,State Department,"Health Care Services, Department of",,"Senior Legal Typist, Range B",,,,34728,42192,,17410,0,888,0,18298,3023,0,0,3059,6082,2.00% @ 55,https://www.calhr.ca.gov,,07/01/2014,,,,
2010,State Department,"Health Care Services, Department of",,"Nurse Evaluator II, Health Services",,,,59004,75228,,18143,0,0,0,18143,2964,0,0,664,3628,2.00% @ 55,https://www.calhr.ca.gov,,07/01/2014,,,,
2010,State Department,"Health Care Services, Department of",,"Associate Programmer Analyst (Specialist), Range A",,,,55428,70764,,18132,0,0,0,18132,3643,0,0,453,4096,1.25% @ 65,https://www.calhr.ca.gov,,07/01/2014,,,,
2010,State Department,"Health Care Services, Department of",,"Associate Governmental Program Analyst, Range A",,,,52800,64176,,18097,0,0,0,18097,0,0,0,2009,2009,Alternate Retirement Plan (ARP),https://www.calhr.ca.gov,,07/01/2014,,,,
2010,State Department,"Health Care Services, Department of",,"Senior Legal Typist, Range B",,,,34728,42192,,18058,0,0,0,18058,0,0,0,,0,,https://www.calhr.ca.gov,,07/01/2014,,,,
2010,State Department,"Health Care Services, Department of",,"Associate Governmental Program Analyst, Range A",,,,52800,64176,,18593,0,0,-559,18034,0,0,0,3654,3654,Alternate Retirement Plan (ARP),https://www.calhr.ca.gov,,07/01/2014,,,,
2010,State Department,"Health Care Services, Department of",,"Office Technician (Typing), Range A",,,,32232,39168,,18472,0,0,-526,17946,3791,0,0,9657,13449,2.00% @ 55,https://www.calhr.ca.gov,,07/01/2014,,,,
2010,State Department,"Health Care Services, Department of",,Research Program Specialist II,,,,63708,77412,,17887,0,0,0,17887,0,0,0,,0,,https://www.calhr.ca.gov,,07/01/2014,,,,
2010,State Department,"Health Care Services, Department of",,"Nurse Evaluator II, Health Services",,,,59004,75228,,17884,0,0,0,17884,0,0,0,1760,1760,Alternate Retirement Plan (ARP),https://www.calhr.ca.gov,,07/01/2014,,,,
2010,State Department,"Health Care Services, Department of",,"Office Technician (General), Range A",,,,31656,38508,,17860,0,0,0,17860,0,0,0,3353,3353,Alternate Retirement Plan (ARP),https://www.calhr.ca.gov,,07/01/2014,,,,
2010,State Department,"Health Care Services, Department of",,"Staff Services Analyst (General), Range C",,,,43896,53352,,17834,0,0,0,17834,0,0,0,3766,3766,Alternate Retirement Plan (ARP),https://www.calhr.ca.gov,,07/01/2014,,,,
2010,State Department,"Health Care Services, Department of",,"Accounting Technician, Range A",,,,31656,38508,,17770,0,0,0,17770,0,0,0,,0,,https://www.calhr.ca.gov,,07/01/2014,,,,
2010,State Department,"Health Care Services, Department of",,Auditor I,,,,37272,47592,,17514,0,0,0,17514,0,0,0,1759,1759,Alternate Retirement Plan (ARP),https://www.calhr.ca.gov,,07/01/2014,,,,
2010,State Department,"Health Care Services, Department of",,"Research Analyst II -General-, Range A",,,,55428,67392,,17431,0,0,0,17431,0,0,0,,0,,https://www.calhr.ca.gov,,07/01/2014,,,,
2010,State Department,"Health Care Services, Department of",,"Program Technician, Range A",,,,27360,35700,,16471,0,507,0,16978,3035,0,0,3311,6346,2.00% @ 55,https://www.calhr.ca.gov,,07/01/2014,,,,
2010,State Department,"Health Care Services, Department of",,"Research Analyst II -General-, Range A",,,,55428,67392,,16974,0,0,0,16974,0,0,0,1702,1702,Alternate Retirement Plan (ARP),https://www.calhr.ca.gov,,07/01/2014,,,,
2010,State Department,"Health Care Services, Department of",,"Office Assistant (Typing), Range B",,,,27888,33912,,16944,0,0,0,16944,3367,0,0,3099,6466,2.00% @ 55,https://www.calhr.ca.gov,,07/01/2014,,,,
2010,State Department,"Health Care Services, Department of",,Medi-Cal Technician III (Specialist),,,,36012,43764,,16821,0,0,0,16821,0,0,0,,0,,https://www.calhr.ca.gov,,07/01/2014,,,,
2010,State Department,"Health Care Services, Department of",,"Office Technician (Typing), Range A",,,,32232,39168,,16769,0,0,0,16769,0,0,0,2943,2943,Alternate Retirement Plan (ARP),https://www.calhr.ca.gov,,07/01/2014,,,,
2010,State Department,"Health Care Services, Department of",,"Health Program Auditor II, Department Of Health Services",,,,46092,58836,,16676,0,0,0,16676,2858,0,0,1685,4543,2.00% @ 55,https://www.calhr.ca.gov,,07/01/2014,,,,
2010,State Department,"Health Care Services, Department of",,"Office Technician (Typing), Range A",,,,32232,39168,,16646,0,0,0,16646,3558,0,0,11812,15371,2.00% @ 55,https://www.calhr.ca.gov,,07/01/2014,,,,
2010,State Department,"Health Care Services, Department of",,"Accountant Trainee, Range A",,,,38880,45012,,15564,1033,0,0,16597,3272,0,0,9916,13188,2.00% @ 55,https://www.calhr.ca.gov,,07/01/2014,,,,
2010,State Department,"Health Care Services, Department of",,"Staff Services Analyst (General), Range C",,,,43896,53352,,16590,0,0,0,16590,0,0,0,2106,2106,Alternate Retirement Plan (ARP),https://www.calhr.ca.gov,,07/01/2014,,,,
2010,State Department,"Health Care Services, Department of",,"Office Technician (Typing), Range A",,,,32232,39168,,16758,0,0,-192,16566,1775,0,0,4155,5930,2.00% @ 55,https://www.calhr.ca.gov,,07/01/2014,,,,
2010,State Department,"Health Care Services, Department of",,"Associate Governmental Program Analyst, Range A",,,,52800,64176,,14318,0,2173,0,16490,2462,0,0,1430,3891,2.00% @ 55,https://www.calhr.ca.gov,,07/01/2014,,,,
2010,State Department,"Health Care Services, Department of",,"Health Program Auditor II, Department Of Health Services",,,,46092,58836,,16035,0,446,6,16487,560,0,0,2106,2666,2.00% @ 55,https://www.calhr.ca.gov,,07/01/2014,,,,
2010,State Department,"Health Care Services, Department of",,Hearing Conservation Specialist,,,,59172,81576,,16397,0,0,0,16397,0,0,0,,0,,https://www.calhr.ca.gov,,07/01/2014,,,,
2010,State Department,"Health Care Services, Department of",,"Staff Services Analyst (General), Range C",,,,43896,53352,,16296,0,0,0,16296,0,0,0,2106,2106,Alternate Retirement Plan (ARP),https://www.calhr.ca.gov,,07/01/2014,,,,
2010,State Department,"Health Care Services, Department of",,"Associate Governmental Program Analyst, Range A",,,,52800,64176,,16853,0,0,-579,16274,3215,0,0,3772,6987,2.00% @ 55,https://www.calhr.ca.gov,,07/01/2014,,,,
2010,State Department,"Health Care Services, Department of",,"Office Technician (Typing), Range A",,,,32232,39168,,16200,0,0,0,16200,0,0,0,3359,3359,Alternate Retirement Plan (ARP),https://www.calhr.ca.gov,,07/01/2014,,,,
2010,State Department,"Health Care Services, Department of",,Research Program Specialist I,,,,57996,70488,,16195,0,0,0,16195,0,0,0,1292,1292,Alternate Retirement Plan (ARP),https://www.calhr.ca.gov,,07/01/2014,,,,
2010,State Department,"Health Care Services, Department of",,"Nurse Evaluator II, Health Services",,,,59004,75228,,16178,0,0,0,16178,0,0,0,681,681,Alternate Retirement Plan (ARP),https://www.calhr.ca.gov,,07/01/2014,,,,
2010,State Department,"Health Care Services, Department of",,"Office Technician (Typing), Range A",,,,32232,39168,,16146,0,0,0,16146,0,0,0,3359,3359,Alternate Retirement Plan (ARP),https://www.calhr.ca.gov,,07/01/2014,,,,
2010,State Department,"Health Care Services, Department of",,"Program Technician, Range A",,,,27360,35700,,16125,0,0,0,16125,0,0,0,3757,3757,Alternate Retirement Plan (ARP),https://www.calhr.ca.gov,,07/01/2014,,,,
2010,State Department,"Health Care Services, Department of",,"Accounting Technician, Range A",,,,31656,38508,,16119,0,0,0,16119,0,0,0,4394,4394,Alternate Retirement Plan (ARP),https://www.calhr.ca.gov,,07/01/2014,,,,
2010,State Department,"Health Care Services, Department of",,"Staff Services Analyst (General), Range C",,,,43896,53352,,15987,0,0,0,15987,0,0,0,624,624,Alternate Retirement Plan (ARP),https://www.calhr.ca.gov,,07/01/2014,,,,
2010,State Department,"Health Care Services, Department of",,"Office Technician (Typing), Range A",,,,32232,39168,,15983,0,0,0,15983,2917,0,0,905,3822,2.00% @ 55,https://www.calhr.ca.gov,,07/01/2014,,,,
2010,State Department,"Health Care Services, Department of",,"Staff Services Analyst (General), Range C",,,,43896,53352,,15949,0,0,0,15949,0,0,0,633,633,Alternate Retirement Plan (ARP),https://www.calhr.ca.gov,,07/01/2014,,,,
2010,State Department,"Health Care Services, Department of",,"Nurse Evaluator II, Health Services",,,,59004,75228,,14816,0,744,101,15660,2686,0,0,3138,5824,2.00% @ 55,https://www.calhr.ca.gov,,07/01/2014,,,,
2010,State Department,"Health Care Services, Department of",,"Tax Compliance Representative, Range C",,,,46092,56040,,15189,0,345,0,15534,2722,0,0,3468,6190,2.00% @ 55,https://www.calhr.ca.gov,,07/01/2014,,,,
2010,State Department,"Health Care Services, Department of",,"Word Processing Technician, Range B",,,,29400,35700,,15452,0,0,0,15452,3092,0,0,3370,6462,2.00% @ 55,https://www.calhr.ca.gov,,07/01/2014,,,,
2010,State Department,"Health Care Services, Department of",,"Nurse Evaluator II, Health Services",,,,59004,75228,,13370,0,2008,0,15377,2282,0,0,3407,5689,2.00% @ 55,https://www.calhr.ca.gov,,07/01/2014,,,,
2010,State Department,"Health Care Services, Department of",,"Staff Information Systems Analyst (Specialist), Range A",,,,60780,77592,,4859,0,10469,0,15328,845,0,0,443,1288,2.00% @ 55,https://www.calhr.ca.gov,,07/01/2014,,,,
2010,State Department,"Health Care Services, Department of",,"Office Technician (Typing), Range A",,,,32232,39168,,15221,0,0,0,15221,0,0,0,2526,2526,Alternate Retirement Plan (ARP),https://www.calhr.ca.gov,,07/01/2014,,,,
2010,State Department,"Health Care Services, Department of",,"Systems Software Specialist II (Technical), Range A",,,,66732,85164,,12508,0,2704,0,15212,0,0,0,302,302,Alternate Retirement Plan (ARP),https://www.calhr.ca.gov,,07/01/2014,,,,
2010,State Department,"Health Care Services, Department of",,"Associate Governmental Program Analyst, Range A",,,,52800,64176,,15179,0,0,0,15179,0,0,0,1685,1685,Alternate Retirement Plan (ARP),https://www.calhr.ca.gov,,07/01/2014,,,,
2010,State Department,"Health Care Services, Department of",,"Warehouse Manager I, Range A",,,,41964,50412,,15174,0,0,0,15174,0,0,0,,0,,https://www.calhr.ca.gov,,07/01/2014,,,,
2010,State Department,"Health Care Services, Department of",,"Staff Services Analyst (General), Range C",,,,43896,53352,,15050,0,0,0,15050,0,0,0,604,604,Alternate Retirement Plan (ARP),https://www.calhr.ca.gov,,07/01/2014,,,,
2010,State Department,"Health Care Services, Department of",,"Associate Information Systems Analyst (Specialist), Range A",,,,55428,70764,,14896,0,0,0,14896,0,0,0,1719,1719,Alternate Retirement Plan (ARP),https://www.calhr.ca.gov,,07/01/2014,,,,
2010,State Department,"Health Care Services, Department of",,"Accountant Trainee, Range A",,,,38880,45012,,14817,0,0,0,14817,0,0,0,2512,2512,Alternate Retirement Plan (ARP),https://www.calhr.ca.gov,,07/01/2014,,,,
2010,State Department,"Health Care Services, Department of",,"Staff Information Systems Analyst (Specialist), Range A",,,,60780,77592,,14720,0,0,0,14720,0,0,0,1671,1671,Alternate Retirement Plan (ARP),https://www.calhr.ca.gov,,07/01/2014,,,,
2010,State Department,"Health Care Services, Department of",,"Staff Services Analyst (General), Range C",,,,43896,53352,,14697,0,0,0,14697,0,0,0,1713,1713,Alternate Retirement Plan (ARP),https://www.calhr.ca.gov,,07/01/2014,,,,
2010,State Department,"Health Care Services, Department of",,"Word Processing Technician, Range B",,,,29400,35700,,7048,0,7646,0,14693,1251,0,0,1328,2579,2.00% @ 55,https://www.calhr.ca.gov,,07/01/2014,,,,
2010,State Department,"Health Care Services, Department of",,"Program Technician, Range A",,,,27360,35700,,11340,0,3294,0,14634,2205,0,0,3718,5923,2.00% @ 55,https://www.calhr.ca.gov,,07/01/2014,,,,
2010,State Department,"Health Care Services, Department of",,"Staff Services Analyst (General), Range C",,,,43896,53352,,14381,0,0,0,14381,0,0,0,1300,1300,Alternate Retirement Plan (ARP),https://www.calhr.ca.gov,,07/01/2014,,,,
2010,State Department,"Health Care Services, Department of",,"Senior Legal Typist, Range B",,,,34728,42192,,13285,0,999,0,14285,2177,0,0,905,3083,2.00% @ 55,https://www.calhr.ca.gov,,07/01/2014,,,,
2010,State Department,"Health Care Services, Department of",,Program Technician II,,,,31656,38508,,14253,0,0,0,14253,0,0,0,,0,,https://www.calhr.ca.gov,,07/01/2014,,,,
2010,State Department,"Health Care Services, Department of",,"Staff Services Analyst (General), Range C",,,,43896,53352,,14187,0,0,0,14187,0,0,0,604,604,Alternate Retirement Plan (ARP),https://www.calhr.ca.gov,,07/01/2014,,,,
2010,State Department,"Health Care Services, Department of",,"Attorney, Range D",,,,76164,93936,,14074,0,0,0,14074,1330,0,0,22,1352,2.00% @ 55,https://www.calhr.ca.gov,,07/01/2014,,,,
2010,State Department,"Health Care Services, Department of",,"Accountant Trainee, Range A",,,,38880,45012,,13306,0,0,0,13306,0,0,0,3831,3831,Alternate Retirement Plan (ARP),https://www.calhr.ca.gov,,07/01/2014,,,,
2010,State Department,"Health Care Services, Department of",,"C.E.A., Range 3",,,,74076,160572,,0,0,13218,0,13218,0,0,0,,0,2.00% @ 55,https://www.calhr.ca.gov,,07/01/2014,,,,
2010,State Department,"Health Care Services, Department of",,"Office Technician (Typing), Range A",,,,32232,39168,,11317,0,1600,0,12916,2129,0,0,4858,6986,2.00% @ 55,https://www.calhr.ca.gov,,07/01/2014,,,,
2010,State Department,"Health Care Services, Department of",,"Office Assistant (Typing), Range B",,,,27888,33912,,12795,0,0,0,12795,0,0,0,764,764,Alternate Retirement Plan (ARP),https://www.calhr.ca.gov,,07/01/2014,,,,
2010,State Department,"Health Care Services, Department of",,"Staff Services Analyst (General), Range C",,,,43896,53352,,12732,0,0,0,12732,0,0,0,324,324,Alternate Retirement Plan (ARP),https://www.calhr.ca.gov,,07/01/2014,,,,
2010,State Department,"Health Care Services, Department of",,"Staff Services Analyst (General), Range C",,,,43896,53352,,12648,0,44,0,12692,2217,0,0,1771,3989,2.00% @ 55,https://www.calhr.ca.gov,,07/01/2014,,,,
2010,State Department,"Health Care Services, Department of",,"Pharmaceutical Consultant I, Department Of Health Services",,,,62004,89508,,12027,0,615,0,12642,1982,0,0,332,2314,2.00% @ 55,https://www.calhr.ca.gov,,07/01/2014,,,,
2010,State Department,"Health Care Services, Department of",,"Associate Information Systems Analyst (Specialist), Range A",,,,55428,70764,,12620,0,0,0,12620,0,0,0,278,278,Alternate Retirement Plan (ARP),https://www.calhr.ca.gov,,07/01/2014,,,,
2010,State Department,"Health Care Services, Department of",,"Associate Governmental Program Analyst, Range A",,,,52800,64176,,12601,0,0,0,12601,3233,0,0,1657,4890,2.00% @ 55,https://www.calhr.ca.gov,,07/01/2014,,,,
2010,State Department,"Health Care Services, Department of",,"Senior Programmer Analyst (Specialist), Range A",,,,66852,85308,,6022,0,6559,0,12581,0,0,0,421,421,Alternate Retirement Plan (ARP),https://www.calhr.ca.gov,,07/01/2014,,,,
2010,State Department,"Health Care Services, Department of",,"Staff Services Analyst (General), Range C",,,,43896,53352,,12455,0,0,0,12455,0,0,0,1616,1616,Alternate Retirement Plan (ARP),https://www.calhr.ca.gov,,07/01/2014,,,,
2010,State Department,"Health Care Services, Department of",,"Associate Governmental Program Analyst, Range A",,,,52800,64176,,13561,0,0,-1158,12403,1849,0,0,3031,4880,2.00% @ 55,https://www.calhr.ca.gov,,07/01/2014,,,,
2010,State Department,"Health Care Services, Department of",,"Health Program Auditor II, Department Of Health Services",,,,46092,58836,,7773,0,4628,0,12401,1465,0,0,3402,4867,2.00% @ 55,https://www.calhr.ca.gov,,07/01/2014,,,,
2010,State Department,"Health Care Services, Department of",,"Office Assistant (Typing), Range B",,,,27888,33912,,12237,0,0,0,12237,0,0,0,64,64,Alternate Retirement Plan (ARP),https://www.calhr.ca.gov,,07/01/2014,,,,
2010,State Department,"Health Care Services, Department of",,"Associate Information Systems Analyst (Specialist), Range A",,,,55428,70764,,12116,0,0,0,12116,0,0,0,871,871,Alternate Retirement Plan (ARP),https://www.calhr.ca.gov,,07/01/2014,,,,
2010,State Department,"Health Care Services, Department of",,"Staff Services Analyst (General), Range C",,,,43896,53352,,12067,0,0,0,12067,0,0,0,1685,1685,Alternate Retirement Plan (ARP),https://www.calhr.ca.gov,,07/01/2014,,,,
2010,State Department,"Health Care Services, Department of",,"Medical Consultant I, Department Of Health Services, Range C",,,,112776,154728,,10464,0,1535,0,11999,0,0,0,443,443,Alternate Retirement Plan (ARP),https://www.calhr.ca.gov,,07/01/2014,,,,
2010,State Department,"Health Care Services, Department of",,"Health Program Auditor III, Department Of Health Services",,,,55428,70764,,11891,0,0,0,11891,2928,0,0,3402,6330,2.00% @ 55,https://www.calhr.ca.gov,,07/01/2014,,,,
2010,State Department,"Health Care Services, Department of",,"Student Assistant, Range A",,,,17496,18696,,9424,0,0,2465,11889,1786,0,0,-12707,-10921,2.00% @ 55,https://www.calhr.ca.gov,,07/01/2014,,,,
2010,State Department,"Health Care Services, Department of",,"Staff Services Analyst (General), Range C",,,,43896,53352,,11848,0,0,0,11848,2079,0,0,2214,4293,1.25% @ 65,https://www.calhr.ca.gov,,07/01/2014,,,,
2010,State Department,"Health Care Services, Department of",,"Nurse Evaluator II, Health Services",,,,59004,75228,,10506,0,1306,0,11812,914,0,0,885,1799,2.00% @ 55,https://www.calhr.ca.gov,,07/01/2014,,,,
2010,State Department,"Health Care Services, Department of",,"Office Technician (Typing), Range A",,,,32232,39168,,11802,0,0,0,11802,0,0,0,2019,2019,Alternate Retirement Plan (ARP),https://www.calhr.ca.gov,,07/01/2014,,,,
2010,State Department,"Health Care Services, Department of",,"Office Technician (Typing), Range A",,,,32232,39168,,11731,0,0,0,11731,0,0,0,,0,,https://www.calhr.ca.gov,,07/01/2014,,,,
2010,State Department,"Health Care Services, Department of",,Seasonal Clerk,,,,17016,19440,,11697,0,0,0,11697,2038,0,0,,2038,2.00% @ 55,https://www.calhr.ca.gov,,07/01/2014,,,,
2010,State Department,"Health Care Services, Department of",,Program Technician II,,,,31656,38508,,9676,0,1974,0,11650,1683,0,0,1771,3454,2.00% @ 55,https://www.calhr.ca.gov,,07/01/2014,,,,
2010,State Department,"Health Care Services, Department of",,"Accountant Trainee, Range A",,,,38880,45012,,11245,402,0,0,11647,0,0,0,1682,1682,Alternate Retirement Plan (ARP),https://www.calhr.ca.gov,,07/01/2014,,,,
2010,State Department,"Health Care Services, Department of",,"Staff Services Analyst (General), Range C",,,,43896,53352,,11454,0,0,0,11454,0,0,0,33,33,Alternate Retirement Plan (ARP),https://www.calhr.ca.gov,,07/01/2014,,,,
2010,State Department,"Health Care Services, Department of",,"Office Technician (Typing), Range A",,,,32232,39168,,11028,0,378,0,11406,0,0,0,173,173,Alternate Retirement Plan (ARP),https://www.calhr.ca.gov,,07/01/2014,,,,
2010,State Department,"Health Care Services, Department of",,Limited Examination And Appointment Program Candidate (Identified Class),,,,0,181716,,11355,0,0,0,11355,2417,0,0,2680,5097,2.00% @ 55,https://www.calhr.ca.gov,,07/01/2014,,,,
2010,State Department,"Health Care Services, Department of",,"Staff Services Analyst (General), Range C",,,,43896,53352,,11326,0,0,0,11326,1896,0,0,910,2806,2.00% @ 55,https://www.calhr.ca.gov,,07/01/2014,,,,
2010,State Department,"Health Care Services, Department of",,"Attorney III, Range A",,,,92184,113736,,0,0,0,11183,11183,0,0,0,11943,11943,2.00% @ 55,https://www.calhr.ca.gov,,07/01/2014,,,,
2010,State Department,"Health Care Services, Department of",,"Associate Governmental Program Analyst, Range A",,,,52800,64176,,11106,0,0,0,11106,0,0,0,,0,,https://www.calhr.ca.gov,,07/01/2014,,,,
2010,State Department,"Health Care Services, Department of",,Supervising Program Technician II,,,,35436,43080,,3003,0,8088,0,11090,518,0,0,470,987,2.00% @ 55,https://www.calhr.ca.gov,,07/01/2014,,,,
2010,State Department,"Health Care Services, Department of",,"Associate Governmental Program Analyst, Range A",,,,52800,64176,,11067,0,0,0,11067,0,0,0,,0,,https://www.calhr.ca.gov,,07/01/2014,,,,
2010,State Department,"Health Care Services, Department of",,"Office Assistant (Typing), Range B",,,,27888,33912,,10836,0,0,0,10836,2247,0,0,2522,4769,2.00% @ 55,https://www.calhr.ca.gov,,07/01/2014,,,,
2010,State Department,"Health Care Services, Department of",,"Office Technician (Typing), Range A",,,,32232,39168,,10816,0,0,0,10816,0,0,0,1616,1616,Alternate Retirement Plan (ARP),https://www.calhr.ca.gov,,07/01/2014,,,,
2010,State Department,"Health Care Services, Department of",,"Management Services Technician, Range B",,,,33804,41112,,10491,0,253,0,10744,1851,0,0,1748,3599,2.00% @ 55,https://www.calhr.ca.gov,,07/01/2014,,,,
2010,State Department,"Health Care Services, Department of",,"Staff Services Analyst (General), Range C",,,,43896,53352,,10357,0,354,0,10710,1867,0,0,2601,4468,2.00% @ 55,https://www.calhr.ca.gov,,07/01/2014,,,,
2010,State Department,"Health Care Services, Department of",,"Health Program Auditor III, Department Of Health Services",,,,55428,70764,,10649,0,0,0,10649,2591,0,0,1317,3908,2.00% @ 55,https://www.calhr.ca.gov,,07/01/2014,,,,
2010,State Department,"Health Care Services, Department of",,"Staff Information Systems Analyst (Specialist), Range A",,,,60780,77592,,10580,0,0,0,10580,0,0,0,1877,1877,Alternate Retirement Plan (ARP),https://www.calhr.ca.gov,,07/01/2014,,,,
2010,State Department,"Health Care Services, Department of",,"Office Technician (Typing), Range A",,,,32232,39168,,10479,0,0,0,10479,2076,0,0,2106,4182,2.00% @ 55,https://www.calhr.ca.gov,,07/01/2014,,,,
2010,State Department,"Health Care Services, Department of",,"Staff Services Analyst (General), Range C",,,,43896,53352,,10437,0,0,0,10437,2295,0,0,533,2828,2.00% @ 55,https://www.calhr.ca.gov,,07/01/2014,,,,
2010,State Department,"Health Care Services, Department of",,"Staff Services Analyst (General), Range C",,,,43896,53352,,10381,0,0,0,10381,0,0,0,1657,1657,Alternate Retirement Plan (ARP),https://www.calhr.ca.gov,,07/01/2014,,,,
2010,State Department,"Health Care Services, Department of",,"Word Processing Technician, Range A",,,,27888,33912,,10354,0,0,0,10354,0,0,0,2095,2095,Alternate Retirement Plan (ARP),https://www.calhr.ca.gov,,07/01/2014,,,,
2010,State Department,"Health Care Services, Department of",,"Staff Services Analyst (General), Range C",,,,43896,53352,,10212,0,0,0,10212,0,0,0,453,453,Alternate Retirement Plan (ARP),https://www.calhr.ca.gov,,07/01/2014,,,,
2010,State Department,"Health Care Services, Department of",,"Office Assistant (General), Range A",,,,24888,30228,,10176,0,0,0,10176,0,0,0,2523,2523,Alternate Retirement Plan (ARP),https://www.calhr.ca.gov,,07/01/2014,,,,
2010,State Department,"Health Care Services, Department of",,"Associate Governmental Program Analyst, Range A",,,,52800,64176,,10105,0,0,0,10105,0,0,0,1261,1261,Alternate Retirement Plan (ARP),https://www.calhr.ca.gov,,07/01/2014,,,,
2010,State Department,"Health Care Services, Department of",,"Health Program Auditor IV, Department Of Health Services",,,,57996,74016,,9956,0,0,0,9956,0,0,0,,0,,https://www.calhr.ca.gov,,07/01/2014,,,,
2010,State Department,"Health Care Services, Department of",,"Nurse Evaluator II, Health Services",,,,59004,75228,,8783,0,1101,0,9883,1525,0,0,3099,4624,2.00% @ 55,https://www.calhr.ca.gov,,07/01/2014,,,,
2010,State Department,"Health Care Services, Department of",,"Associate Governmental Program Analyst, Range A",,,,52800,64176,,9587,0,0,0,9587,0,0,0,22,22,Alternate Retirement Plan (ARP),https://www.calhr.ca.gov,,07/01/2014,,,,
2010,State Department,"Health Care Services, Department of",,"Student Assistant, Range A",,,,17496,18696,,9529,0,0,0,9529,0,0,0,,0,Part-Time Seasonal And Temporary (PST) Retirement Plan,https://www.calhr.ca.gov,,07/01/2014,,,,
2010,State Department,"Health Care Services, Department of",,"Tax Compliance Representative, Range C",,,,46092,56040,,8644,0,816,0,9461,1565,0,0,2479,4044,2.00% @ 55,https://www.calhr.ca.gov,,07/01/2014,,,,
2010,State Department,"Health Care Services, Department of",,"Student Assistant, Range C",,,,20100,21588,,9311,0,0,0,9311,0,0,0,,0,Part-Time Seasonal And Temporary (PST) Retirement Plan,https://www.calhr.ca.gov,,07/01/2014,,,,
2010,State Department,"Health Care Services, Department of",,"Office Technician (Typing), Range A",,,,32232,39168,,593,0,8663,0,9256,100,0,0,,100,2.00% @ 55,https://www.calhr.ca.gov,,07/01/2014,,,,
2010,State Department,"Health Care Services, Department of",,"Senior Legal Typist, Range B",,,,34728,42192,,9203,0,0,0,9203,0,0,0,,0,,https://www.calhr.ca.gov,,07/01/2014,,,,
2010,State Department,"Health Care Services, Department of",,"Associate Governmental Program Analyst, Range A",,,,52800,64176,,9387,0,0,-400,8987,0,0,0,1888,1888,Alternate Retirement Plan (ARP),https://www.calhr.ca.gov,,07/01/2014,,,,
2010,State Department,"Health Care Services, Department of",,"Senior Legal Typist, Range B",,,,34728,42192,,8776,0,0,0,8776,1987,0,0,8669,10656,2.00% @ 55,https://www.calhr.ca.gov,,07/01/2014,,,,
2010,State Department,"Health Care Services, Department of",,"Support Services Assistant (General), Range A",,,,24888,30228,,7985,0,0,0,7985,0,0,0,,0,Part-Time Seasonal And Temporary (PST) Retirement Plan,https://www.calhr.ca.gov,,07/01/2014,,,,
2010,State Department,"Health Care Services, Department of",,"Office Technician (Typing), Range A",,,,32232,39168,,8339,0,0,-444,7894,0,0,0,1327,1327,Alternate Retirement Plan (ARP),https://www.calhr.ca.gov,,07/01/2014,,,,
2010,State Department,"Health Care Services, Department of",,"Associate Governmental Program Analyst, Range A",,,,52800,64176,,7797,0,0,0,7797,836,0,0,22,858,2.00% @ 55,https://www.calhr.ca.gov,,07/01/2014,,,,
2010,State Department,"Health Care Services, Department of",,"Associate Governmental Program Analyst, Range A",,,,52800,64176,,7797,0,0,0,7797,0,0,0,44,44,Alternate Retirement Plan (ARP),https://www.calhr.ca.gov,,07/01/2014,,,,
2010,State Department,"Health Care Services, Department of",,"Office Technician (Typing), Range A",,,,32232,39168,,7823,0,0,-456,7367,0,0,0,3772,3772,Alternate Retirement Plan (ARP),https://www.calhr.ca.gov,,07/01/2014,,,,
2010,State Department,"Health Care Services, Department of",,"Pharmaceutical Consultant I, Department Of Health Services",,,,62004,89508,,7214,0,0,0,7214,0,0,0,820,820,Alternate Retirement Plan (ARP),https://www.calhr.ca.gov,,07/01/2014,,,,
2010,State Department,"Health Care Services, Department of",,"Systems Software Specialist I (Technical), Range A",,,,60768,77580,,7132,0,0,0,7132,0,0,0,11,11,Alternate Retirement Plan (ARP),https://www.calhr.ca.gov,,07/01/2014,,,,
2010,State Department,"Health Care Services, Department of",,"Associate Governmental Program Analyst, Range A",,,,52800,64176,,6988,0,0,0,6988,0,0,0,,0,,https://www.calhr.ca.gov,,07/01/2014,,,,
2010,State Department,"Health Care Services, Department of",,"Nurse Evaluator II, Health Services",,,,59004,75228,,6695,0,246,0,6941,0,0,0,1328,1328,Alternate Retirement Plan (ARP),https://www.calhr.ca.gov,,07/01/2014,,,,
2010,State Department,"Health Care Services, Department of",,"Associate Governmental Program Analyst, Range A",,,,52800,64176,,7340,0,0,-456,6884,1035,0,0,1438,2473,2.00% @ 55,https://www.calhr.ca.gov,,07/01/2014,,,,
2010,State Department,"Health Care Services, Department of",,"Nurse Evaluator II, Health Services",,,,59004,75228,,6185,0,616,0,6801,1065,0,0,454,1519,2.00% @ 55,https://www.calhr.ca.gov,,07/01/2014,,,,
2010,State Department,"Health Care Services, Department of",,Auditor I,,,,37272,47592,,7137,0,0,-385,6752,0,0,0,639,639,Alternate Retirement Plan (ARP),https://www.calhr.ca.gov,,07/01/2014,,,,
2010,State Department,"Health Care Services, Department of",,"Associate Programmer Analyst (Specialist), Range A",,,,55428,70764,,3888,0,2635,0,6523,0,0,0,151,151,Alternate Retirement Plan (ARP),https://www.calhr.ca.gov,,07/01/2014,,,,
2010,State Department,"Health Care Services, Department of",,Physical Therapy Consultant,,,,48960,67440,,6408,0,0,0,6408,0,0,0,,0,,https://www.calhr.ca.gov,,07/01/2014,,,,
2010,State Department,"Health Care Services, Department of",,"Program Technician, Range A",,,,27360,35700,,5940,0,355,0,6295,1155,0,0,3406,4562,2.00% @ 55,https://www.calhr.ca.gov,,07/01/2014,,,,
2010,State Department,"Health Care Services, Department of",,"Management Services Technician, Range B",,,,33804,41112,,6158,0,0,0,6158,0,0,0,,0,,https://www.calhr.ca.gov,,07/01/2014,,,,
2010,State Department,"Health Care Services, Department of",,"Office Technician (Typing), Range A",,,,32232,39168,,7034,0,0,-888,6146,0,0,0,2478,2478,Alternate Retirement Plan (ARP),https://www.calhr.ca.gov,,07/01/2014,,,,
2010,State Department,"Health Care Services, Department of",,"Office Technician (Typing), Range A",,,,32232,39168,,5547,0,0,0,5547,1180,0,0,1253,2433,2.00% @ 55,https://www.calhr.ca.gov,,07/01/2014,,,,
2010,State Department,"Health Care Services, Department of",,"Research Analyst II -General-, Range A",,,,55428,67392,,4470,0,874,0,5344,777,0,0,473,1250,2.00% @ 55,https://www.calhr.ca.gov,,07/01/2014,,,,
2010,State Department,"Health Care Services, Department of",,"Associate Governmental Program Analyst, Range A",,,,52800,64176,,4261,0,991,0,5252,740,0,0,443,1183,2.00% @ 55,https://www.calhr.ca.gov,,07/01/2014,,,,
2010,State Department,"Health Care Services, Department of",,"Nurse Evaluator II, Health Services",,,,59004,75228,,101,0,5055,0,5155,51,0,0,1733,1784,2.00% @ 55,https://www.calhr.ca.gov,,07/01/2014,,,,
2010,State Department,"Health Care Services, Department of",,"Staff Services Analyst (General), Range C",,,,43896,53352,,4781,0,0,0,4781,0,0,0,797,797,Alternate Retirement Plan (ARP),https://www.calhr.ca.gov,,07/01/2014,,,,
2010,State Department,"Health Care Services, Department of",,Senior Laboratory Assistant,,,,29940,36372,,0,0,4739,0,4739,0,0,0,,0,2.00% @ 55,https://www.calhr.ca.gov,,07/01/2014,,,,
2010,State Department,"Health Care Services, Department of",,"Health Program Auditor IV, Department Of Health Services",,,,57996,74016,,4235,0,0,0,4235,0,0,0,,0,,https://www.calhr.ca.gov,,07/01/2014,,,,
2010,State Department,"Health Care Services, Department of",,"Tax Compliance Representative, Range C",,,,46092,56040,,3902,0,0,0,3902,648,0,0,151,799,2.00% @ 55,https://www.calhr.ca.gov,,07/01/2014,,,,
2010,State Department,"Health Care Services, Department of",,"Associate Governmental Program Analyst, Range A",,,,52800,64176,,3586,0,0,0,3586,0,0,0,,0,,https://www.calhr.ca.gov,,07/01/2014,,,,
2010,State Department,"Health Care Services, Department of",,"Associate Governmental Program Analyst, Range A",,,,52800,64176,,3434,0,0,0,3434,0,0,0,,0,Alternate Retirement Plan (ARP),https://www.calhr.ca.gov,,07/01/2014,,,,
2010,State Department,"Health Care Services, Department of",,"Health Program Auditor III, Department Of Health Services",,,,55428,70764,,3406,0,0,0,3406,620,0,0,1135,1755,1.25% @ 65,https://www.calhr.ca.gov,,07/01/2014,,,,
2010,State Department,"Health Care Services, Department of",,"Staff Information Systems Analyst (Specialist), Range A",,,,60780,77592,,3079,0,0,0,3079,497,0,0,151,648,2.00% @ 55,https://www.calhr.ca.gov,,07/01/2014,,,,
2010,State Department,"Health Care Services, Department of",,"Student Assistant, Range B",,,,18696,20100,,3003,0,0,0,3003,0,0,0,,0,Part-Time Seasonal And Temporary (PST) Retirement Plan,https://www.calhr.ca.gov,,07/01/2014,,,,
2010,State Department,"Health Care Services, Department of",,"Assistant Information Systems Analyst, Range A",,,,37272,43152,,2424,0,0,0,2424,0,0,0,11,11,Alternate Retirement Plan (ARP),https://www.calhr.ca.gov,,07/01/2014,,,,
2010,State Department,"Health Care Services, Department of",,Accounting Administrator III,,,,81348,89688,,2242,0,0,0,2242,0,0,0,,0,,https://www.calhr.ca.gov,,07/01/2014,,,,
2010,State Department,"Health Care Services, Department of",,"C.E.A., Range 3",,,,74076,160572,,2051,0,0,0,2051,347,0,0,11,358,2.00% @ 55,https://www.calhr.ca.gov,,07/01/2014,,,,
2010,State Department,"Health Care Services, Department of",,"Student Assistant, Range A",,,,17496,18696,,1871,0,0,0,1871,0,0,0,,0,Part-Time Seasonal And Temporary (PST) Retirement Plan,https://www.calhr.ca.gov,,07/01/2014,,,,
2010,State Department,"Health Care Services, Department of",,"Student Assistant, Range B",,,,18696,20100,,1794,27,0,0,1820,0,0,0,,0,Part-Time Seasonal And Temporary (PST) Retirement Plan,https://www.calhr.ca.gov,,07/01/2014,,,,
2010,State Department,"Health Care Services, Department of",,"Student Assistant, Range A",,,,17496,18696,,1573,0,0,0,1573,0,0,0,,0,Part-Time Seasonal And Temporary (PST) Retirement Plan,https://www.calhr.ca.gov,,07/01/2014,,,,
2010,State Department,"Health Care Services, Department of",,"Office Technician (Typing), Range A",,,,32232,39168,,0,0,1107,420,1527,91,0,0,386,477,2.00% @ 55,https://www.calhr.ca.gov,,07/01/2014,,,,
2010,State Department,"Health Care Services, Department of",,"Student Assistant, Range A",,,,17496,18696,,1497,0,0,0,1497,0,0,0,,0,Part-Time Seasonal And Temporary (PST) Retirement Plan,https://www.calhr.ca.gov,,07/01/2014,,,,
2010,State Department,"Health Care Services, Department of",,"Health Program Auditor III, Department Of Health Services",,,,55428,70764,,0,0,1421,0,1421,0,0,0,,0,2.00% @ 55,https://www.calhr.ca.gov,,07/01/2014,,,,
2010,State Department,"Health Care Services, Department of",,"Student Assistant, Range B",,,,18696,20100,,1398,18,0,0,1416,0,0,0,,0,Part-Time Seasonal And Temporary (PST) Retirement Plan,https://www.calhr.ca.gov,,07/01/2014,,,,
2010,State Department,"Health Care Services, Department of",,"Senior Information Systems Analyst (Specialist), Range A",,,,66852,85308,,1230,0,0,0,1230,0,0,0,,0,,https://www.calhr.ca.gov,,07/01/2014,,,,
2010,State Department,"Health Care Services, Department of",,"Nurse Evaluator III, Health Services",,,,58776,76200,,893,0,0,0,893,151,0,0,,151,2.00% @ 55,https://www.calhr.ca.gov,,07/01/2014,,,,
2010,State Department,"Health Care Services, Department of",,"Office Assistant (General), Range B",,,,27360,33240,,889,0,0,0,889,170,0,0,2949,3118,2.00% @ 55,https://www.calhr.ca.gov,,07/01/2014,,,,
2010,State Department,"Health Care Services, Department of",,"Nurse Evaluator II, Health Services",,,,59004,75228,,0,0,855,0,855,-54,0,0,,-54,2.00% @ 55,https://www.calhr.ca.gov,,07/01/2014,,,,
2010,State Department,"Health Care Services, Department of",,"Staff Information Systems Analyst (Specialist), Range A",,,,60780,77592,,0,0,847,0,847,0,0,0,,0,2.00% @ 55,https://www.calhr.ca.gov,,07/01/2014,,,,
2010,State Department,"Health Care Services, Department of",,"Office Technician (Typing), Range A",,,,32232,39168,,324,0,436,0,759,55,0,0,,55,2.00% @ 55,https://www.calhr.ca.gov,,07/01/2014,,,,
2010,State Department,"Health Care Services, Department of",,"Nurse Evaluator II, Health Services",,,,59004,75228,,0,0,677,0,677,0,0,0,,0,2.00% @ 55,https://www.calhr.ca.gov,,07/01/2014,,,,
2010,State Department,"Health Care Services, Department of",,Program Technician II,,,,31656,38508,,337,0,269,0,606,-273,0,0,178,-95,2.00% @ 55,https://www.calhr.ca.gov,,07/01/2014,,,,
2010,State Department,"Health Care Services, Department of",,"Associate Governmental Program Analyst, Range A",,,,52800,64176,,0,0,604,0,604,0,0,0,3072,3072,2.00% @ 55,https://www.calhr.ca.gov,,07/01/2014,,,,
2010,State Department,"Health Care Services, Department of",,"Associate Programmer Analyst (Specialist), Range A",,,,55428,70764,,0,0,546,0,546,0,0,0,429,429,2.00% @ 55,https://www.calhr.ca.gov,,07/01/2014,,,,
2010,State Department,"Health Care Services, Department of",,"Staff Services Analyst (General), Range B",,,,36600,44496,,409,0,0,0,409,145,0,0,1727,1872,2.00% @ 55,https://www.calhr.ca.gov,,07/01/2014,,,,
2010,State Department,"Health Care Services, Department of",,"Nurse Evaluator II, Health Services",,,,59004,75228,,406,0,0,0,406,69,0,0,,69,2.00% @ 55,https://www.calhr.ca.gov,,07/01/2014,,,,
2010,State Department,"Health Care Services, Department of",,"Program Technician, Range A",,,,27360,35700,,0,0,396,0,396,-8,0,0,,-8,2.00% @ 55,https://www.calhr.ca.gov,,07/01/2014,,,,
2010,State Department,"Health Care Services, Department of",,"Word Processing Technician, Range B",,,,29400,35700,,181,0,210,0,391,31,0,0,,31,2.00% @ 55,https://www.calhr.ca.gov,,07/01/2014,,,,
2010,State Department,"Health Care Services, Department of",,Health Facilities Evaluator Nurse,,,,59004,75228,,0,0,383,0,383,976,0,0,383,1358,2.00% @ 55,https://www.calhr.ca.gov,,07/01/2014,,,,
2010,State Department,"Health Care Services, Department of",,"Administrative Law Judge, Department Of Health Services",,,,89928,108756,,0,0,288,0,288,0,0,0,,0,2.00% @ 55,https://www.calhr.ca.gov,,07/01/2014,,,,
2010,State Department,"Health Care Services, Department of",,"Office Assistant (General), Range B",,,,27360,33240,,199,0,0,0,199,5271,0,0,13839,19110,2.00% @ 55,https://www.calhr.ca.gov,,07/01/2014,,,,

