Year,EmployerType,EmployerName,DepartmentOrSubdivision,Position,ElectedOfficial,Judicial,OtherPositions,MinPositionSalary,MaxPositionSalary,ReportedBaseWage,RegularPay,OvertimePay,LumpSumPay,OtherPay,TotalWages,DefinedBenefitPlanContribution,EmployeesRetirementCostCovered,DeferredCompensationPlan,HealthDentalVision,TotalRetirementAndHealthContribution,PensionFormula,EmployerURL,EmployerPopulation,LastUpdatedDate,EmployerCounty,SpecialDistrictActivities,IncludesUnfundedLiability,SpecialDistrictType
2011,State Department,"Health Care Access and Information, Department of",,Senior Structural Engineer,,,,102000,123912,,109079,12096,31752,2460,155387,19011,0,0,10865,29876,,https://www.calhr.ca.gov,,07/18/2022,,,,
2011,State Department,"Health Care Access and Information, Department of",,Senior Structural Engineer,,,,102000,123912,,114201,33949,0,0,148149,20579,0,0,15224,35803,2.00% @ 55,https://www.calhr.ca.gov,,07/18/2022,,,,
2011,State Department,"Health Care Access and Information, Department of",,Senior Structural Engineer,,,,102000,123912,,119384,27925,0,0,147309,20579,0,0,1804,22383,2.00% @ 55,https://www.calhr.ca.gov,,07/18/2022,,,,
2011,State Department,"Health Care Access and Information, Department of",,Senior Structural Engineer,,,,102000,123912,,115127,29060,0,1288,145474,20805,0,0,15241,36046,2.00% @ 55,https://www.calhr.ca.gov,,07/18/2022,,,,
2011,State Department,"Health Care Access and Information, Department of",,Senior Structural Engineer,,,,102000,123912,,113613,27895,0,2698,144205,21052,0,0,1804,22856,2.00% @ 55,https://www.calhr.ca.gov,,07/18/2022,,,,
2011,State Department,"Health Care Access and Information, Department of",,Senior Structural Engineer,,,,102000,123912,,115979,26055,0,1104,143138,20773,0,0,6126,26898,2.00% @ 55,https://www.calhr.ca.gov,,07/18/2022,,,,
2011,State Department,"Health Care Access and Information, Department of",,Senior Structural Engineer,,,,102000,123912,,117542,25197,0,0,142739,20579,0,0,2888,23467,2.00% @ 55,https://www.calhr.ca.gov,,07/18/2022,,,,
2011,State Department,"Health Care Access and Information, Department of",,District Structural Engineer,,,,97164,118104,,84254,0,55899,0,140154,0,0,0,,0,,https://www.calhr.ca.gov,,07/18/2022,,,,
2011,State Department,"Health Care Access and Information, Department of",,Senior Structural Engineer,,,,102000,123912,,114527,22500,0,613,137640,20687,0,0,15241,35928,2.00% @ 55,https://www.calhr.ca.gov,,07/18/2022,,,,
2011,State Department,"Health Care Access and Information, Department of",,Senior Structural Engineer,,,,102000,123912,,115864,19802,0,613,136279,20687,0,0,11696,32382,2.00% @ 55,https://www.calhr.ca.gov,,07/18/2022,,,,
2011,State Department,"Health Care Access and Information, Department of",,Senior Structural Engineer,,,,102000,123912,,115127,18331,0,1986,135444,20923,0,0,15241,36164,2.00% @ 55,https://www.calhr.ca.gov,,07/18/2022,,,,
2011,State Department,"Health Care Access and Information, Department of",,Senior Structural Engineer,,,,102000,123912,,113580,18361,0,3066,135007,21116,0,0,11696,32812,2.00% @ 55,https://www.calhr.ca.gov,,07/18/2022,,,,
2011,State Department,"Health Care Access and Information, Department of",,"C.E.A., Range 4",,,,74076,160572,,131894,0,0,2957,134851,24226,0,0,11852,36078,2.00% @ 55,https://www.calhr.ca.gov,,07/18/2022,,,,
2011,State Department,"Health Care Access and Information, Department of",,Senior Structural Engineer,,,,102000,123912,,112665,20752,0,1226,134644,20794,0,0,15224,36018,2.00% @ 55,https://www.calhr.ca.gov,,07/18/2022,,,,
2011,State Department,"Health Care Access and Information, Department of",,Senior Structural Engineer,,,,102000,123912,,115734,13059,0,4690,133483,21401,0,0,12085,33487,2.00% @ 55,https://www.calhr.ca.gov,,07/18/2022,,,,
2011,State Department,"Health Care Access and Information, Department of",,Senior Structural Engineer,,,,102000,123912,,115030,17059,0,307,132396,20633,0,0,6126,26758,2.00% @ 55,https://www.calhr.ca.gov,,07/18/2022,,,,
2011,State Department,"Health Care Access and Information, Department of",,District Structural Engineer,,,,97164,118104,,115482,13710,0,2882,132074,20885,0,0,6129,27014,2.00% @ 55,https://www.calhr.ca.gov,,07/18/2022,,,,
2011,State Department,"Health Care Access and Information, Department of",,District Structural Engineer,,,,97164,118104,,112793,18927,0,0,131720,20356,0,0,15416,35772,2.00% @ 55,https://www.calhr.ca.gov,,07/18/2022,,,,
2011,State Department,"Health Care Access and Information, Department of",,Senior Structural Engineer,,,,102000,123912,,114432,16277,0,613,131322,20687,0,0,15224,35910,2.00% @ 55,https://www.calhr.ca.gov,,07/18/2022,,,,
2011,State Department,"Health Care Access and Information, Department of",,District Structural Engineer,,,,97164,118104,,111326,19073,0,0,130399,20356,0,0,15416,35772,2.00% @ 55,https://www.calhr.ca.gov,,07/18/2022,,,,
2011,State Department,"Health Care Access and Information, Department of",,"Supervisor, Health Facilities Review",,,,101904,123888,,115864,0,0,12958,128822,22391,0,0,1984,24375,2.00% @ 55,https://www.calhr.ca.gov,,07/18/2022,,,,
2011,State Department,"Health Care Access and Information, Department of",,Senior Structural Engineer,,,,102000,123912,,114042,10683,0,4077,128802,21294,0,0,14478,35772,2.00% @ 55,https://www.calhr.ca.gov,,07/18/2022,,,,
2011,State Department,"Health Care Access and Information, Department of",,Senior Structural Engineer,,,,102000,123912,,114726,8920,0,3372,127018,21170,0,0,15241,36412,2.00% @ 55,https://www.calhr.ca.gov,,07/18/2022,,,,
2011,State Department,"Health Care Access and Information, Department of",,Senior Structural Engineer,,,,102000,123912,,117224,6054,0,3311,126589,21159,0,0,5857,27016,2.00% @ 55,https://www.calhr.ca.gov,,07/18/2022,,,,
2011,State Department,"Health Care Access and Information, Department of",,District Structural Engineer,,,,97164,118104,,113652,12667,0,0,126319,20356,0,0,15416,35772,2.00% @ 55,https://www.calhr.ca.gov,,07/18/2022,,,,
2011,State Department,"Health Care Access and Information, Department of",,Senior Structural Engineer,,,,102000,123912,,116456,9840,0,0,126296,20579,0,0,9375,29954,2.00% @ 55,https://www.calhr.ca.gov,,07/18/2022,,,,
2011,State Department,"Health Care Access and Information, Department of",,"Regional Compliance Officer, Health Facilities Construction",,,,97164,118104,,125068,0,0,0,125068,23072,0,0,11852,34924,2.00% @ 55,https://www.calhr.ca.gov,,07/18/2022,,,,
2011,State Department,"Health Care Access and Information, Department of",,"C.E.A., Range 2",,,,74076,160572,,119119,0,0,5798,124917,22656,0,0,11852,34508,2.00% @ 55,https://www.calhr.ca.gov,,07/18/2022,,,,
2011,State Department,"Health Care Access and Information, Department of",,District Structural Engineer,,,,97164,118104,,115748,8132,0,0,123880,20356,0,0,6140,26496,2.00% @ 55,https://www.calhr.ca.gov,,07/18/2022,,,,
2011,State Department,"Health Care Access and Information, Department of",,District Structural Engineer,,,,97164,118104,,118562,5266,0,0,123828,20356,0,0,1984,22340,2.00% @ 55,https://www.calhr.ca.gov,,07/18/2022,,,,
2011,State Department,"Health Care Access and Information, Department of",,District Structural Engineer,,,,97164,118104,,113652,9771,0,0,123422,20356,0,0,15416,35772,2.00% @ 55,https://www.calhr.ca.gov,,07/18/2022,,,,
2011,State Department,"Health Care Access and Information, Department of",,Senior Structural Engineer,,,,102000,123912,,117088,5610,0,490,123188,20665,0,0,6053,26718,2.00% @ 55,https://www.calhr.ca.gov,,07/18/2022,,,,
2011,State Department,"Health Care Access and Information, Department of",,Senior Structural Engineer,,,,102000,123912,,114306,8011,0,602,122919,17219,0,0,15094,32313,2.00% @ 55,https://www.calhr.ca.gov,,07/18/2022,,,,
2011,State Department,"Health Care Access and Information, Department of",,Senior Structural Engineer,,,,102000,123912,,112183,7541,0,3127,122851,21127,0,0,11650,32778,2.00% @ 55,https://www.calhr.ca.gov,,07/18/2022,,,,
2011,State Department,"Health Care Access and Information, Department of",,District Structural Engineer,,,,97164,118104,,115419,6670,0,0,122088,20356,0,0,15416,35772,2.00% @ 55,https://www.calhr.ca.gov,,07/18/2022,,,,
2011,State Department,"Health Care Access and Information, Department of",,Senior Structural Engineer,,,,102000,123912,,117116,4261,0,619,121996,20687,0,0,6126,26812,2.00% @ 55,https://www.calhr.ca.gov,,07/18/2022,,,,
2011,State Department,"Health Care Access and Information, Department of",,District Structural Engineer,,,,97164,118104,,115057,6845,0,0,121902,20356,0,0,11852,32208,2.00% @ 55,https://www.calhr.ca.gov,,07/18/2022,,,,
2011,State Department,"Health Care Access and Information, Department of",,Fire And Life Safety Officer II (Health Facilities Construction),,,,89664,108984,,87447,2358,32030,0,121835,16376,0,0,10680,27055,2.00% @ 55,https://www.calhr.ca.gov,,07/18/2022,,,,
2011,State Department,"Health Care Access and Information, Department of",,Senior Structural Engineer,,,,102000,123912,,119102,766,0,1104,120972,20773,0,0,2888,23660,2.00% @ 55,https://www.calhr.ca.gov,,07/18/2022,,,,
2011,State Department,"Health Care Access and Information, Department of",,Senior Structural Engineer,,,,102000,123912,,119096,490,0,1349,120935,20816,0,0,2905,23721,2.00% @ 55,https://www.calhr.ca.gov,,07/18/2022,,,,
2011,State Department,"Health Care Access and Information, Department of",,"Supervisor, Health Facilities Review",,,,101904,123888,,120086,0,0,54,120140,21353,0,0,11852,33205,2.00% @ 55,https://www.calhr.ca.gov,,07/18/2022,,,,
2011,State Department,"Health Care Access and Information, Department of",,"Supervisor, Health Facilities Review",,,,101904,123888,,119485,0,0,0,119485,21353,0,0,15416,36769,2.00% @ 55,https://www.calhr.ca.gov,,07/18/2022,,,,
2011,State Department,"Health Care Access and Information, Department of",,Principal Structural Engineer,,,,118104,130236,,119409,0,0,24,119433,21536,0,0,15416,36952,2.00% @ 55,https://www.calhr.ca.gov,,07/18/2022,,,,
2011,State Department,"Health Care Access and Information, Department of",,Senior Structural Engineer,,,,102000,123912,,114655,2851,0,1717,119222,20880,0,0,1804,22684,2.00% @ 55,https://www.calhr.ca.gov,,07/18/2022,,,,
2011,State Department,"Health Care Access and Information, Department of",,"Supervisor, Health Facilities Review",,,,101904,123888,,118955,0,0,0,118955,21353,0,0,15416,36769,2.00% @ 55,https://www.calhr.ca.gov,,07/18/2022,,,,
2011,State Department,"Health Care Access and Information, Department of",,District Structural Engineer,,,,97164,118104,,113794,5002,0,0,118796,20356,0,0,15416,35772,2.00% @ 55,https://www.calhr.ca.gov,,07/18/2022,,,,
2011,State Department,"Health Care Access and Information, Department of",,District Structural Engineer,,,,97164,118104,,113393,5266,0,0,118658,20356,0,0,15416,35772,2.00% @ 55,https://www.calhr.ca.gov,,07/18/2022,,,,
2011,State Department,"Health Care Access and Information, Department of",,"Supervisor, Health Facilities Review",,,,101904,123888,,118401,0,0,0,118401,21353,0,0,15416,36769,2.00% @ 55,https://www.calhr.ca.gov,,07/18/2022,,,,
2011,State Department,"Health Care Access and Information, Department of",,Senior Structural Engineer,,,,102000,123912,,113049,3035,0,1594,117678,19799,0,0,1804,21603,2.00% @ 55,https://www.calhr.ca.gov,,07/18/2022,,,,
2011,State Department,"Health Care Access and Information, Department of",,District Structural Engineer,,,,97164,118104,,114421,2457,0,0,116878,20356,0,0,12446,32802,2.00% @ 55,https://www.calhr.ca.gov,,07/18/2022,,,,
2011,State Department,"Health Care Access and Information, Department of",,"Supervisor, Health Facilities Review",,,,101904,123888,,116836,0,0,0,116836,21353,0,0,15416,36769,2.00% @ 55,https://www.calhr.ca.gov,,07/18/2022,,,,
2011,State Department,"Health Care Access and Information, Department of",,"Supervisor, Health Facilities Review",,,,101904,123888,,116777,0,0,48,116825,21353,0,0,11852,33205,2.00% @ 55,https://www.calhr.ca.gov,,07/18/2022,,,,
2011,State Department,"Health Care Access and Information, Department of",,Senior Structural Engineer,,,,102000,123912,,114799,399,0,1471,116669,20837,0,0,15241,36079,2.00% @ 55,https://www.calhr.ca.gov,,07/18/2022,,,,
2011,State Department,"Health Care Access and Information, Department of",,District Structural Engineer,,,,97164,118104,,115779,878,0,0,116656,20356,0,0,6140,26496,2.00% @ 55,https://www.calhr.ca.gov,,07/18/2022,,,,
2011,State Department,"Health Care Access and Information, Department of",,"Regional Compliance Officer, Health Facilities Construction",,,,97164,118104,,113652,2750,0,0,116402,20356,0,0,15416,35772,2.00% @ 55,https://www.calhr.ca.gov,,07/18/2022,,,,
2011,State Department,"Health Care Access and Information, Department of",,"C.E.A., Range 3",,,,74076,160572,,116089,0,0,0,116089,21282,0,0,6140,27423,2.00% @ 55,https://www.calhr.ca.gov,,07/18/2022,,,,
2011,State Department,"Health Care Access and Information, Department of",,Senior Structural Engineer,,,,102000,123912,,114955,0,0,858,115813,20730,0,0,11696,32425,2.00% @ 55,https://www.calhr.ca.gov,,07/18/2022,,,,
2011,State Department,"Health Care Access and Information, Department of",,District Structural Engineer,,,,97164,118104,,110659,4827,0,0,115486,20356,0,0,11852,32208,2.00% @ 55,https://www.calhr.ca.gov,,07/18/2022,,,,
2011,State Department,"Health Care Access and Information, Department of",,District Structural Engineer,,,,97164,118104,,114547,0,0,0,114547,20356,0,0,11852,32208,2.00% @ 55,https://www.calhr.ca.gov,,07/18/2022,,,,
2011,State Department,"Health Care Access and Information, Department of",,Senior Structural Engineer,,,,102000,123912,,109954,3464,0,1104,114522,19713,0,0,11039,30752,2.00% @ 55,https://www.calhr.ca.gov,,07/18/2022,,,,
2011,State Department,"Health Care Access and Information, Department of",,"Senior Architect, Range A",,,,97464,118440,,108437,940,0,4840,114216,20519,0,0,6053,26572,2.00% @ 55,https://www.calhr.ca.gov,,07/18/2022,,,,
2011,State Department,"Health Care Access and Information, Department of",,"Senior Architect, Range A",,,,97464,118440,,108437,826,0,4789,114051,20509,0,0,6053,26562,2.00% @ 55,https://www.calhr.ca.gov,,07/18/2022,,,,
2011,State Department,"Health Care Access and Information, Department of",,"Supervisor, Health Facilities Review",,,,101904,123888,,113742,0,0,0,113742,20939,0,0,15416,36355,2.00% @ 55,https://www.calhr.ca.gov,,07/18/2022,,,,
2011,State Department,"Health Care Access and Information, Department of",,"Senior Architect, Range A",,,,97464,118440,,105924,1708,0,5352,112984,20609,0,0,2069,22678,2.00% @ 55,https://www.calhr.ca.gov,,07/18/2022,,,,
2011,State Department,"Health Care Access and Information, Department of",,"Senior Architect, Range A",,,,97464,118440,,97523,0,14020,1139,112682,18159,0,0,10721,28880,2.00% @ 55,https://www.calhr.ca.gov,,07/18/2022,,,,
2011,State Department,"Health Care Access and Information, Department of",,Senior Electrical Engineer,,,,97380,118308,,108367,996,0,2772,112135,20134,0,0,6053,26187,2.00% @ 55,https://www.calhr.ca.gov,,07/18/2022,,,,
2011,State Department,"Health Care Access and Information, Department of",,"Senior Architect, Range A",,,,97464,118440,,106081,1167,0,4669,111917,20489,0,0,15224,35712,2.00% @ 55,https://www.calhr.ca.gov,,07/18/2022,,,,
2011,State Department,"Health Care Access and Information, Department of",,Senior Electrical Engineer,,,,97380,118308,,111760,0,0,0,111760,19649,0,0,6053,25701,2.00% @ 55,https://www.calhr.ca.gov,,07/18/2022,,,,
2011,State Department,"Health Care Access and Information, Department of",,Senior Mechanical Engineer,,,,97380,118308,,110882,0,0,0,110882,19649,0,0,1804,21452,2.00% @ 55,https://www.calhr.ca.gov,,07/18/2022,,,,
2011,State Department,"Health Care Access and Information, Department of",,Senior Mechanical Engineer,,,,97380,118308,,110882,0,0,0,110882,19649,0,0,1804,21452,2.00% @ 55,https://www.calhr.ca.gov,,07/18/2022,,,,
2011,State Department,"Health Care Access and Information, Department of",,"Regional Compliance Officer, Health Facilities Construction",,,,97164,118104,,110638,0,0,0,110638,20356,0,0,11852,32208,2.00% @ 55,https://www.calhr.ca.gov,,07/18/2022,,,,
2011,State Department,"Health Care Access and Information, Department of",,"Senior Architect, Range A",,,,97464,118440,,88494,456,0,21663,110612,20249,0,0,13542,33791,2.00% @ 55,https://www.calhr.ca.gov,,07/18/2022,,,,
2011,State Department,"Health Care Access and Information, Department of",,Research Scientist Manager (Epidemiology/Biostatistics),,,,106692,117624,,110178,0,0,0,110178,20273,0,0,11852,32125,2.00% @ 55,https://www.calhr.ca.gov,,07/18/2022,,,,
2011,State Department,"Health Care Access and Information, Department of",,Senior Electrical Engineer,,,,97380,118308,,110102,0,0,0,110102,19649,0,0,6126,25774,2.00% @ 55,https://www.calhr.ca.gov,,07/18/2022,,,,
2011,State Department,"Health Care Access and Information, Department of",,Senior Electrical Engineer,,,,97380,118308,,109789,0,0,0,109789,19649,0,0,8386,28035,2.00% @ 55,https://www.calhr.ca.gov,,07/18/2022,,,,
2011,State Department,"Health Care Access and Information, Department of",,"Senior Engineering Geologist, Range A",,,,97464,118440,,108258,0,0,1367,109625,18745,0,0,6126,24870,1.25% @ 65,https://www.calhr.ca.gov,,07/18/2022,,,,
2011,State Department,"Health Care Access and Information, Department of",,Fire And Life Safety Officer II (Health Facilities Construction),,,,89664,108984,,99530,786,8975,0,109291,18100,0,0,6126,24226,2.00% @ 55,https://www.calhr.ca.gov,,07/18/2022,,,,
2011,State Department,"Health Care Access and Information, Department of",,Senior Mechanical Engineer,,,,97380,118308,,105193,853,0,2730,108776,20127,0,0,11696,31823,2.00% @ 55,https://www.calhr.ca.gov,,07/18/2022,,,,
2011,State Department,"Health Care Access and Information, Department of",,"Senior Architect, Range A",,,,97464,118440,,106370,342,0,1936,108648,20010,0,0,11322,31331,2.00% @ 55,https://www.calhr.ca.gov,,07/18/2022,,,,
2011,State Department,"Health Care Access and Information, Department of",,"Senior Architect, Range A",,,,97464,118440,,106628,427,0,1367,108422,19910,0,0,15241,35151,2.00% @ 55,https://www.calhr.ca.gov,,07/18/2022,,,,
2011,State Department,"Health Care Access and Information, Department of",,"Regional Compliance Officer, Health Facilities Construction",,,,97164,118104,,108026,0,0,48,108074,20154,0,0,15416,35570,2.00% @ 55,https://www.calhr.ca.gov,,07/18/2022,,,,
2011,State Department,"Health Care Access and Information, Department of",,Chief Fire And Life Safety Officer (Health Facilities Construction),,,,97164,118104,,107726,0,0,0,107726,20356,0,0,15416,35772,2.00% @ 55,https://www.calhr.ca.gov,,07/18/2022,,,,
2011,State Department,"Health Care Access and Information, Department of",,Senior Structural Engineer,,,,102000,123912,,103478,2654,0,1344,107477,19699,0,0,1804,21503,2.00% @ 55,https://www.calhr.ca.gov,,07/18/2022,,,,
2011,State Department,"Health Care Access and Information, Department of",,Senior Mechanical Engineer,,,,97380,118308,,105113,341,0,1593,107047,19928,0,0,15241,35169,2.00% @ 55,https://www.calhr.ca.gov,,07/18/2022,,,,
2011,State Department,"Health Care Access and Information, Department of",,Senior Electrical Engineer,,,,97380,118308,,106762,0,0,0,106762,19649,0,0,6126,25774,2.00% @ 55,https://www.calhr.ca.gov,,07/18/2022,,,,
2011,State Department,"Health Care Access and Information, Department of",,Senior Mechanical Engineer,,,,97380,118308,,106692,0,0,0,106692,19532,0,0,6225,25757,2.00% @ 55,https://www.calhr.ca.gov,,07/18/2022,,,,
2011,State Department,"Health Care Access and Information, Department of",,"Senior Architect, Range A",,,,97464,118440,,103404,427,0,2847,106678,20169,0,0,6126,26295,2.00% @ 55,https://www.calhr.ca.gov,,07/18/2022,,,,
2011,State Department,"Health Care Access and Information, Department of",,District Structural Engineer,,,,97164,118104,,103990,0,0,2433,106424,20370,0,0,15416,35786,2.00% @ 55,https://www.calhr.ca.gov,,07/18/2022,,,,
2011,State Department,"Health Care Access and Information, Department of",,Senior Mechanical Engineer,,,,97380,118308,,106354,0,0,0,106354,19649,0,0,15241,34890,2.00% @ 55,https://www.calhr.ca.gov,,07/18/2022,,,,
2011,State Department,"Health Care Access and Information, Department of",,"Senior Architect, Range A",,,,97464,118440,,96233,2477,0,7265,105975,20687,0,0,15241,35928,2.00% @ 55,https://www.calhr.ca.gov,,07/18/2022,,,,
2011,State Department,"Health Care Access and Information, Department of",,Fire And Life Safety Officer II (Health Facilities Construction),,,,89664,108984,,97754,8174,0,0,105929,18100,0,0,15224,33324,2.00% @ 55,https://www.calhr.ca.gov,,07/18/2022,,,,
2011,State Department,"Health Care Access and Information, Department of",,"Regional Compliance Officer, Health Facilities Construction",,,,97164,118104,,105817,0,0,0,105817,19580,0,0,11852,31433,2.00% @ 55,https://www.calhr.ca.gov,,07/18/2022,,,,
2011,State Department,"Health Care Access and Information, Department of",,Senior Mechanical Engineer,,,,97380,118308,,105270,0,0,0,105270,19649,0,0,15241,34890,2.00% @ 55,https://www.calhr.ca.gov,,07/18/2022,,,,
2011,State Department,"Health Care Access and Information, Department of",,Senior Structural Engineer,,,,102000,123912,,99633,4258,0,1277,105168,18088,0,0,15241,33330,2.00% @ 55,https://www.calhr.ca.gov,,07/18/2022,,,,
2011,State Department,"Health Care Access and Information, Department of",,"Senior Architect, Range A",,,,97464,118440,,101285,930,0,2893,105108,18430,0,0,1804,20234,2.00% @ 55,https://www.calhr.ca.gov,,07/18/2022,,,,
2011,State Department,"Health Care Access and Information, Department of",,"Compliance Officer, Health Facilities Construction",,,,89664,108984,,98176,6354,0,262,104791,18146,0,0,11696,29841,2.00% @ 55,https://www.calhr.ca.gov,,07/18/2022,,,,
2011,State Department,"Health Care Access and Information, Department of",,"Regional Compliance Officer, Health Facilities Construction",,,,97164,118104,,84681,0,0,19983,104664,19760,0,0,15241,35002,2.00% @ 55,https://www.calhr.ca.gov,,07/18/2022,,,,
2011,State Department,"Health Care Access and Information, Department of",,"Chief Deputy Director, Office Of Statewide Health Planning",,,,117060,126588,,104564,0,0,24,104588,18428,0,0,15416,33844,2.00% @ 55,https://www.calhr.ca.gov,,07/18/2022,,,,
2011,State Department,"Health Care Access and Information, Department of",,"Compliance Officer, Health Facilities Construction",,,,89664,108984,,96601,0,0,7755,104357,18100,0,0,11650,29750,2.00% @ 55,https://www.calhr.ca.gov,,07/18/2022,,,,
2011,State Department,"Health Care Access and Information, Department of",,Senior Mechanical Engineer,,,,97380,118308,,102674,340,0,910,103924,19778,0,0,15224,35002,2.00% @ 55,https://www.calhr.ca.gov,,07/18/2022,,,,
2011,State Department,"Health Care Access and Information, Department of",,"Compliance Officer, Health Facilities Construction",,,,89664,108984,,99743,3930,0,0,103673,18100,0,0,6126,24226,2.00% @ 55,https://www.calhr.ca.gov,,07/18/2022,,,,
2011,State Department,"Health Care Access and Information, Department of",,"Compliance Officer, Health Facilities Construction",,,,89664,108984,,97347,5358,0,314,103019,18155,0,0,15241,33397,2.00% @ 55,https://www.calhr.ca.gov,,07/18/2022,,,,
2011,State Department,"Health Care Access and Information, Department of",,Fire And Life Safety Officer II (Health Facilities Construction),,,,89664,108984,,100655,2238,0,0,102894,17895,0,0,1873,19768,2.00% @ 55,https://www.calhr.ca.gov,,07/18/2022,,,,
2011,State Department,"Health Care Access and Information, Department of",,Fire And Life Safety Officer II (Health Facilities Construction),,,,89664,108984,,100887,1310,0,419,102617,18173,0,0,2142,20315,2.00% @ 55,https://www.calhr.ca.gov,,07/18/2022,,,,
2011,State Department,"Health Care Access and Information, Department of",,Fire And Life Safety Officer II (Health Facilities Construction),,,,89664,108984,,102276,262,0,0,102538,18100,0,0,1804,19904,2.00% @ 55,https://www.calhr.ca.gov,,07/18/2022,,,,
2011,State Department,"Health Care Access and Information, Department of",,"Compliance Officer, Health Facilities Construction",,,,89664,108984,,102276,0,0,0,102276,18100,0,0,1804,19904,2.00% @ 55,https://www.calhr.ca.gov,,07/18/2022,,,,
2011,State Department,"Health Care Access and Information, Department of",,Fire And Life Safety Officer II (Health Facilities Construction),,,,89664,108984,,101117,838,0,314,102270,18608,0,0,6053,24661,2.00% @ 55,https://www.calhr.ca.gov,,07/18/2022,,,,
2011,State Department,"Health Care Access and Information, Department of",,"Senior Architect, Range A",,,,97464,118440,,94507,1317,0,6135,101959,18898,0,0,10840,29738,2.00% @ 55,https://www.calhr.ca.gov,,07/18/2022,,,,
2011,State Department,"Health Care Access and Information, Department of",,Fire And Life Safety Officer II (Health Facilities Construction),,,,89664,108984,,95706,0,0,6213,101919,17557,0,0,11322,28878,2.00% @ 55,https://www.calhr.ca.gov,,07/18/2022,,,,
2011,State Department,"Health Care Access and Information, Department of",,Fire And Life Safety Officer II (Health Facilities Construction),,,,89664,108984,,101847,0,0,0,101847,18100,0,0,2516,20616,2.00% @ 55,https://www.calhr.ca.gov,,07/18/2022,,,,
2011,State Department,"Health Care Access and Information, Department of",,"C.E.A., Range 2",,,,74076,160572,,101581,0,0,0,101581,18058,0,0,15416,33474,2.00% @ 55,https://www.calhr.ca.gov,,07/18/2022,,,,
2011,State Department,"Health Care Access and Information, Department of",,"Compliance Officer, Health Facilities Construction",,,,89664,108984,,99684,1441,0,314,101440,18155,0,0,6126,24281,2.00% @ 55,https://www.calhr.ca.gov,,07/18/2022,,,,
2011,State Department,"Health Care Access and Information, Department of",,"Regional Compliance Officer, Health Facilities Construction",,,,97164,118104,,98176,2869,0,0,101045,18100,0,0,11696,29796,2.00% @ 55,https://www.calhr.ca.gov,,07/18/2022,,,,
2011,State Department,"Health Care Access and Information, Department of",,"Compliance Officer, Health Facilities Construction",,,,89664,108984,,99859,786,0,0,100645,4723,0,0,14478,19202,2.00% @ 55,https://www.calhr.ca.gov,,07/18/2022,,,,
2011,State Department,"Health Care Access and Information, Department of",,"Regional Compliance Officer, Health Facilities Construction",,,,97164,118104,,93620,0,6561,6,100187,17330,0,0,12847,30177,2.00% @ 55,https://www.calhr.ca.gov,,07/18/2022,,,,
2011,State Department,"Health Care Access and Information, Department of",,"Executive Director, Health Professions Education Foundation",,,,103560,111984,,99965,0,0,6,99971,18963,0,0,15416,34379,2.00% @ 55,https://www.calhr.ca.gov,,07/18/2022,,,,
2011,State Department,"Health Care Access and Information, Department of",,"Compliance Officer, Health Facilities Construction",,,,89664,108984,,99684,0,0,0,99684,18100,0,0,6126,24226,2.00% @ 55,https://www.calhr.ca.gov,,07/18/2022,,,,
2011,State Department,"Health Care Access and Information, Department of",,"Compliance Officer, Health Facilities Construction",,,,89664,108984,,98176,1297,0,0,99473,18100,0,0,11696,29796,2.00% @ 55,https://www.calhr.ca.gov,,07/18/2022,,,,
2011,State Department,"Health Care Access and Information, Department of",,"Compliance Officer, Health Facilities Construction",,,,89664,108984,,99064,0,0,0,99064,18100,0,0,15224,33324,2.00% @ 55,https://www.calhr.ca.gov,,07/18/2022,,,,
2011,State Department,"Health Care Access and Information, Department of",,"Compliance Officer, Health Facilities Construction",,,,89664,108984,,98770,210,0,0,98980,18100,0,0,11189,29289,2.00% @ 55,https://www.calhr.ca.gov,,07/18/2022,,,,
2011,State Department,"Health Care Access and Information, Department of",,Fire And Life Safety Officer II (Health Facilities Construction),,,,89664,108984,,98485,393,0,0,98878,18100,0,0,11696,29796,2.00% @ 55,https://www.calhr.ca.gov,,07/18/2022,,,,
2011,State Department,"Health Care Access and Information, Department of",,"Compliance Officer, Health Facilities Construction",,,,89664,108984,,98176,616,0,0,98792,18100,0,0,11696,29796,2.00% @ 55,https://www.calhr.ca.gov,,07/18/2022,,,,
2011,State Department,"Health Care Access and Information, Department of",,Fire And Life Safety Officer II (Health Facilities Construction),,,,89664,108984,,98735,0,0,0,98735,18100,0,0,6126,24226,2.00% @ 55,https://www.calhr.ca.gov,,07/18/2022,,,,
2011,State Department,"Health Care Access and Information, Department of",,Fire And Life Safety Officer II (Health Facilities Construction),,,,89664,108984,,97906,707,0,0,98613,18100,0,0,15224,33324,2.00% @ 55,https://www.calhr.ca.gov,,07/18/2022,,,,
2011,State Department,"Health Care Access and Information, Department of",,Fire And Life Safety Officer II (Health Facilities Construction),,,,89664,108984,,98176,0,0,419,98595,18173,0,0,11696,29869,2.00% @ 55,https://www.calhr.ca.gov,,07/18/2022,,,,
2011,State Department,"Health Care Access and Information, Department of",,"Supervisor, Health Facilities Review",,,,101904,123888,,98474,0,0,54,98528,0,0,0,15416,15416,2.00% @ 55,https://www.calhr.ca.gov,,07/18/2022,,,,
2011,State Department,"Health Care Access and Information, Department of",,Fire And Life Safety Officer II (Health Facilities Construction),,,,89664,108984,,98485,0,0,0,98485,18100,0,0,11696,29796,2.00% @ 55,https://www.calhr.ca.gov,,07/18/2022,,,,
2011,State Department,"Health Care Access and Information, Department of",,Fire And Life Safety Officer II (Health Facilities Construction),,,,89664,108984,,98485,0,0,0,98485,18100,0,0,11696,29796,2.00% @ 55,https://www.calhr.ca.gov,,07/18/2022,,,,
2011,State Department,"Health Care Access and Information, Department of",,Fire And Life Safety Officer II (Health Facilities Construction),,,,89664,108984,,98239,0,0,0,98239,18100,0,0,12878,30978,2.00% @ 55,https://www.calhr.ca.gov,,07/18/2022,,,,
2011,State Department,"Health Care Access and Information, Department of",,"Compliance Officer, Health Facilities Construction",,,,89664,108984,,98176,0,0,0,98176,18100,0,0,11696,29796,2.00% @ 55,https://www.calhr.ca.gov,,07/18/2022,,,,
2011,State Department,"Health Care Access and Information, Department of",,"Compliance Officer, Health Facilities Construction",,,,89664,108984,,97347,393,0,0,97740,18100,0,0,15241,33341,2.00% @ 55,https://www.calhr.ca.gov,,07/18/2022,,,,
2011,State Department,"Health Care Access and Information, Department of",,"Compliance Officer, Health Facilities Construction",,,,89664,108984,,96601,472,0,210,97283,18137,0,0,11650,29787,2.00% @ 55,https://www.calhr.ca.gov,,07/18/2022,,,,
2011,State Department,"Health Care Access and Information, Department of",,Fire And Life Safety Officer II (Health Facilities Construction),,,,89664,108984,,96645,449,0,0,97094,17895,0,0,14478,32374,2.00% @ 55,https://www.calhr.ca.gov,,07/18/2022,,,,
2011,State Department,"Health Care Access and Information, Department of",,"Regional Compliance Officer, Health Facilities Construction",,,,97164,118104,,28446,213,68100,177,96936,5413,0,0,3864,9277,2.00% @ 55,https://www.calhr.ca.gov,,07/18/2022,,,,
2011,State Department,"Health Care Access and Information, Department of",,"Compliance Officer, Health Facilities Construction",,,,89664,108984,,96735,0,0,0,96735,18100,0,0,11249,29349,2.00% @ 55,https://www.calhr.ca.gov,,07/18/2022,,,,
2011,State Department,"Health Care Access and Information, Department of",,Fire And Life Safety Officer II (Health Facilities Construction),,,,89664,108984,,96347,0,0,0,96347,17463,0,0,6053,23516,2.00% @ 55,https://www.calhr.ca.gov,,07/18/2022,,,,
2011,State Department,"Health Care Access and Information, Department of",,Fire And Life Safety Officer II (Health Facilities Construction),,,,89664,108984,,95354,0,0,0,95354,18100,0,0,15021,33121,2.00% @ 55,https://www.calhr.ca.gov,,07/18/2022,,,,
2011,State Department,"Health Care Access and Information, Department of",,Fire And Life Safety Officer II (Health Facilities Construction),,,,89664,108984,,95280,0,0,0,95280,18100,0,0,15241,33341,2.00% @ 55,https://www.calhr.ca.gov,,07/18/2022,,,,
2011,State Department,"Health Care Access and Information, Department of",,"C.E.A., Range 2",,,,74076,160572,,86930,0,0,7893,94824,17111,0,0,11852,28963,2.00% @ 55,https://www.calhr.ca.gov,,07/18/2022,,,,
2011,State Department,"Health Care Access and Information, Department of",,"Senior Architect, Range A",,,,97464,118440,,89802,914,0,3327,94043,0,0,0,11189,11189,ALTERNATE RETIREMENT PLAN (ARP),https://www.calhr.ca.gov,,07/18/2022,,,,
2011,State Department,"Health Care Access and Information, Department of",,Fire And Life Safety Officer II (Health Facilities Construction),,,,89664,108984,,89623,3018,0,0,92641,16689,0,0,11650,28340,2.00% @ 55,https://www.calhr.ca.gov,,07/18/2022,,,,
2011,State Department,"Health Care Access and Information, Department of",,"Compliance Officer, Health Facilities Construction",,,,89664,108984,,91956,201,0,226,92383,17323,0,0,12085,29408,2.00% @ 55,https://www.calhr.ca.gov,,07/18/2022,,,,
2011,State Department,"Health Care Access and Information, Department of",,Senior Mechanical Engineer,,,,97380,118308,,91584,677,0,45,92306,17538,0,0,15241,32780,2.00% @ 55,https://www.calhr.ca.gov,,07/18/2022,,,,
2011,State Department,"Health Care Access and Information, Department of",,Fire And Life Safety Officer II (Health Facilities Construction),,,,89664,108984,,92053,0,0,0,92053,18100,0,0,15224,33324,2.00% @ 55,https://www.calhr.ca.gov,,07/18/2022,,,,
2011,State Department,"Health Care Access and Information, Department of",,"C.E.A., Range 2",,,,74076,160572,,90753,0,0,0,90753,17820,0,0,15416,33237,2.00% @ 55,https://www.calhr.ca.gov,,07/18/2022,,,,
2011,State Department,"Health Care Access and Information, Department of",,"Compliance Officer, Health Facilities Construction",,,,89664,108984,,90636,0,0,0,90636,18100,0,0,11696,29796,2.00% @ 55,https://www.calhr.ca.gov,,07/18/2022,,,,
2011,State Department,"Health Care Access and Information, Department of",,"Attorney, Range O",,,,76164,93936,,90434,0,0,0,90434,16190,0,0,3026,19217,2.00% @ 55,https://www.calhr.ca.gov,,07/18/2022,,,,
2011,State Department,"Health Care Access and Information, Department of",,Fire And Life Safety Officer II (Health Facilities Construction),,,,89664,108984,,83036,6343,0,365,89744,15961,0,0,15224,31185,2.00% @ 55,https://www.calhr.ca.gov,,07/18/2022,,,,
2011,State Department,"Health Care Access and Information, Department of",,Data Processing Manager IV,,,,93900,108708,,89589,0,0,0,89589,17379,0,0,15416,32796,2.00% @ 55,https://www.calhr.ca.gov,,07/18/2022,,,,
2011,State Department,"Health Care Access and Information, Department of",,"Senior Information Systems Analyst (Specialist), Range A",,,,66852,85308,,89487,0,0,0,89487,14703,0,0,2142,16845,2.00% @ 55,https://www.calhr.ca.gov,,07/18/2022,,,,
2011,State Department,"Health Care Access and Information, Department of",,Fire And Life Safety Officer II (Health Facilities Construction),,,,89664,108984,,87595,1437,0,365,89397,15961,0,0,5843,21804,2.00% @ 55,https://www.calhr.ca.gov,,07/18/2022,,,,
2011,State Department,"Health Care Access and Information, Department of",,Fire And Life Safety Officer II (Health Facilities Construction),,,,89664,108984,,89123,0,0,0,89123,16745,0,0,15241,31987,2.00% @ 55,https://www.calhr.ca.gov,,07/18/2022,,,,
2011,State Department,"Health Care Access and Information, Department of",,"Compliance Officer, Health Facilities Construction",,,,89664,108984,,86528,838,0,210,87576,16637,0,0,10731,27369,2.00% @ 55,https://www.calhr.ca.gov,,07/18/2022,,,,
2011,State Department,"Health Care Access and Information, Department of",,"Compliance Officer, Health Facilities Construction",,,,89664,108984,,48199,0,39016,0,87215,8848,0,0,5858,14706,2.00% @ 55,https://www.calhr.ca.gov,,07/18/2022,,,,
2011,State Department,"Health Care Access and Information, Department of",,Fire And Life Safety Officer II (Health Facilities Construction),,,,89664,108984,,86403,445,0,365,87213,16098,0,0,15241,31340,2.00% @ 55,https://www.calhr.ca.gov,,07/18/2022,,,,
2011,State Department,"Health Care Access and Information, Department of",,Research Scientist Supervisor I(Epidemiology/Biostatistics),,,,76908,93036,,87088,0,0,0,87088,16035,0,0,6140,22176,2.00% @ 55,https://www.calhr.ca.gov,,07/18/2022,,,,
2011,State Department,"Health Care Access and Information, Department of",,Data Processing Manager II,,,,70188,89568,,86742,0,0,0,86742,15423,0,0,1984,17407,2.00% @ 55,https://www.calhr.ca.gov,,07/18/2022,,,,
2011,State Department,"Health Care Access and Information, Department of",,Fire And Life Safety Officer II (Health Facilities Construction),,,,89664,108984,,86481,0,0,0,86481,15912,0,0,6126,22038,2.00% @ 55,https://www.calhr.ca.gov,,07/18/2022,,,,
2011,State Department,"Health Care Access and Information, Department of",,Fire And Life Safety Officer II (Health Facilities Construction),,,,89664,108984,,84478,1334,0,0,85812,15897,0,0,15241,31139,2.00% @ 55,https://www.calhr.ca.gov,,07/18/2022,,,,
2011,State Department,"Health Care Access and Information, Department of",,Senior Structural Engineer,,,,102000,123912,,82669,3016,0,0,85685,0,0,0,10256,10256,ALTERNATE RETIREMENT PLAN (ARP),https://www.calhr.ca.gov,,07/18/2022,,,,
2011,State Department,"Health Care Access and Information, Department of",,Fire And Life Safety Officer II (Health Facilities Construction),,,,89664,108984,,83862,348,0,0,84210,15200,0,0,4125,19325,2.00% @ 55,https://www.calhr.ca.gov,,07/18/2022,,,,
2011,State Department,"Health Care Access and Information, Department of",,Data Processing Manager II,,,,70188,89568,,83877,0,0,0,83877,15438,0,0,11852,27290,2.00% @ 55,https://www.calhr.ca.gov,,07/18/2022,,,,
2011,State Department,"Health Care Access and Information, Department of",,"Systems Software Specialist II (Technical), Range A",,,,66732,85164,,81698,0,0,2170,83868,14403,0,0,1804,16207,2.00% @ 55,https://www.calhr.ca.gov,,07/18/2022,,,,
2011,State Department,"Health Care Access and Information, Department of",,Fire And Life Safety Officer II (Health Facilities Construction),,,,89664,108984,,83404,326,0,0,83730,15200,0,0,6126,21326,2.00% @ 55,https://www.calhr.ca.gov,,07/18/2022,,,,
2011,State Department,"Health Care Access and Information, Department of",,Staff Services Manager III,,,,81348,89688,,71135,0,0,11358,82494,15868,0,0,11852,27720,2.00% @ 55,https://www.calhr.ca.gov,,07/18/2022,,,,
2011,State Department,"Health Care Access and Information, Department of",,Senior Information Systems Analyst (Supervisor),,,,70200,89580,,82477,0,0,0,82477,15440,0,0,15416,30856,2.00% @ 55,https://www.calhr.ca.gov,,07/18/2022,,,,
2011,State Department,"Health Care Access and Information, Department of",,Fire And Life Safety Officer II (Health Facilities Construction),,,,89664,108984,,82385,0,0,0,82385,15200,0,0,11696,26896,2.00% @ 55,https://www.calhr.ca.gov,,07/18/2022,,,,
2011,State Department,"Health Care Access and Information, Department of",,Fire And Life Safety Officer II (Health Facilities Construction),,,,89664,108984,,82338,0,0,0,82338,15773,0,0,15241,31014,2.00% @ 55,https://www.calhr.ca.gov,,07/18/2022,,,,
2011,State Department,"Health Care Access and Information, Department of",,Senior Structural Engineer,,,,102000,123912,,74971,1993,4166,1042,82172,13520,0,0,4303,17823,2.00% @ 55,https://www.calhr.ca.gov,,07/18/2022,,,,
2011,State Department,"Health Care Access and Information, Department of",,"Senior Architect, Range A",,,,97464,118440,,80066,0,0,1687,81753,0,0,0,13234,13234,ALTERNATE RETIREMENT PLAN (ARP),https://www.calhr.ca.gov,,07/18/2022,,,,
2011,State Department,"Health Care Access and Information, Department of",,Data Processing Manager II,,,,70188,89568,,81167,0,0,0,81167,15438,0,0,11852,27290,2.00% @ 55,https://www.calhr.ca.gov,,07/18/2022,,,,
2011,State Department,"Health Care Access and Information, Department of",,Research Scientist Supervisor I(Epidemiology/Biostatistics),,,,76908,93036,,80784,0,0,0,80784,16035,0,0,15416,31452,2.00% @ 55,https://www.calhr.ca.gov,,07/18/2022,,,,
2011,State Department,"Health Care Access and Information, Department of",,"Systems Software Specialist II (Technical), Range A",,,,66732,85164,,80322,0,0,0,80322,13824,0,0,5802,19626,1.25% @ 65,https://www.calhr.ca.gov,,07/18/2022,,,,
2011,State Department,"Health Care Access and Information, Department of",,Fire And Life Safety Officer I (Health Facilities Construction),,,,78048,94788,,80237,0,0,0,80237,14943,0,0,15241,30185,2.00% @ 55,https://www.calhr.ca.gov,,07/18/2022,,,,
2011,State Department,"Health Care Access and Information, Department of",,Senior Structural Engineer,,,,102000,123912,,9624,0,70255,0,79879,0,0,0,,0,,https://www.calhr.ca.gov,,07/18/2022,,,,
2011,State Department,"Health Care Access and Information, Department of",,"Health Program Audit Manager II, Department Of Health Services",,,,67368,85320,,79668,0,0,0,79668,14705,0,0,11852,26558,2.00% @ 55,https://www.calhr.ca.gov,,07/18/2022,,,,
2011,State Department,"Health Care Access and Information, Department of",,"Staff Information Systems Analyst (Specialist), Range A",,,,60780,77592,,71134,7982,0,0,79116,12595,0,0,14917,27512,1.25% @ 65,https://www.calhr.ca.gov,,07/18/2022,,,,
2011,State Department,"Health Care Access and Information, Department of",,"Senior Architect, Range A",,,,97464,118440,,79062,0,0,0,79062,0,0,0,103,103,ALTERNATE RETIREMENT PLAN (ARP),https://www.calhr.ca.gov,,07/18/2022,,,,
2011,State Department,"Health Care Access and Information, Department of",,"C.E.A., Range 1",,,,74076,160572,,78563,0,0,0,78563,14672,0,0,6140,20813,2.00% @ 55,https://www.calhr.ca.gov,,07/18/2022,,,,
2011,State Department,"Health Care Access and Information, Department of",,"Senior Programmer Analyst (Specialist), Range A",,,,66852,85308,,78363,0,0,24,78387,14643,0,0,14482,29125,2.00% @ 55,https://www.calhr.ca.gov,,07/18/2022,,,,
2011,State Department,"Health Care Access and Information, Department of",,Health Facility Construction Financing Officer,,,,73368,88692,,78271,0,0,54,78325,14478,0,0,6140,20618,2.00% @ 55,https://www.calhr.ca.gov,,07/18/2022,,,,
2011,State Department,"Health Care Access and Information, Department of",,"Senior Architect, Range A",,,,97464,118440,,78137,0,0,0,78137,0,0,0,13233,13233,ALTERNATE RETIREMENT PLAN (ARP),https://www.calhr.ca.gov,,07/18/2022,,,,
2011,State Department,"Health Care Access and Information, Department of",,"Attorney III, Range L",,,,92184,113736,,77697,0,0,0,77697,14702,0,0,15416,30119,2.00% @ 55,https://www.calhr.ca.gov,,07/18/2022,,,,
2011,State Department,"Health Care Access and Information, Department of",,"Senior Architect, Range A",,,,97464,118440,,76907,0,0,0,76907,0,0,0,1501,1501,ALTERNATE RETIREMENT PLAN (ARP),https://www.calhr.ca.gov,,07/18/2022,,,,
2011,State Department,"Health Care Access and Information, Department of",,"Staff Programmer Analyst (Specialist), Range A",,,,60780,77592,,73071,3441,0,0,76512,13373,0,0,5802,19175,2.00% @ 55,https://www.calhr.ca.gov,,07/18/2022,,,,
2011,State Department,"Health Care Access and Information, Department of",,"Senior Programmer Analyst (Specialist), Range A",,,,66852,85308,,75866,0,0,0,75866,14322,0,0,10741,25063,2.00% @ 55,https://www.calhr.ca.gov,,07/18/2022,,,,
2011,State Department,"Health Care Access and Information, Department of",,"Senior Architect, Range A",,,,97464,118440,,75785,0,0,0,75785,0,0,0,3612,3612,ALTERNATE RETIREMENT PLAN (ARP),https://www.calhr.ca.gov,,07/18/2022,,,,
2011,State Department,"Health Care Access and Information, Department of",,"Staff Programmer Analyst (Specialist), Range A",,,,60780,77592,,75557,0,0,0,75557,13373,0,0,2516,15889,2.00% @ 55,https://www.calhr.ca.gov,,07/18/2022,,,,
2011,State Department,"Health Care Access and Information, Department of",,Staff Services Manager II (Supervisory),,,,66912,80724,,75542,0,0,0,75542,13913,0,0,6140,20054,2.00% @ 55,https://www.calhr.ca.gov,,07/18/2022,,,,
2011,State Department,"Health Care Access and Information, Department of",,"Senior Information Systems Analyst (Specialist), Range A",,,,66852,85308,,75430,0,0,24,75454,14415,0,0,14917,29333,2.00% @ 55,https://www.calhr.ca.gov,,07/18/2022,,,,
2011,State Department,"Health Care Access and Information, Department of",,Staff Services Manager II (Supervisory),,,,66912,80724,,75298,0,0,0,75298,13913,0,0,6140,20054,2.00% @ 55,https://www.calhr.ca.gov,,07/18/2022,,,,
2011,State Department,"Health Care Access and Information, Department of",,Senior Information Systems Analyst (Supervisor),,,,70200,89580,,73988,0,0,680,74667,14597,0,0,15416,30013,2.00% @ 55,https://www.calhr.ca.gov,,07/18/2022,,,,
2011,State Department,"Health Care Access and Information, Department of",,Fire And Life Safety Officer II (Health Facilities Construction),,,,89664,108984,,74518,0,0,0,74518,14748,0,0,15241,29989,2.00% @ 55,https://www.calhr.ca.gov,,07/18/2022,,,,
2011,State Department,"Health Care Access and Information, Department of",,Staff Services Manager II (Supervisory),,,,66912,80724,,74470,0,0,0,74470,13913,0,0,6140,20054,2.00% @ 55,https://www.calhr.ca.gov,,07/18/2022,,,,
2011,State Department,"Health Care Access and Information, Department of",,Fire And Life Safety Officer I (Health Facilities Construction),,,,78048,94788,,74184,236,0,0,74420,13787,0,0,14478,28266,2.00% @ 55,https://www.calhr.ca.gov,,07/18/2022,,,,
2011,State Department,"Health Care Access and Information, Department of",,Staff Services Manager II (Supervisory),,,,66912,80724,,74349,0,0,0,74349,13913,0,0,6140,20054,2.00% @ 55,https://www.calhr.ca.gov,,07/18/2022,,,,
2011,State Department,"Health Care Access and Information, Department of",,"Staff Information Systems Analyst (Specialist), Range A",,,,60780,77592,,73080,1119,0,0,74199,13373,0,0,5676,19049,2.00% @ 55,https://www.calhr.ca.gov,,07/18/2022,,,,
2011,State Department,"Health Care Access and Information, Department of",,Staff Services Manager II (Supervisory),,,,66912,80724,,73584,0,0,0,73584,13913,0,0,15416,29330,2.00% @ 55,https://www.calhr.ca.gov,,07/18/2022,,,,
2011,State Department,"Health Care Access and Information, Department of",,Health Planning Specialist II,,,,63708,77412,,72773,0,0,499,73272,13342,0,0,6176,19518,2.00% @ 55,https://www.calhr.ca.gov,,07/18/2022,,,,
2011,State Department,"Health Care Access and Information, Department of",,Staff Services Manager II (Supervisory),,,,66912,80724,,73081,0,0,0,73081,13913,0,0,1984,15897,2.00% @ 55,https://www.calhr.ca.gov,,07/18/2022,,,,
2011,State Department,"Health Care Access and Information, Department of",,Research Program Specialist II -Health-,,,,63708,77412,,72922,0,0,0,72922,13342,0,0,5729,19071,2.00% @ 55,https://www.calhr.ca.gov,,07/18/2022,,,,
2011,State Department,"Health Care Access and Information, Department of",,Staff Services Manager II (Supervisory),,,,66912,80724,,72353,0,0,0,72353,13913,0,0,15416,29330,2.00% @ 55,https://www.calhr.ca.gov,,07/18/2022,,,,
2011,State Department,"Health Care Access and Information, Department of",,Research Scientist III (Epidemiology/Biostatistics),,,,69552,84528,,71773,0,0,500,72273,12763,0,0,1804,14567,2.00% @ 55,https://www.calhr.ca.gov,,07/18/2022,,,,
2011,State Department,"Health Care Access and Information, Department of",,Staff Services Manager II (Supervisory),,,,66912,80724,,72167,0,0,0,72167,13913,0,0,11852,25766,2.00% @ 55,https://www.calhr.ca.gov,,07/18/2022,,,,
2011,State Department,"Health Care Access and Information, Department of",,"Compliance Officer, Health Facilities Construction",,,,89664,108984,,72068,0,0,42,72109,0,0,0,13262,13262,ALTERNATE RETIREMENT PLAN (ARP),https://www.calhr.ca.gov,,07/18/2022,,,,
2011,State Department,"Health Care Access and Information, Department of",,"Staff Programmer Analyst (Specialist), Range A",,,,60780,77592,,71986,0,0,0,71986,13373,0,0,5802,19175,2.00% @ 55,https://www.calhr.ca.gov,,07/18/2022,,,,
2011,State Department,"Health Care Access and Information, Department of",,"Health Program Audit Manager I, Department Of Health Services",,,,61344,77712,,71464,0,0,0,71464,13394,0,0,6140,19534,2.00% @ 55,https://www.calhr.ca.gov,,07/18/2022,,,,
2011,State Department,"Health Care Access and Information, Department of",,"Staff Programmer Analyst (Specialist), Range A",,,,60780,77592,,71333,0,0,0,71333,13373,0,0,10660,24033,2.00% @ 55,https://www.calhr.ca.gov,,07/18/2022,,,,
2011,State Department,"Health Care Access and Information, Department of",,"Staff Programmer Analyst (Specialist), Range A",,,,60780,77592,,71286,0,0,0,71286,13373,0,0,14917,28291,2.00% @ 55,https://www.calhr.ca.gov,,07/18/2022,,,,
2011,State Department,"Health Care Access and Information, Department of",,Staff Services Manager I,,,,60948,73524,,71186,0,0,0,71186,12672,0,0,1984,14656,2.00% @ 55,https://www.calhr.ca.gov,,07/18/2022,,,,
2011,State Department,"Health Care Access and Information, Department of",,"Attorney, Range D",,,,76164,93936,,71078,0,0,0,71078,0,0,0,1984,1984,ALTERNATE RETIREMENT PLAN (ARP),https://www.calhr.ca.gov,,07/18/2022,,,,
2011,State Department,"Health Care Access and Information, Department of",,Staff Services Manager I,,,,60948,73524,,70886,0,0,0,70886,12672,0,0,2353,15025,2.00% @ 55,https://www.calhr.ca.gov,,07/18/2022,,,,
2011,State Department,"Health Care Access and Information, Department of",,"Health Program Audit Manager I, Department Of Health Services",,,,61344,77712,,70580,0,0,0,70580,13394,0,0,15416,28810,2.00% @ 55,https://www.calhr.ca.gov,,07/18/2022,,,,
2011,State Department,"Health Care Access and Information, Department of",,Senior Health Facility Construction Financing Specialist,,,,63708,77412,,70491,0,0,72,70563,12579,0,0,1804,14383,2.00% @ 55,https://www.calhr.ca.gov,,07/18/2022,,,,
2011,State Department,"Health Care Access and Information, Department of",,"Senior Information Systems Analyst (Specialist), Range A",,,,66852,85308,,70329,0,0,18,70347,13311,0,0,13672,26983,2.00% @ 55,https://www.calhr.ca.gov,,07/18/2022,,,,
2011,State Department,"Health Care Access and Information, Department of",,"Senior Information Systems Analyst (Specialist), Range A",,,,66852,85308,,69868,0,0,0,69868,12702,0,0,5802,18504,1.25% @ 65,https://www.calhr.ca.gov,,07/18/2022,,,,
2011,State Department,"Health Care Access and Information, Department of",,Staff Services Manager I,,,,60948,73524,,62309,0,0,7378,69687,13266,0,0,15416,28683,2.00% @ 55,https://www.calhr.ca.gov,,07/18/2022,,,,
2011,State Department,"Health Care Access and Information, Department of",,Research Scientist II (Epidemiology/Biostatistics),,,,63708,76848,,69543,0,0,0,69543,12763,0,0,5802,18564,2.00% @ 55,https://www.calhr.ca.gov,,07/18/2022,,,,
2011,State Department,"Health Care Access and Information, Department of",,"Systems Software Specialist II (Technical), Range A",,,,66732,85164,,69175,321,0,0,69497,12642,0,0,5533,18175,2.00% @ 55,https://www.calhr.ca.gov,,07/18/2022,,,,
2011,State Department,"Health Care Access and Information, Department of",,"Associate Information Systems Analyst (Specialist), Range A",,,,55428,70764,,69018,306,0,90,69414,12197,0,0,2516,14712,2.00% @ 55,https://www.calhr.ca.gov,,07/18/2022,,,,
2011,State Department,"Health Care Access and Information, Department of",,"C.E.A., Range 1",,,,74076,160572,,68689,0,0,156,68844,13967,0,0,11852,25820,2.00% @ 55,https://www.calhr.ca.gov,,07/18/2022,,,,
2011,State Department,"Health Care Access and Information, Department of",,Staff Services Manager I,,,,60948,73524,,67913,0,0,0,67913,12672,0,0,15416,28089,2.00% @ 55,https://www.calhr.ca.gov,,07/18/2022,,,,
2011,State Department,"Health Care Access and Information, Department of",,"Staff Information Systems Analyst (Specialist), Range A",,,,60780,77592,,67889,0,0,0,67889,12807,0,0,5802,18608,2.00% @ 55,https://www.calhr.ca.gov,,07/18/2022,,,,
2011,State Department,"Health Care Access and Information, Department of",,"Senior Programmer Analyst (Specialist), Range A",,,,66852,85308,,67886,0,0,0,67886,13233,0,0,14917,28150,2.00% @ 55,https://www.calhr.ca.gov,,07/18/2022,,,,
2011,State Department,"Health Care Access and Information, Department of",,Staff Services Manager I,,,,60948,73524,,67502,0,0,0,67502,12672,0,0,15416,28089,2.00% @ 55,https://www.calhr.ca.gov,,07/18/2022,,,,
2011,State Department,"Health Care Access and Information, Department of",,Health Facility Construction Financing Officer,,,,73368,88692,,67400,0,0,0,67400,11997,0,0,2300,14297,2.00% @ 55,https://www.calhr.ca.gov,,07/18/2022,,,,
2011,State Department,"Health Care Access and Information, Department of",,"Systems Software Specialist II (Technical), Range A",,,,66732,85164,,67287,0,0,0,67287,0,0,0,2111,2111,2.00% @ 55,https://www.calhr.ca.gov,,07/18/2022,,,,
2011,State Department,"Health Care Access and Information, Department of",,Staff Services Manager I,,,,60948,73524,,66570,0,0,0,66570,12672,0,0,15416,28089,2.00% @ 55,https://www.calhr.ca.gov,,07/18/2022,,,,
2011,State Department,"Health Care Access and Information, Department of",,"Staff Information Systems Analyst (Specialist), Range A",,,,60780,77592,,66557,0,0,6,66563,12346,0,0,10998,23345,2.00% @ 55,https://www.calhr.ca.gov,,07/18/2022,,,,
2011,State Department,"Health Care Access and Information, Department of",,"Senior Information Systems Analyst (Specialist), Range A",,,,66852,85308,,66560,0,0,0,66560,12863,0,0,11761,24625,2.00% @ 55,https://www.calhr.ca.gov,,07/18/2022,,,,
2011,State Department,"Health Care Access and Information, Department of",,Staff Services Manager I,,,,60948,73524,,66470,0,0,0,66470,12170,0,0,11852,24022,2.00% @ 55,https://www.calhr.ca.gov,,07/18/2022,,,,
2011,State Department,"Health Care Access and Information, Department of",,Research Program Specialist I,,,,57996,70488,,65954,0,0,0,65954,11568,0,0,1804,13372,2.00% @ 55,https://www.calhr.ca.gov,,07/18/2022,,,,
2011,State Department,"Health Care Access and Information, Department of",,Health Facility Construction Financing Specialist,,,,57996,70488,,65714,0,0,0,65714,12549,0,0,14917,27467,2.00% @ 55,https://www.calhr.ca.gov,,07/18/2022,,,,
2011,State Department,"Health Care Access and Information, Department of",,Research Program Specialist I (Geographic Information Systems),,,,57996,70488,,65582,0,0,0,65582,12149,0,0,5802,17951,2.00% @ 55,https://www.calhr.ca.gov,,07/18/2022,,,,
2011,State Department,"Health Care Access and Information, Department of",,Senior Structural Engineer,,,,102000,123912,,47818,9165,8566,0,65549,8569,0,0,7612,16180,2.00% @ 55,https://www.calhr.ca.gov,,07/18/2022,,,,
2011,State Department,"Health Care Access and Information, Department of",,Staff Services Manager I,,,,60948,73524,,65490,0,0,0,65490,12672,0,0,15416,28089,2.00% @ 55,https://www.calhr.ca.gov,,07/18/2022,,,,
2011,State Department,"Health Care Access and Information, Department of",,Senior Structural Engineer,,,,102000,123912,,16054,0,49325,0,65379,2934,0,0,2924,5858,2.00% @ 55,https://www.calhr.ca.gov,,07/18/2022,,,,
2011,State Department,"Health Care Access and Information, Department of",,"Staff Information Systems Analyst (Specialist), Range A",,,,60780,77592,,65136,0,0,0,65136,12504,0,0,11372,23876,2.00% @ 55,https://www.calhr.ca.gov,,07/18/2022,,,,
2011,State Department,"Health Care Access and Information, Department of",,"Health Program Auditor IV, Department Of Health Services",,,,57996,74016,,64761,0,0,0,64761,12719,0,0,14917,27636,2.00% @ 55,https://www.calhr.ca.gov,,07/18/2022,,,,
2011,State Department,"Health Care Access and Information, Department of",,"Associate Information Systems Analyst (Specialist), Range A",,,,55428,70764,,64519,98,0,0,64617,12005,0,0,5802,17807,2.00% @ 55,https://www.calhr.ca.gov,,07/18/2022,,,,
2011,State Department,"Health Care Access and Information, Department of",,"Associate Information Systems Analyst (Specialist), Range A",,,,55428,70764,,64567,0,0,0,64567,12191,0,0,14917,27109,2.00% @ 55,https://www.calhr.ca.gov,,07/18/2022,,,,
2011,State Department,"Health Care Access and Information, Department of",,"Associate Information Systems Analyst (Specialist), Range A",,,,55428,70764,,56989,7485,0,0,64474,8715,0,0,5320,14034,2.00% @ 55,https://www.calhr.ca.gov,,07/18/2022,,,,
2011,State Department,"Health Care Access and Information, Department of",,"Senior Information Systems Analyst (Specialist), Range A",,,,66852,85308,,64448,0,0,0,64448,12089,0,0,14917,27007,2.00% @ 55,https://www.calhr.ca.gov,,07/18/2022,,,,
2011,State Department,"Health Care Access and Information, Department of",,"Senior Information Systems Analyst (Specialist), Range A",,,,66852,85308,,64197,0,0,0,64197,11811,0,0,6668,18478,2.00% @ 55,https://www.calhr.ca.gov,,07/18/2022,,,,
2011,State Department,"Health Care Access and Information, Department of",,Research Program Specialist I,,,,57996,70488,,64011,0,0,0,64011,12149,0,0,14917,27066,2.00% @ 55,https://www.calhr.ca.gov,,07/18/2022,,,,
2011,State Department,"Health Care Access and Information, Department of",,"Staff Information Systems Analyst (Specialist), Range A",,,,60780,77592,,63982,0,0,0,63982,12146,0,0,12093,24238,2.00% @ 55,https://www.calhr.ca.gov,,07/18/2022,,,,
2011,State Department,"Health Care Access and Information, Department of",,Staff Services Manager I,,,,60948,73524,,63901,0,0,0,63901,11411,0,0,3580,14991,2.00% @ 55,https://www.calhr.ca.gov,,07/18/2022,,,,
2011,State Department,"Health Care Access and Information, Department of",,Research Program Specialist II,,,,63708,77412,,63290,0,0,0,63290,12408,0,0,14917,27326,2.00% @ 55,https://www.calhr.ca.gov,,07/18/2022,,,,
2011,State Department,"Health Care Access and Information, Department of",,Research Program Specialist I,,,,57996,70488,,63283,0,0,0,63283,12149,0,0,14917,27066,2.00% @ 55,https://www.calhr.ca.gov,,07/18/2022,,,,
2011,State Department,"Health Care Access and Information, Department of",,Staff Services Manager I,,,,60948,73524,,63070,0,0,0,63070,10908,0,0,15416,26324,1.25% @ 65,https://www.calhr.ca.gov,,07/18/2022,,,,
2011,State Department,"Health Care Access and Information, Department of",,Senior Mechanical Engineer,,,,97380,118308,,42547,0,20446,0,62993,7807,0,0,4873,12680,2.00% @ 55,https://www.calhr.ca.gov,,07/18/2022,,,,
2011,State Department,"Health Care Access and Information, Department of",,Health Planning Specialist I,,,,57996,70488,,62343,0,0,0,62343,12149,0,0,5802,17951,2.00% @ 55,https://www.calhr.ca.gov,,07/18/2022,,,,
2011,State Department,"Health Care Access and Information, Department of",,Associate Administrative Analyst -Accounting Systems-,,,,55428,67392,,62218,0,0,0,62218,11615,0,0,5802,17417,2.00% @ 55,https://www.calhr.ca.gov,,07/18/2022,,,,
2011,State Department,"Health Care Access and Information, Department of",,Staff Services Manager I,,,,60948,73524,,62119,0,0,0,62119,11692,0,0,6140,17832,2.00% @ 55,https://www.calhr.ca.gov,,07/18/2022,,,,
2011,State Department,"Health Care Access and Information, Department of",,"Health Program Auditor III, Department Of Health Services",,,,55428,70764,,62109,0,0,0,62109,11072,0,0,1804,12876,2.00% @ 55,https://www.calhr.ca.gov,,07/18/2022,,,,
2011,State Department,"Health Care Access and Information, Department of",,Senior Accounting Officer (Supervisor),,,,55464,66912,,62071,0,0,0,62071,11533,0,0,6140,17673,2.00% @ 55,https://www.calhr.ca.gov,,07/18/2022,,,,
2011,State Department,"Health Care Access and Information, Department of",,"Associate Governmental Program Analyst, Range A",,,,52800,64176,,61750,0,0,0,61750,11061,0,0,2142,13203,2.00% @ 55,https://www.calhr.ca.gov,,07/18/2022,,,,
2011,State Department,"Health Care Access and Information, Department of",,"Staff Services Analyst (General), Range C",,,,43896,53352,,51547,0,10193,0,61740,10004,0,0,16210,26214,2.00% @ 55,https://www.calhr.ca.gov,,07/18/2022,,,,
2011,State Department,"Health Care Access and Information, Department of",,"Associate Information Systems Analyst (Specialist), Range A",,,,55428,70764,,61655,0,0,0,61655,11077,0,0,14154,25231,1.25% @ 65,https://www.calhr.ca.gov,,07/18/2022,,,,
2011,State Department,"Health Care Access and Information, Department of",,"Health Program Auditor III, Department Of Health Services",,,,55428,70764,,61005,0,0,0,61005,11230,0,0,5802,17032,2.00% @ 55,https://www.calhr.ca.gov,,07/18/2022,,,,
2011,State Department,"Health Care Access and Information, Department of",,Senior Electrical Engineer,,,,97380,118308,,51997,0,8963,0,60960,8951,0,0,1027,9978,2.00% @ 55,https://www.calhr.ca.gov,,07/18/2022,,,,
2011,State Department,"Health Care Access and Information, Department of",,Accounting Administrator I (Supervisor),,,,60948,73524,,59763,0,0,1050,60812,11414,0,0,12674,24088,2.00% @ 55,https://www.calhr.ca.gov,,07/18/2022,,,,
2011,State Department,"Health Care Access and Information, Department of",,"Associate Governmental Program Analyst, Range A",,,,52800,64176,,60223,0,0,0,60223,11061,0,0,5802,16863,2.00% @ 55,https://www.calhr.ca.gov,,07/18/2022,,,,
2011,State Department,"Health Care Access and Information, Department of",,"Associate Governmental Program Analyst, Range A",,,,52800,64176,,60223,0,0,0,60223,11061,0,0,5802,16863,2.00% @ 55,https://www.calhr.ca.gov,,07/18/2022,,,,
2011,State Department,"Health Care Access and Information, Department of",,"Associate Governmental Program Analyst, Range A",,,,52800,64176,,59308,0,0,0,59308,11061,0,0,10865,21926,2.00% @ 55,https://www.calhr.ca.gov,,07/18/2022,,,,
2011,State Department,"Health Care Access and Information, Department of",,Data Processing Manager I,,,,63816,81468,,59198,0,0,0,59198,11473,0,0,15416,26890,2.00% @ 55,https://www.calhr.ca.gov,,07/18/2022,,,,
2011,State Department,"Health Care Access and Information, Department of",,"Associate Governmental Program Analyst, Range A",,,,52800,64176,,59140,0,0,0,59140,11061,0,0,11372,22433,2.00% @ 55,https://www.calhr.ca.gov,,07/18/2022,,,,
2011,State Department,"Health Care Access and Information, Department of",,"Associate Governmental Program Analyst, Range A",,,,52800,64176,,59139,0,0,0,59139,11061,0,0,5802,16863,2.00% @ 55,https://www.calhr.ca.gov,,07/18/2022,,,,
2011,State Department,"Health Care Access and Information, Department of",,Health Facility Construction Financing Specialist,,,,57996,70488,,59018,0,0,0,59018,10866,0,0,5802,16668,2.00% @ 55,https://www.calhr.ca.gov,,07/18/2022,,,,
2011,State Department,"Health Care Access and Information, Department of",,"Staff Programmer Analyst (Specialist), Range A",,,,60780,77592,,57771,1020,0,0,58791,10909,0,0,9104,20013,2.00% @ 55,https://www.calhr.ca.gov,,07/18/2022,,,,
2011,State Department,"Health Care Access and Information, Department of",,"Senior Accounting Officer (Specialist), Range A",,,,52800,64176,,58438,0,0,35,58473,11061,0,0,14917,25979,2.00% @ 55,https://www.calhr.ca.gov,,07/18/2022,,,,
2011,State Department,"Health Care Access and Information, Department of",,"Associate Governmental Program Analyst, Range A",,,,52800,64176,,58445,0,0,0,58445,10955,0,0,11372,22327,2.00% @ 55,https://www.calhr.ca.gov,,07/18/2022,,,,
2011,State Department,"Health Care Access and Information, Department of",,"Associate Governmental Program Analyst, Range A",,,,52800,64176,,58345,0,0,0,58345,10930,0,0,6176,17105,2.00% @ 55,https://www.calhr.ca.gov,,07/18/2022,,,,
2011,State Department,"Health Care Access and Information, Department of",,"Associate Governmental Program Analyst, Range A",,,,52800,64176,,58286,0,0,0,58286,11061,0,0,14917,25979,2.00% @ 55,https://www.calhr.ca.gov,,07/18/2022,,,,
2011,State Department,"Health Care Access and Information, Department of",,"Health Program Auditor III, Department Of Health Services",,,,55428,70764,,58008,0,0,0,58008,11969,0,0,13672,25641,2.00% @ 55,https://www.calhr.ca.gov,,07/18/2022,,,,
2011,State Department,"Health Care Access and Information, Department of",,"Associate Governmental Program Analyst, Range A",,,,52800,64176,,57967,0,0,0,57967,10977,0,0,14917,25894,2.00% @ 55,https://www.calhr.ca.gov,,07/18/2022,,,,
2011,State Department,"Health Care Access and Information, Department of",,"Associate Governmental Program Analyst, Range A",,,,52800,64176,,57939,0,0,0,57939,11061,0,0,11372,22433,2.00% @ 55,https://www.calhr.ca.gov,,07/18/2022,,,,
2011,State Department,"Health Care Access and Information, Department of",,"Associate Information Systems Analyst (Specialist), Range A",,,,55428,70764,,57924,0,0,0,57924,10138,0,0,2516,12653,2.00% @ 55,https://www.calhr.ca.gov,,07/18/2022,,,,
2011,State Department,"Health Care Access and Information, Department of",,"Information Officer I (Specialist), Range A",,,,52800,64176,,57809,0,0,0,57809,11061,0,0,11761,22823,2.00% @ 55,https://www.calhr.ca.gov,,07/18/2022,,,,
2011,State Department,"Health Care Access and Information, Department of",,"Associate Information Systems Analyst (Specialist), Range A",,,,55428,70764,,57375,191,0,24,57590,10534,0,0,5729,16263,2.00% @ 55,https://www.calhr.ca.gov,,07/18/2022,,,,
2011,State Department,"Health Care Access and Information, Department of",,"Associate Governmental Program Analyst, Range A",,,,52800,64176,,57444,0,0,0,57444,11061,0,0,14917,25979,2.00% @ 55,https://www.calhr.ca.gov,,07/18/2022,,,,
2011,State Department,"Health Care Access and Information, Department of",,"Associate Accounting Analyst, Range A",,,,55428,67392,,57367,0,0,0,57367,10398,0,0,5040,15439,2.00% @ 55,https://www.calhr.ca.gov,,07/18/2022,,,,
2011,State Department,"Health Care Access and Information, Department of",,"Staff Information Systems Analyst (Specialist), Range A",,,,60780,77592,,57138,0,0,0,57138,0,0,0,1804,1804,ALTERNATE RETIREMENT PLAN (ARP),https://www.calhr.ca.gov,,07/18/2022,,,,
2011,State Department,"Health Care Access and Information, Department of",,"Health Program Auditor II, Department Of Health Services",,,,46092,58836,,56735,0,0,0,56735,9986,0,0,2516,12502,2.00% @ 55,https://www.calhr.ca.gov,,07/18/2022,,,,
2011,State Department,"Health Care Access and Information, Department of",,Health Facility Construction Financing Specialist,,,,57996,70488,,56306,0,0,0,56306,10866,0,0,14854,25720,2.00% @ 55,https://www.calhr.ca.gov,,07/18/2022,,,,
2011,State Department,"Health Care Access and Information, Department of",,"Associate Governmental Program Analyst, Range A",,,,52800,64176,,55833,0,0,0,55833,10272,0,0,5802,16074,2.00% @ 55,https://www.calhr.ca.gov,,07/18/2022,,,,
2011,State Department,"Health Care Access and Information, Department of",,"Associate Governmental Program Analyst, Range A",,,,52800,64176,,55704,0,0,0,55704,10614,0,0,5802,16416,2.00% @ 55,https://www.calhr.ca.gov,,07/18/2022,,,,
2011,State Department,"Health Care Access and Information, Department of",,"Research Analyst II -General-, Range A",,,,55428,67392,,55605,0,0,0,55605,10661,0,0,14917,25578,2.00% @ 55,https://www.calhr.ca.gov,,07/18/2022,,,,
2011,State Department,"Health Care Access and Information, Department of",,"Associate Governmental Program Analyst, Range A",,,,52800,64176,,55416,0,0,0,55416,10392,0,0,11372,21764,2.00% @ 55,https://www.calhr.ca.gov,,07/18/2022,,,,
2011,State Department,"Health Care Access and Information, Department of",,"Associate Information Systems Analyst (Specialist), Range A",,,,55428,70764,,54913,0,0,0,54913,10366,0,0,10914,21280,2.00% @ 55,https://www.calhr.ca.gov,,07/18/2022,,,,
2011,State Department,"Health Care Access and Information, Department of",,"Associate Governmental Program Analyst, Range A",,,,52800,64176,,54647,178,0,18,54843,10597,0,0,14917,25514,2.00% @ 55,https://www.calhr.ca.gov,,07/18/2022,,,,
2011,State Department,"Health Care Access and Information, Department of",,"Associate Governmental Program Analyst, Range A",,,,52800,64176,,54803,0,0,0,54803,10433,0,0,14900,25332,2.00% @ 55,https://www.calhr.ca.gov,,07/18/2022,,,,
2011,State Department,"Health Care Access and Information, Department of",,"Associate Governmental Program Analyst, Range A",,,,52800,64176,,54725,0,0,0,54725,11061,0,0,11372,22433,2.00% @ 55,https://www.calhr.ca.gov,,07/18/2022,,,,
2011,State Department,"Health Care Access and Information, Department of",,"Associate Governmental Program Analyst, Range A",,,,52800,64176,,54256,0,0,0,54256,10512,0,0,13816,24328,2.00% @ 55,https://www.calhr.ca.gov,,07/18/2022,,,,
2011,State Department,"Health Care Access and Information, Department of",,Health And Safety Officer,,,,55464,66912,,54195,0,0,0,54195,10372,0,0,3580,13952,2.00% @ 55,https://www.calhr.ca.gov,,07/18/2022,,,,
2011,State Department,"Health Care Access and Information, Department of",,"Research Analyst II -General-, Range A",,,,55428,67392,,54152,0,0,0,54152,10163,0,0,11372,21535,2.00% @ 55,https://www.calhr.ca.gov,,07/18/2022,,,,
2011,State Department,"Health Care Access and Information, Department of",,"Associate Governmental Program Analyst, Range A",,,,52800,64176,,53714,0,0,0,53714,10417,0,0,14917,25335,1.25% @ 65,https://www.calhr.ca.gov,,07/18/2022,,,,
2011,State Department,"Health Care Access and Information, Department of",,"Associate Governmental Program Analyst, Range A",,,,52800,64176,,53410,0,0,0,53410,9835,0,0,5802,15636,2.00% @ 55,https://www.calhr.ca.gov,,07/18/2022,,,,
2011,State Department,"Health Care Access and Information, Department of",,"Associate Governmental Program Analyst, Range A",,,,52800,64176,,53188,0,0,6,53194,9758,0,0,5533,15290,2.00% @ 55,https://www.calhr.ca.gov,,07/18/2022,,,,
2011,State Department,"Health Care Access and Information, Department of",,Staff Services Manager I,,,,60948,73524,,53130,0,0,0,53130,10727,0,0,15416,26143,2.00% @ 55,https://www.calhr.ca.gov,,07/18/2022,,,,
2011,State Department,"Health Care Access and Information, Department of",,"Graphic Designer III, Range A",,,,52404,63708,,53104,0,0,0,53104,10000,0,0,10838,20839,2.00% @ 55,https://www.calhr.ca.gov,,07/18/2022,,,,
2011,State Department,"Health Care Access and Information, Department of",,Health Program Specialist I,,,,57996,70488,,52777,0,0,0,52777,9934,0,0,11372,21306,2.00% @ 55,https://www.calhr.ca.gov,,07/18/2022,,,,
2011,State Department,"Health Care Access and Information, Department of",,"Staff Services Analyst (General), Range C",,,,43896,53352,,52772,0,0,0,52772,9196,0,0,1804,10999,2.00% @ 55,https://www.calhr.ca.gov,,07/18/2022,,,,
2011,State Department,"Health Care Access and Information, Department of",,"Associate Governmental Program Analyst, Range A",,,,52800,64176,,52756,0,0,0,52756,9758,0,0,5802,15559,2.00% @ 55,https://www.calhr.ca.gov,,07/18/2022,,,,
2011,State Department,"Health Care Access and Information, Department of",,"Research Analyst II -General-, Range A",,,,55428,67392,,52583,0,0,0,52583,10246,0,0,11372,21617,2.00% @ 55,https://www.calhr.ca.gov,,07/18/2022,,,,
2011,State Department,"Health Care Access and Information, Department of",,"Associate Governmental Program Analyst, Range A",,,,52800,64176,,51546,0,0,961,52507,9892,0,0,5711,15604,2.00% @ 55,https://www.calhr.ca.gov,,07/18/2022,,,,
2011,State Department,"Health Care Access and Information, Department of",,"Associate Governmental Program Analyst, Range A",,,,52800,64176,,51861,0,0,0,51861,10351,0,0,14917,25268,2.00% @ 55,https://www.calhr.ca.gov,,07/18/2022,,,,
2011,State Department,"Health Care Access and Information, Department of",,"Staff Services Analyst (General), Range C",,,,43896,53352,,51688,0,0,0,51688,8660,0,0,1804,10464,1.25% @ 65,https://www.calhr.ca.gov,,07/18/2022,,,,
2011,State Department,"Health Care Access and Information, Department of",,"Associate Personnel Analyst, Range A",,,,52800,64176,,51262,0,0,-272,50991,9103,0,0,14679,23782,1.25% @ 65,https://www.calhr.ca.gov,,07/18/2022,,,,
2011,State Department,"Health Care Access and Information, Department of",,"Senior Architect, Range A",,,,97464,118440,,0,0,50920,0,50920,0,0,0,,0,2.00% @ 55,https://www.calhr.ca.gov,,07/18/2022,,,,
2011,State Department,"Health Care Access and Information, Department of",,"Associate Personnel Analyst, Range A",,,,52800,64176,,50828,0,0,0,50828,9796,0,0,11806,21602,2.00% @ 55,https://www.calhr.ca.gov,,07/18/2022,,,,
2011,State Department,"Health Care Access and Information, Department of",,"Associate Governmental Program Analyst, Range A",,,,52800,64176,,50465,0,0,0,50465,9718,0,0,11372,21089,2.00% @ 55,https://www.calhr.ca.gov,,07/18/2022,,,,
2011,State Department,"Health Care Access and Information, Department of",,Senior Structural Engineer,,,,102000,123912,,50436,0,0,0,50436,0,0,0,,0,,https://www.calhr.ca.gov,,07/18/2022,,,,
2011,State Department,"Health Care Access and Information, Department of",,"Senior Personnel Specialist, Range A",,,,43896,53352,,47573,0,0,2400,49973,8660,0,0,11372,20032,1.25% @ 65,https://www.calhr.ca.gov,,07/18/2022,,,,
2011,State Department,"Health Care Access and Information, Department of",,"Staff Services Analyst (General), Range C",,,,43896,53352,,49881,0,0,0,49881,9196,0,0,5729,14924,2.00% @ 55,https://www.calhr.ca.gov,,07/18/2022,,,,
2011,State Department,"Health Care Access and Information, Department of",,"Staff Services Analyst (General), Range C",,,,43896,53352,,49857,0,0,0,49857,9196,0,0,5802,14997,2.00% @ 55,https://www.calhr.ca.gov,,07/18/2022,,,,
2011,State Department,"Health Care Access and Information, Department of",,"Staff Services Analyst (General), Range C",,,,43896,53352,,49727,0,0,0,49727,9411,0,0,11761,21173,2.00% @ 55,https://www.calhr.ca.gov,,07/18/2022,,,,
2011,State Department,"Health Care Access and Information, Department of",,"Staff Services Analyst (General), Range C",,,,43896,53352,,49252,0,0,0,49252,8563,0,0,1804,10367,2.00% @ 55,https://www.calhr.ca.gov,,07/18/2022,,,,
2011,State Department,"Health Care Access and Information, Department of",,"Staff Services Analyst (General), Range C",,,,43896,53352,,49174,0,0,0,49174,9069,0,0,5802,14870,2.00% @ 55,https://www.calhr.ca.gov,,07/18/2022,,,,
2011,State Department,"Health Care Access and Information, Department of",,Research Scientist I (Epidemiology/Biostatistics),,,,57996,69972,,48978,0,0,0,48978,9387,0,0,14917,24304,2.00% @ 55,https://www.calhr.ca.gov,,07/18/2022,,,,
2011,State Department,"Health Care Access and Information, Department of",,"Staff Programmer Analyst (Specialist), Range A",,,,60780,77592,,48894,0,0,0,48894,9376,0,0,14482,23858,2.00% @ 55,https://www.calhr.ca.gov,,07/18/2022,,,,
2011,State Department,"Health Care Access and Information, Department of",,"Associate Governmental Program Analyst, Range A",,,,52800,64176,,48755,0,0,0,48755,9293,0,0,8298,17591,2.00% @ 55,https://www.calhr.ca.gov,,07/18/2022,,,,
2011,State Department,"Health Care Access and Information, Department of",,"Health Program Auditor II, Department Of Health Services",,,,46092,58836,,48570,0,0,0,48570,8518,0,0,2516,11034,2.00% @ 55,https://www.calhr.ca.gov,,07/18/2022,,,,
2011,State Department,"Health Care Access and Information, Department of",,"Associate Governmental Program Analyst, Range A",,,,52800,64176,,47317,0,0,6,47323,8707,0,0,5533,14240,2.00% @ 55,https://www.calhr.ca.gov,,07/18/2022,,,,
2011,State Department,"Health Care Access and Information, Department of",,"Staff Services Analyst (General), Range C",,,,43896,53352,,47111,0,0,0,47111,8176,0,0,1804,9980,2.00% @ 55,https://www.calhr.ca.gov,,07/18/2022,,,,
2011,State Department,"Health Care Access and Information, Department of",,"Staff Services Analyst (General), Range C",,,,43896,53352,,46216,0,0,849,47064,8888,0,0,5802,14690,2.00% @ 55,https://www.calhr.ca.gov,,07/18/2022,,,,
2011,State Department,"Health Care Access and Information, Department of",,"Associate Governmental Program Analyst, Range A",,,,52800,64176,,46944,0,0,0,46944,8658,0,0,5533,14191,2.00% @ 55,https://www.calhr.ca.gov,,07/18/2022,,,,
2011,State Department,"Health Care Access and Information, Department of",,"Staff Services Analyst (General), Range C",,,,43896,53352,,45888,1013,0,0,46901,9196,0,0,13735,22931,2.00% @ 55,https://www.calhr.ca.gov,,07/18/2022,,,,
2011,State Department,"Health Care Access and Information, Department of",,"Associate Governmental Program Analyst, Range A",,,,52800,64176,,43609,0,3221,0,46830,8235,0,0,8529,16764,2.00% @ 55,https://www.calhr.ca.gov,,07/18/2022,,,,
2011,State Department,"Health Care Access and Information, Department of",,"Staff Services Analyst (General), Range C",,,,43896,53352,,46736,0,0,0,46736,9188,0,0,11326,20514,2.00% @ 55,https://www.calhr.ca.gov,,07/18/2022,,,,
2011,State Department,"Health Care Access and Information, Department of",,"Associate Information Systems Analyst (Specialist), Range A",,,,55428,70764,,46565,0,0,0,46565,8953,0,0,14917,23871,2.00% @ 55,https://www.calhr.ca.gov,,07/18/2022,,,,
2011,State Department,"Health Care Access and Information, Department of",,Staff Services Manager I,,,,60948,73524,,45918,0,0,0,45918,8012,0,0,1819,9831,2.00% @ 55,https://www.calhr.ca.gov,,07/18/2022,,,,
2011,State Department,"Health Care Access and Information, Department of",,"Executive Assistant, Range A",,,,39456,47952,,44323,1544,0,0,45867,8197,0,0,5802,13998,2.00% @ 55,https://www.calhr.ca.gov,,07/18/2022,,,,
2011,State Department,"Health Care Access and Information, Department of",,District Structural Engineer,,,,97164,118104,,45915,0,0,-316,45599,0,0,0,7698,7698,ALTERNATE RETIREMENT PLAN (ARP),https://www.calhr.ca.gov,,07/18/2022,,,,
2011,State Department,"Health Care Access and Information, Department of",,"Staff Services Analyst (General), Range C",,,,43896,53352,,45392,0,0,0,45392,8687,0,0,14528,23215,2.00% @ 55,https://www.calhr.ca.gov,,07/18/2022,,,,
2011,State Department,"Health Care Access and Information, Department of",,"Staff Services Analyst (General), Range C",,,,43896,53352,,45088,0,0,0,45088,8305,0,0,5669,13974,2.00% @ 55,https://www.calhr.ca.gov,,07/18/2022,,,,
2011,State Department,"Health Care Access and Information, Department of",,"Staff Services Analyst (General), Range C",,,,43896,53352,,44722,0,0,0,44722,6227,0,0,5533,11759,2.00% @ 55,https://www.calhr.ca.gov,,07/18/2022,,,,
2011,State Department,"Health Care Access and Information, Department of",,"Assistant Information Systems Analyst, Range C",,,,46092,58836,,44425,0,0,0,44425,8518,0,0,11744,20262,2.00% @ 55,https://www.calhr.ca.gov,,07/18/2022,,,,
2011,State Department,"Health Care Access and Information, Department of",,"Staff Services Analyst (General), Range C",,,,43896,53352,,44388,0,0,18,44406,8241,0,0,13806,22047,2.00% @ 55,https://www.calhr.ca.gov,,07/18/2022,,,,
2011,State Department,"Health Care Access and Information, Department of",,"Personnel Specialist, Range D",,,,40152,48804,,44219,0,0,0,44219,8537,0,0,13825,22361,2.00% @ 55,https://www.calhr.ca.gov,,07/18/2022,,,,
2011,State Department,"Health Care Access and Information, Department of",,"Assistant Information Systems Analyst, Range C",,,,46092,58836,,44048,122,0,0,44170,0,0,0,5533,5533,ALTERNATE RETIREMENT PLAN (ARP),https://www.calhr.ca.gov,,07/18/2022,,,,
2011,State Department,"Health Care Access and Information, Department of",,"Health Facility Construction Financing Analyst, Range C",,,,43896,53352,,44082,0,0,0,44082,4204,0,0,5533,9736,2.00% @ 55,https://www.calhr.ca.gov,,07/18/2022,,,,
2011,State Department,"Health Care Access and Information, Department of",,"Staff Services Analyst (General), Range C",,,,43896,53352,,44079,0,0,0,44079,4846,0,0,5689,10535,2.00% @ 55,https://www.calhr.ca.gov,,07/18/2022,,,,
2011,State Department,"Health Care Access and Information, Department of",,"Staff Services Analyst (General), Range C",,,,43896,53352,,43661,0,0,0,43661,8273,0,0,5802,14074,2.00% @ 55,https://www.calhr.ca.gov,,07/18/2022,,,,
2011,State Department,"Health Care Access and Information, Department of",,"Staff Services Analyst (General), Range C",,,,43896,53352,,43661,0,0,0,43661,8273,0,0,5802,14074,2.00% @ 55,https://www.calhr.ca.gov,,07/18/2022,,,,
2011,State Department,"Health Care Access and Information, Department of",,"Staff Services Analyst (General), Range C",,,,43896,53352,,43628,0,0,0,43628,7745,0,0,1804,9549,2.00% @ 55,https://www.calhr.ca.gov,,07/18/2022,,,,
2011,State Department,"Health Care Access and Information, Department of",,"Executive Secretary I, Range A",,,,36240,44064,,43573,0,0,0,43573,7595,0,0,2142,9736,2.00% @ 55,https://www.calhr.ca.gov,,07/18/2022,,,,
2011,State Department,"Health Care Access and Information, Department of",,"Staff Services Analyst (General), Range C",,,,43896,53352,,41707,0,0,0,41707,7726,0,0,5729,13455,2.00% @ 55,https://www.calhr.ca.gov,,07/18/2022,,,,
2011,State Department,"Health Care Access and Information, Department of",,"Staff Services Analyst (General), Range C",,,,43896,53352,,41392,0,0,0,41392,7711,0,0,5520,13230,2.00% @ 55,https://www.calhr.ca.gov,,07/18/2022,,,,
2011,State Department,"Health Care Access and Information, Department of",,"Executive Secretary I, Range A",,,,36240,44064,,40987,392,0,0,41379,7595,0,0,5729,13324,2.00% @ 55,https://www.calhr.ca.gov,,07/18/2022,,,,
2011,State Department,"Health Care Access and Information, Department of",,"Staff Services Analyst (General), Range C",,,,43896,53352,,41252,0,0,0,41252,7706,0,0,10715,18421,2.00% @ 55,https://www.calhr.ca.gov,,07/18/2022,,,,
2011,State Department,"Health Care Access and Information, Department of",,"Associate Personnel Analyst, Range A",,,,52800,64176,,37161,0,0,4087,41248,7162,0,0,15416,22578,2.00% @ 55,https://www.calhr.ca.gov,,07/18/2022,,,,
2011,State Department,"Health Care Access and Information, Department of",,"Management Services Technician, Range B",,,,33804,41112,,40961,0,0,0,40961,7086,0,0,1804,8890,2.00% @ 55,https://www.calhr.ca.gov,,07/18/2022,,,,
2011,State Department,"Health Care Access and Information, Department of",,"Staff Services Analyst (General), Range C",,,,43896,53352,,40803,0,0,0,40803,7562,0,0,5729,13290,2.00% @ 55,https://www.calhr.ca.gov,,07/18/2022,,,,
2011,State Department,"Health Care Access and Information, Department of",,"Executive Secretary I, Range L",,,,36240,44064,,40420,0,0,0,40420,7595,0,0,11852,19447,2.00% @ 55,https://www.calhr.ca.gov,,07/18/2022,,,,
2011,State Department,"Health Care Access and Information, Department of",,"Accountant Trainee, Range A",,,,38880,45012,,40322,0,0,0,40322,7634,0,0,5533,13167,2.00% @ 55,https://www.calhr.ca.gov,,07/18/2022,,,,
2011,State Department,"Health Care Access and Information, Department of",,"Compliance Officer, Health Facilities Construction",,,,89664,108984,,40191,0,0,0,40191,0,0,0,4641,4641,ALTERNATE RETIREMENT PLAN (ARP),https://www.calhr.ca.gov,,07/18/2022,,,,
2011,State Department,"Health Care Access and Information, Department of",,"Management Services Technician, Range B",,,,33804,41112,,38778,1380,0,0,40158,6733,0,0,2142,8874,2.00% @ 55,https://www.calhr.ca.gov,,07/18/2022,,,,
2011,State Department,"Health Care Access and Information, Department of",,"Business Service Officer I (Specialist), Range A",,,,43896,53352,,40112,0,0,0,40112,7469,0,0,5802,13271,2.00% @ 55,https://www.calhr.ca.gov,,07/18/2022,,,,
2011,State Department,"Health Care Access and Information, Department of",,Research Scientist III (Epidemiology/Biostatistics),,,,69552,84528,,20623,0,19371,0,39994,3827,0,0,1934,5761,2.00% @ 55,https://www.calhr.ca.gov,,07/18/2022,,,,
2011,State Department,"Health Care Access and Information, Department of",,"Management Services Technician, Range B",,,,33804,41112,,37973,1947,0,0,39920,7056,0,0,5802,12858,2.00% @ 55,https://www.calhr.ca.gov,,07/18/2022,,,,
2011,State Department,"Health Care Access and Information, Department of",,Research Program Specialist II,,,,63708,77412,,39918,0,0,0,39918,0,0,0,,0,,https://www.calhr.ca.gov,,07/18/2022,,,,
2011,State Department,"Health Care Access and Information, Department of",,"Office Technician (Typing), Range A",,,,32232,39168,,39189,0,0,0,39189,6751,0,0,1804,8555,2.00% @ 55,https://www.calhr.ca.gov,,07/18/2022,,,,
2011,State Department,"Health Care Access and Information, Department of",,"Staff Services Analyst (General), Range C",,,,43896,53352,,38860,0,0,0,38860,6418,0,0,11372,17790,2.00% @ 55,https://www.calhr.ca.gov,,07/18/2022,,,,
2011,State Department,"Health Care Access and Information, Department of",,Staff Services Manager I,,,,60948,73524,,29870,0,8957,0,38827,5262,0,0,1261,6522,2.00% @ 55,https://www.calhr.ca.gov,,07/18/2022,,,,
2011,State Department,"Health Care Access and Information, Department of",,"Staff Services Analyst (General), Range C",,,,43896,53352,,38770,0,0,0,38770,7183,0,0,5729,12911,2.00% @ 55,https://www.calhr.ca.gov,,07/18/2022,,,,
2011,State Department,"Health Care Access and Information, Department of",,Program Technician II,,,,31656,38508,,38574,0,0,0,38574,6640,0,0,1804,8444,2.00% @ 55,https://www.calhr.ca.gov,,07/18/2022,,,,
2011,State Department,"Health Care Access and Information, Department of",,"Staff Services Analyst (General), Range C",,,,43896,53352,,38115,0,360,0,38475,6873,0,0,938,7810,2.00% @ 55,https://www.calhr.ca.gov,,07/18/2022,,,,
2011,State Department,"Health Care Access and Information, Department of",,"Compliance Officer, Health Facilities Construction",,,,89664,108984,,35953,0,2271,0,38223,5098,0,0,4641,9739,2.00% @ 60,https://www.calhr.ca.gov,,07/18/2022,,,,
2011,State Department,"Health Care Access and Information, Department of",,Program Technician II,,,,31656,38508,,35517,2193,0,0,37710,6637,0,0,6176,12813,2.00% @ 55,https://www.calhr.ca.gov,,07/18/2022,,,,
2011,State Department,"Health Care Access and Information, Department of",,Program Technician II,,,,31656,38508,,35517,2179,0,0,37696,6637,0,0,6176,12813,2.00% @ 55,https://www.calhr.ca.gov,,07/18/2022,,,,
2011,State Department,"Health Care Access and Information, Department of",,"Staff Services Analyst (General), Range C",,,,43896,53352,,37637,0,0,0,37637,0,0,0,5519,5519,2.00% @ 55,https://www.calhr.ca.gov,,07/18/2022,,,,
2011,State Department,"Health Care Access and Information, Department of",,"Assistant Information Systems Analyst, Range C",,,,46092,58836,,37205,184,0,6,37394,6956,0,0,6565,13521,2.00% @ 55,https://www.calhr.ca.gov,,07/18/2022,,,,
2011,State Department,"Health Care Access and Information, Department of",,Program Technician II,,,,31656,38508,,36914,444,0,6,37364,6637,0,0,2905,9543,2.00% @ 55,https://www.calhr.ca.gov,,07/18/2022,,,,
2011,State Department,"Health Care Access and Information, Department of",,"Associate Personnel Analyst, Range A",,,,52800,64176,,33595,0,3445,0,37041,6124,0,0,4094,10217,2.00% @ 55,https://www.calhr.ca.gov,,07/18/2022,,,,
2011,State Department,"Health Care Access and Information, Department of",,"Health Program Auditor II, Department Of Health Services",,,,46092,58836,,36655,0,0,0,36655,6117,0,0,1804,7921,1.25% @ 65,https://www.calhr.ca.gov,,07/18/2022,,,,
2011,State Department,"Health Care Access and Information, Department of",,"Office Technician (Typing), Range A",,,,32232,39168,,36119,0,0,0,36119,6723,0,0,5802,12524,2.00% @ 55,https://www.calhr.ca.gov,,07/18/2022,,,,
2011,State Department,"Health Care Access and Information, Department of",,Program Technician II,,,,31656,38508,,35644,463,0,0,36107,5941,0,0,1804,7745,1.25% @ 65,https://www.calhr.ca.gov,,07/18/2022,,,,
2011,State Department,"Health Care Access and Information, Department of",,"Health Program Auditor II, Department Of Health Services",,,,46092,58836,,36049,0,0,0,36049,6373,0,0,1503,7876,2.00% @ 55,https://www.calhr.ca.gov,,07/18/2022,,,,
2011,State Department,"Health Care Access and Information, Department of",,"Management Services Technician, Range B",,,,33804,41112,,35893,0,0,0,35893,7001,0,0,14900,21901,2.00% @ 55,https://www.calhr.ca.gov,,07/18/2022,,,,
2011,State Department,"Health Care Access and Information, Department of",,Program Technician II,,,,31656,38508,,35707,172,0,0,35879,6143,0,0,2069,8212,2.00% @ 55,https://www.calhr.ca.gov,,07/18/2022,,,,
2011,State Department,"Health Care Access and Information, Department of",,"Office Technician (General), Range A",,,,31656,38508,,35802,0,0,0,35802,6637,0,0,5429,12066,2.00% @ 55,https://www.calhr.ca.gov,,07/18/2022,,,,
2011,State Department,"Health Care Access and Information, Department of",,"Associate Governmental Program Analyst, Range A",,,,52800,64176,,34116,1637,0,0,35753,6504,0,0,5802,12305,2.00% @ 55,https://www.calhr.ca.gov,,07/18/2022,,,,
2011,State Department,"Health Care Access and Information, Department of",,"Office Technician (Typing), Range A",,,,32232,39168,,34337,1247,0,0,35585,6751,0,0,14917,21668,2.00% @ 55,https://www.calhr.ca.gov,,07/18/2022,,,,
2011,State Department,"Health Care Access and Information, Department of",,"Accountant Trainee, Range A",,,,38880,45012,,34975,545,0,0,35520,0,0,0,9242,9242,ALTERNATE RETIREMENT PLAN (ARP),https://www.calhr.ca.gov,,07/18/2022,,,,
2011,State Department,"Health Care Access and Information, Department of",,Program Technician II,,,,31656,38508,,33750,1342,0,0,35092,6617,0,0,14900,21516,2.00% @ 55,https://www.calhr.ca.gov,,07/18/2022,,,,
2011,State Department,"Health Care Access and Information, Department of",,Program Technician II,,,,31656,38508,,32574,2323,0,0,34897,6308,0,0,5802,12109,2.00% @ 55,https://www.calhr.ca.gov,,07/18/2022,,,,
2011,State Department,"Health Care Access and Information, Department of",,Program Technician II,,,,31656,38508,,33711,1175,0,0,34887,6637,0,0,14900,21537,2.00% @ 55,https://www.calhr.ca.gov,,07/18/2022,,,,
2011,State Department,"Health Care Access and Information, Department of",,Associate Health Facility Construction Financing Analyst,,,,52800,64176,,34866,0,0,0,34866,5448,0,0,323,5771,2.00% @ 55,https://www.calhr.ca.gov,,07/18/2022,,,,
2011,State Department,"Health Care Access and Information, Department of",,"Office Assistant (Typing), Range B",,,,27888,33912,,32601,2190,0,0,34791,6061,0,0,5802,11863,2.00% @ 55,https://www.calhr.ca.gov,,07/18/2022,,,,
2011,State Department,"Health Care Access and Information, Department of",,"Office Technician (Typing), Range A",,,,32232,39168,,34069,664,0,0,34733,6353,0,0,5802,12154,2.00% @ 55,https://www.calhr.ca.gov,,07/18/2022,,,,
2011,State Department,"Health Care Access and Information, Department of",,Program Technician II,,,,31656,38508,,34568,164,0,0,34732,4491,0,0,1873,6364,2.00% @ 55,https://www.calhr.ca.gov,,07/18/2022,,,,
2011,State Department,"Health Care Access and Information, Department of",,"Research Analyst II -General-, Range A",,,,55428,67392,,32037,0,2439,170,34645,6255,0,0,7551,13806,2.00% @ 55,https://www.calhr.ca.gov,,07/18/2022,,,,
2011,State Department,"Health Care Access and Information, Department of",,"Staff Services Analyst (General), Range B",,,,36600,44496,,34430,0,0,0,34430,6545,0,0,8730,15275,2.00% @ 55,https://www.calhr.ca.gov,,07/18/2022,,,,
2011,State Department,"Health Care Access and Information, Department of",,"Office Technician (Typing), Range A",,,,32232,39168,,34265,0,0,0,34265,6613,0,0,5802,12414,2.00% @ 55,https://www.calhr.ca.gov,,07/18/2022,,,,
2011,State Department,"Health Care Access and Information, Department of",,"Office Technician (Typing), Range A",,,,32232,39168,,34126,0,0,0,34126,6535,0,0,5352,11886,2.00% @ 55,https://www.calhr.ca.gov,,07/18/2022,,,,
2011,State Department,"Health Care Access and Information, Department of",,Program Technician II,,,,31656,38508,,33009,842,0,0,33851,6637,0,0,11341,17979,2.00% @ 55,https://www.calhr.ca.gov,,07/18/2022,,,,
2011,State Department,"Health Care Access and Information, Department of",,"Office Technician (General), Range A",,,,31656,38508,,33718,19,0,0,33737,6155,0,0,14154,20310,1.25% @ 65,https://www.calhr.ca.gov,,07/18/2022,,,,
2011,State Department,"Health Care Access and Information, Department of",,"Office Technician (Typing), Range A",,,,32232,39168,,33704,0,0,0,33704,6278,0,0,5802,12080,2.00% @ 55,https://www.calhr.ca.gov,,07/18/2022,,,,
2011,State Department,"Health Care Access and Information, Department of",,"Office Technician (Typing), Range A",,,,32232,39168,,33100,487,0,0,33587,6151,0,0,5519,11670,2.00% @ 55,https://www.calhr.ca.gov,,07/18/2022,,,,
2011,State Department,"Health Care Access and Information, Department of",,Program Technician II,,,,31656,38508,,33546,0,0,0,33546,6232,0,0,5669,11901,2.00% @ 55,https://www.calhr.ca.gov,,07/18/2022,,,,
2011,State Department,"Health Care Access and Information, Department of",,Program Technician II,,,,31656,38508,,32827,657,0,0,33484,6482,0,0,14900,21382,2.00% @ 55,https://www.calhr.ca.gov,,07/18/2022,,,,
2011,State Department,"Health Care Access and Information, Department of",,"Staff Services Analyst (General), Range A",,,,33804,41112,,33378,0,0,0,33378,6166,0,0,14917,21083,1.25% @ 65,https://www.calhr.ca.gov,,07/18/2022,,,,
2011,State Department,"Health Care Access and Information, Department of",,"Office Technician (Typing), Range A",,,,32232,39168,,33176,85,0,0,33261,6358,0,0,11372,17729,1.25% @ 65,https://www.calhr.ca.gov,,07/18/2022,,,,
2011,State Department,"Health Care Access and Information, Department of",,"Staff Information Systems Analyst (Specialist), Range A",,,,60780,77592,,24900,0,7615,179,32695,4944,0,0,9415,14359,2.00% @ 55,https://www.calhr.ca.gov,,07/18/2022,,,,
2011,State Department,"Health Care Access and Information, Department of",,"Staff Programmer Analyst (Specialist), Range A",,,,60780,77592,,32307,0,0,0,32307,6687,0,0,14900,21586,2.00% @ 55,https://www.calhr.ca.gov,,07/18/2022,,,,
2011,State Department,"Health Care Access and Information, Department of",,"Executive Assistant, Range A",,,,39456,47952,,30326,422,0,1278,32027,5916,0,0,14677,20594,2.00% @ 55,https://www.calhr.ca.gov,,07/18/2022,,,,
2011,State Department,"Health Care Access and Information, Department of",,Senior Structural Engineer,,,,102000,123912,,32017,0,0,0,32017,0,0,0,4826,4826,ALTERNATE RETIREMENT PLAN (ARP),https://www.calhr.ca.gov,,07/18/2022,,,,
2011,State Department,"Health Care Access and Information, Department of",,"Executive Secretary I, Range A",,,,36240,44064,,31931,0,0,0,31931,6326,0,0,8588,14914,2.00% @ 55,https://www.calhr.ca.gov,,07/18/2022,,,,
2011,State Department,"Health Care Access and Information, Department of",,"Office Technician (General), Range A",,,,31656,38508,,31515,264,0,0,31780,6056,0,0,10865,16921,2.00% @ 55,https://www.calhr.ca.gov,,07/18/2022,,,,
2011,State Department,"Health Care Access and Information, Department of",,"Office Technician (General), Range A",,,,31656,38508,,31466,0,0,0,31466,3495,0,0,5601,9096,2.00% @ 55,https://www.calhr.ca.gov,,07/18/2022,,,,
2011,State Department,"Health Care Access and Information, Department of",,"Office Technician (Typing), Range A",,,,32232,39168,,31204,0,0,0,31204,0,0,0,5320,5320,ALTERNATE RETIREMENT PLAN (ARP),https://www.calhr.ca.gov,,07/18/2022,,,,
2011,State Department,"Health Care Access and Information, Department of",,"Office Technician (Typing), Range A",,,,32232,39168,,31002,0,0,0,31002,6074,0,0,14123,20197,2.00% @ 55,https://www.calhr.ca.gov,,07/18/2022,,,,
2011,State Department,"Health Care Access and Information, Department of",,"Associate Governmental Program Analyst, Range A",,,,52800,64176,,30826,0,0,-349,30477,5996,0,0,10769,16764,2.00% @ 55,https://www.calhr.ca.gov,,07/18/2022,,,,
2011,State Department,"Health Care Access and Information, Department of",,"Office Technician (General), Range A",,,,31656,38508,,30464,0,0,0,30464,5920,0,0,11372,17292,2.00% @ 55,https://www.calhr.ca.gov,,07/18/2022,,,,
2011,State Department,"Health Care Access and Information, Department of",,Senior Electrical Engineer,,,,97380,118308,,29703,0,0,0,29703,0,0,0,4691,4691,ALTERNATE RETIREMENT PLAN (ARP),https://www.calhr.ca.gov,,07/18/2022,,,,
2011,State Department,"Health Care Access and Information, Department of",,Program Technician II,,,,31656,38508,,28324,1305,0,0,29629,6308,0,0,14917,21225,2.00% @ 55,https://www.calhr.ca.gov,,07/18/2022,,,,
2011,State Department,"Health Care Access and Information, Department of",,Health Planning Specialist I,,,,57996,70488,,28795,0,0,0,28795,955,0,0,,955,2.00% @ 55,https://www.calhr.ca.gov,,07/18/2022,,,,
2011,State Department,"Health Care Access and Information, Department of",,"Office Technician (General), Range A",,,,31656,38508,,27029,0,0,0,27029,0,0,0,5669,5669,ALTERNATE RETIREMENT PLAN (ARP),https://www.calhr.ca.gov,,07/18/2022,,,,
2011,State Department,"Health Care Access and Information, Department of",,"Staff Services Analyst (General), Range C",,,,43896,53352,,25959,0,0,0,25959,4115,0,0,1804,5919,1.25% @ 65,https://www.calhr.ca.gov,,07/18/2022,,,,
2011,State Department,"Health Care Access and Information, Department of",,Research Scientist IV (Epidemiology/Biostatistics),,,Research Scientist IV (Epidemiology/Biostatistics),79980,97200,,25325,0,0,0,25325,0,0,0,0,0,,https://www.calhr.ca.gov,,07/18/2022,,,,
2011,State Department,"Health Care Access and Information, Department of",,Senior Health Facility Construction Financing Specialist,,,,63708,77412,,0,0,23790,0,23790,0,0,0,,0,2.00% @ 55,https://www.calhr.ca.gov,,07/18/2022,,,,
2011,State Department,"Health Care Access and Information, Department of",,Associate Health Facility Construction Financing Analyst,,,,52800,64176,,22101,0,0,0,22101,0,0,0,2738,2738,ALTERNATE RETIREMENT PLAN (ARP),https://www.calhr.ca.gov,,07/18/2022,,,,
2011,State Department,"Health Care Access and Information, Department of",,"Staff Services Analyst (General), Range C",,,,43896,53352,,19353,0,2654,0,22007,3710,0,0,6633,10344,2.00% @ 55,https://www.calhr.ca.gov,,07/18/2022,,,,
2011,State Department,"Health Care Access and Information, Department of",,"Office Technician (Typing), Range A",,,,32232,39168,,21674,0,0,0,21674,3720,0,0,1339,5059,2.00% @ 55,https://www.calhr.ca.gov,,07/18/2022,,,,
2011,State Department,"Health Care Access and Information, Department of",,"Staff Services Analyst (General), Range C",,,,43896,53352,,20559,864,0,0,21423,0,0,0,5533,5533,ALTERNATE RETIREMENT PLAN (ARP),https://www.calhr.ca.gov,,07/18/2022,,,,
2011,State Department,"Health Care Access and Information, Department of",,Staff Services Manager I,,,,60948,73524,,18294,0,2559,0,20852,0,0,0,3951,3951,ALTERNATE RETIREMENT PLAN (ARP),https://www.calhr.ca.gov,,07/18/2022,,,,
2011,State Department,"Health Care Access and Information, Department of",,"Office Technician (Typing), Range A",,,,32232,39168,,18311,0,0,2002,20313,6235,0,0,13058,19292,2.00% @ 55,https://www.calhr.ca.gov,,07/18/2022,,,,
2011,State Department,"Health Care Access and Information, Department of",,"Staff Services Analyst (General), Range C",,,,43896,53352,,19546,0,0,0,19546,4598,0,0,14123,18721,2.00% @ 55,https://www.calhr.ca.gov,,07/18/2022,,,,
2011,State Department,"Health Care Access and Information, Department of",,"Accountant Trainee, Range A",,,,38880,45012,,17413,0,0,0,17413,0,0,0,3514,3514,ALTERNATE RETIREMENT PLAN (ARP),https://www.calhr.ca.gov,,07/18/2022,,,,
2011,State Department,"Health Care Access and Information, Department of",,"Health Facility Construction Financing Analyst, Range C",,,,43896,53352,,16488,0,0,0,16488,0,0,0,2289,2289,ALTERNATE RETIREMENT PLAN (ARP),https://www.calhr.ca.gov,,07/18/2022,,,,
2011,State Department,"Health Care Access and Information, Department of",,Research Program Specialist I,,,,57996,70488,,0,0,0,14772,14772,0,0,0,,0,2.00% @ 55,https://www.calhr.ca.gov,,07/18/2022,,,,
2011,State Department,"Health Care Access and Information, Department of",,"Staff Programmer Analyst (Specialist), Range A",,,,60780,77592,,9479,0,4007,0,13486,1804,0,0,1934,3738,2.00% @ 55,https://www.calhr.ca.gov,,07/18/2022,,,,
2011,State Department,"Health Care Access and Information, Department of",,"Office Technician (Typing), Range A",,,,32232,39168,,10227,116,0,0,10343,0,0,0,2289,2289,ALTERNATE RETIREMENT PLAN (ARP),https://www.calhr.ca.gov,,07/18/2022,,,,
2011,State Department,"Health Care Access and Information, Department of",,Senior Health Facility Construction Financing Specialist,,,,63708,77412,,0,0,9475,0,9475,0,0,0,,0,2.00% @ 55,https://www.calhr.ca.gov,,07/18/2022,,,,
2011,State Department,"Health Care Access and Information, Department of",,Senior Structural Engineer,,,,102000,123912,,8919,0,0,0,8919,0,0,0,,0,,https://www.calhr.ca.gov,,07/18/2022,,,,
2011,State Department,"Health Care Access and Information, Department of",,"Staff Services Analyst (General), Range C",,,,43896,53352,,7941,0,0,0,7941,1481,0,0,52,1533,2.00% @ 55,https://www.calhr.ca.gov,,07/18/2022,,,,
2011,State Department,"Health Care Access and Information, Department of",,"Associate Governmental Program Analyst, Range A",,,,52800,64176,,4647,0,3176,0,7823,951,0,0,922,1874,2.00% @ 55,https://www.calhr.ca.gov,,07/18/2022,,,,
2011,State Department,"Health Care Access and Information, Department of",,"Health Program Auditor III, Department Of Health Services",,,,55428,70764,,7076,0,0,0,7076,0,0,0,,0,,https://www.calhr.ca.gov,,07/18/2022,,,,
2011,State Department,"Health Care Access and Information, Department of",,"Associate Governmental Program Analyst, Range A",,,,52800,64176,,6155,0,0,0,6155,0,0,0,,0,,https://www.calhr.ca.gov,,07/18/2022,,,,
2011,State Department,"Health Care Access and Information, Department of",,"Staff Services Analyst (General), Range C",,,,43896,53352,,3855,0,202,0,4057,845,0,0,948,1792,2.00% @ 55,https://www.calhr.ca.gov,,07/18/2022,,,,
2011,State Department,"Health Care Access and Information, Department of",,"Commissioner, California Health Policy And Data Advisory Commission/Office Of Statewide Health  Pln & Dev",,,,25920,25920,,400,0,0,1650,2050,0,0,0,,0,,https://www.calhr.ca.gov,,07/18/2022,,,,
2011,State Department,"Health Care Access and Information, Department of",,"Member, Building Safety Board/Office Of Statewide Health Planning And Development",,,,25920,25920,,1600,0,0,0,1600,0,0,0,,0,PART-TIME SEASONAL AND TEMPORARY (PST) RETIREMENT PLAN,https://www.calhr.ca.gov,,07/18/2022,,,,
2011,State Department,"Health Care Access and Information, Department of",,"Member, Building Safety Board/Office Of Statewide Health Planning And Development",,,,25920,25920,,1500,0,0,0,1500,0,0,0,,0,,https://www.calhr.ca.gov,,07/18/2022,,,,
2011,State Department,"Health Care Access and Information, Department of",,"Member, Building Safety Board/Office Of Statewide Health Planning And Development",,,,25920,25920,,1400,0,0,0,1400,0,0,0,,0,,https://www.calhr.ca.gov,,07/18/2022,,,,
2011,State Department,"Health Care Access and Information, Department of",,"Member, Building Safety Board/Office Of Statewide Health Planning And Development",,,,25920,25920,,1300,0,0,0,1300,0,0,0,,0,,https://www.calhr.ca.gov,,07/18/2022,,,,
2011,State Department,"Health Care Access and Information, Department of",,"Member, Building Safety Board/Office Of Statewide Health Planning And Development",,,,25920,25920,,1300,0,0,0,1300,0,0,0,,0,PART-TIME SEASONAL AND TEMPORARY (PST) RETIREMENT PLAN,https://www.calhr.ca.gov,,07/18/2022,,,,
2011,State Department,"Health Care Access and Information, Department of",,Advisory Loan Insurance Committee Member,,,,25920,25920,,1200,0,0,0,1200,0,0,0,,0,,https://www.calhr.ca.gov,,07/18/2022,,,,
2011,State Department,"Health Care Access and Information, Department of",,"Member, Building Safety Board/Office Of Statewide Health Planning And Development",,,,25920,25920,,1200,0,0,0,1200,0,0,0,,0,,https://www.calhr.ca.gov,,07/18/2022,,,,
2011,State Department,"Health Care Access and Information, Department of",,"Member, Building Safety Board/Office Of Statewide Health Planning And Development",,,,25920,25920,,1200,0,0,0,1200,0,0,0,,0,,https://www.calhr.ca.gov,,07/18/2022,,,,
2011,State Department,"Health Care Access and Information, Department of",,"Member, Building Safety Board/Office Of Statewide Health Planning And Development",,,,25920,25920,,1100,0,0,0,1100,0,0,0,,0,,https://www.calhr.ca.gov,,07/18/2022,,,,
2011,State Department,"Health Care Access and Information, Department of",,"Member, Building Safety Board/Office Of Statewide Health Planning And Development",,,,25920,25920,,1000,0,0,20,1020,0,0,0,,0,,https://www.calhr.ca.gov,,07/18/2022,,,,
2011,State Department,"Health Care Access and Information, Department of",,"Member, Building Safety Board/Office Of Statewide Health Planning And Development",,,,25920,25920,,900,0,0,0,900,0,0,0,,0,,https://www.calhr.ca.gov,,07/18/2022,,,,
2011,State Department,"Health Care Access and Information, Department of",,"Member, Building Safety Board/Office Of Statewide Health Planning And Development",,,,25920,25920,,800,0,0,0,800,0,0,0,,0,PART-TIME SEASONAL AND TEMPORARY (PST) RETIREMENT PLAN,https://www.calhr.ca.gov,,07/18/2022,,,,
2011,State Department,"Health Care Access and Information, Department of",,"Member, Building Safety Board/Office Of Statewide Health Planning And Development",,,,25920,25920,,700,0,0,0,700,0,0,0,,0,,https://www.calhr.ca.gov,,07/18/2022,,,,
2011,State Department,"Health Care Access and Information, Department of",,"Member, Building Safety Board/Office Of Statewide Health Planning And Development",,,Commissioner/Seismic Safety Commission,25920,25920,,600,0,0,30,630,0,0,0,0,0,,https://www.calhr.ca.gov,,07/18/2022,,,,
2011,State Department,"Health Care Access and Information, Department of",,Advisory Loan Insurance Committee Member,,,,25920,25920,,600,0,0,0,600,0,0,0,,0,PART-TIME SEASONAL AND TEMPORARY (PST) RETIREMENT PLAN,https://www.calhr.ca.gov,,07/18/2022,,,,
2011,State Department,"Health Care Access and Information, Department of",,Advisory Loan Insurance Committee Member,,,,25920,25920,,600,0,0,0,600,0,0,0,,0,PART-TIME SEASONAL AND TEMPORARY (PST) RETIREMENT PLAN,https://www.calhr.ca.gov,,07/18/2022,,,,
2011,State Department,"Health Care Access and Information, Department of",,"Commissioner, California Health Policy And Data Advisory Commission/Office Of Statewide Health  Pln & Dev",,,,25920,25920,,600,0,0,0,600,0,0,0,,0,PART-TIME SEASONAL AND TEMPORARY (PST) RETIREMENT PLAN,https://www.calhr.ca.gov,,07/18/2022,,,,
2011,State Department,"Health Care Access and Information, Department of",,"Member, State Health Manpower Policy Commission/Office Of Statewide Health Planning And Develo Pment",,,,25920,25920,,600,0,0,0,600,0,0,0,,0,,https://www.calhr.ca.gov,,07/18/2022,,,,
2011,State Department,"Health Care Access and Information, Department of",,"Member, State Health Manpower Policy Commission/Office Of Statewide Health Planning And Develo Pment",,,,25920,25920,,600,0,0,0,600,0,0,0,,0,,https://www.calhr.ca.gov,,07/18/2022,,,,
2011,State Department,"Health Care Access and Information, Department of",,"Member, State Health Manpower Policy Commission/Office Of Statewide Health Planning And Develo Pment",,,,25920,25920,,600,0,0,0,600,0,0,0,,0,,https://www.calhr.ca.gov,,07/18/2022,,,,
2011,State Department,"Health Care Access and Information, Department of",,"Member, State Health Manpower Policy Commission/Office Of Statewide Health Planning And Develo Pment",,,,25920,25920,,600,0,0,0,600,0,0,0,,0,,https://www.calhr.ca.gov,,07/18/2022,,,,
2011,State Department,"Health Care Access and Information, Department of",,"Member, Building Safety Board/Office Of Statewide Health Planning And Development",,,,25920,25920,,500,0,0,30,530,0,0,0,,0,,https://www.calhr.ca.gov,,07/18/2022,,,,
2011,State Department,"Health Care Access and Information, Department of",,"Member, Building Safety Board/Office Of Statewide Health Planning And Development",,,,25920,25920,,500,0,0,10,510,0,0,0,,0,,https://www.calhr.ca.gov,,07/18/2022,,,,
2011,State Department,"Health Care Access and Information, Department of",,Advisory Loan Insurance Committee Member,,,,25920,25920,,500,0,0,0,500,0,0,0,,0,PART-TIME SEASONAL AND TEMPORARY (PST) RETIREMENT PLAN,https://www.calhr.ca.gov,,07/18/2022,,,,
2011,State Department,"Health Care Access and Information, Department of",,"Commissioner, California Health Policy And Data Advisory Commission/Office Of Statewide Health  Pln & Dev",,,,25920,25920,,500,0,0,0,500,0,0,0,,0,,https://www.calhr.ca.gov,,07/18/2022,,,,
2011,State Department,"Health Care Access and Information, Department of",,"Commissioner, California Health Policy And Data Advisory Commission/Office Of Statewide Health  Pln & Dev",,,,25920,25920,,500,0,0,0,500,0,0,0,,0,,https://www.calhr.ca.gov,,07/18/2022,,,,
2011,State Department,"Health Care Access and Information, Department of",,"Commissioner, California Health Policy And Data Advisory Commission/Office Of Statewide Health  Pln & Dev",,,,25920,25920,,500,0,0,0,500,0,0,0,,0,,https://www.calhr.ca.gov,,07/18/2022,,,,
2011,State Department,"Health Care Access and Information, Department of",,"Member, Building Safety Board/Office Of Statewide Health Planning And Development",,,,25920,25920,,500,0,0,0,500,0,0,0,,0,,https://www.calhr.ca.gov,,07/18/2022,,,,
2011,State Department,"Health Care Access and Information, Department of",,"Member, State Health Manpower Policy Commission/Office Of Statewide Health Planning And Develo Pment",,,,25920,25920,,500,0,0,0,500,0,0,0,,0,,https://www.calhr.ca.gov,,07/18/2022,,,,
2011,State Department,"Health Care Access and Information, Department of",,"Member, State Health Manpower Policy Commission/Office Of Statewide Health Planning And Develo Pment",,,,25920,25920,,500,0,0,0,500,0,0,0,,0,PART-TIME SEASONAL AND TEMPORARY (PST) RETIREMENT PLAN,https://www.calhr.ca.gov,,07/18/2022,,,,
2011,State Department,"Health Care Access and Information, Department of",,"Member, State Health Manpower Policy Commission/Office Of Statewide Health Planning And Develo Pment",,,,25920,25920,,500,0,0,0,500,0,0,0,,0,,https://www.calhr.ca.gov,,07/18/2022,,,,
2011,State Department,"Health Care Access and Information, Department of",,"Commissioner, California Health Policy And Data Advisory Commission/Office Of Statewide Health  Pln & Dev",,,,25920,25920,,400,0,0,58,458,0,0,0,,0,,https://www.calhr.ca.gov,,07/18/2022,,,,
2011,State Department,"Health Care Access and Information, Department of",,"Commissioner, California Health Policy And Data Advisory Commission/Office Of Statewide Health  Pln & Dev",,,,25920,25920,,400,0,0,0,400,0,0,0,,0,,https://www.calhr.ca.gov,,07/18/2022,,,,
2011,State Department,"Health Care Access and Information, Department of",,"Commissioner, California Health Policy And Data Advisory Commission/Office Of Statewide Health  Pln & Dev",,,,25920,25920,,400,0,0,0,400,0,0,0,,0,,https://www.calhr.ca.gov,,07/18/2022,,,,
2011,State Department,"Health Care Access and Information, Department of",,"Member, Building Safety Board/Office Of Statewide Health Planning And Development",,,,25920,25920,,400,0,0,0,400,0,0,0,,0,,https://www.calhr.ca.gov,,07/18/2022,,,,
2011,State Department,"Health Care Access and Information, Department of",,"Member, State Health Manpower Policy Commission/Office Of Statewide Health Planning And Develo Pment",,,,25920,25920,,400,0,0,0,400,0,0,0,,0,,https://www.calhr.ca.gov,,07/18/2022,,,,
2011,State Department,"Health Care Access and Information, Department of",,"Member, State Health Manpower Policy Commission/Office Of Statewide Health Planning And Develo Pment",,,,25920,25920,,400,0,0,0,400,0,0,0,,0,,https://www.calhr.ca.gov,,07/18/2022,,,,
2011,State Department,"Health Care Access and Information, Department of",,"Commissioner, California Health Policy And Data Advisory Commission/Office Of Statewide Health  Pln & Dev",,,,25920,25920,,300,0,0,0,300,0,0,0,,0,,https://www.calhr.ca.gov,,07/18/2022,,,,
2011,State Department,"Health Care Access and Information, Department of",,"Commissioner, California Health Policy And Data Advisory Commission/Office Of Statewide Health  Pln & Dev",,,,25920,25920,,300,0,0,0,300,0,0,0,,0,,https://www.calhr.ca.gov,,07/18/2022,,,,
2011,State Department,"Health Care Access and Information, Department of",,"Commissioner, California Health Policy And Data Advisory Commission/Office Of Statewide Health  Pln & Dev",,,,25920,25920,,300,0,0,0,300,0,0,0,,0,,https://www.calhr.ca.gov,,07/18/2022,,,,
2011,State Department,"Health Care Access and Information, Department of",,"Member, Building Safety Board/Office Of Statewide Health Planning And Development",,,,25920,25920,,300,0,0,0,300,0,0,0,,0,,https://www.calhr.ca.gov,,07/18/2022,,,,
2011,State Department,"Health Care Access and Information, Department of",,"Member, State Health Manpower Policy Commission/Office Of Statewide Health Planning And Develo Pment",,,,25920,25920,,300,0,0,0,300,0,0,0,,0,,https://www.calhr.ca.gov,,07/18/2022,,,,
2011,State Department,"Health Care Access and Information, Department of",,"Member, State Health Manpower Policy Commission/Office Of Statewide Health Planning And Develo Pment",,,,25920,25920,,300,0,0,0,300,0,0,0,,0,,https://www.calhr.ca.gov,,07/18/2022,,,,
2011,State Department,"Health Care Access and Information, Department of",,Advisory Loan Insurance Committee Member,,,,25920,25920,,200,0,0,0,200,0,0,0,,0,,https://www.calhr.ca.gov,,07/18/2022,,,,
2011,State Department,"Health Care Access and Information, Department of",,"Commissioner, California Health Policy And Data Advisory Commission/Office Of Statewide Health  Pln & Dev",,,,25920,25920,,200,0,0,0,200,0,0,0,,0,,https://www.calhr.ca.gov,,07/18/2022,,,,
2011,State Department,"Health Care Access and Information, Department of",,"Commissioner, California Health Policy And Data Advisory Commission/Office Of Statewide Health  Pln & Dev",,,,25920,25920,,200,0,0,0,200,0,0,0,,0,PART-TIME SEASONAL AND TEMPORARY (PST) RETIREMENT PLAN,https://www.calhr.ca.gov,,07/18/2022,,,,
2011,State Department,"Health Care Access and Information, Department of",,"Member, Building Safety Board/Office Of Statewide Health Planning And Development",,,,25920,25920,,200,0,0,0,200,0,0,0,,0,PART-TIME SEASONAL AND TEMPORARY (PST) RETIREMENT PLAN,https://www.calhr.ca.gov,,07/18/2022,,,,
2011,State Department,"Health Care Access and Information, Department of",,"Commissioner, California Health Policy And Data Advisory Commission/Office Of Statewide Health  Pln & Dev",,,,25920,25920,,100,0,0,34,134,0,0,0,,0,,https://www.calhr.ca.gov,,07/18/2022,,,,
2011,State Department,"Health Care Access and Information, Department of",,"Office Technician (Typing), Range A",,,,32232,39168,,105,0,0,0,105,0,0,0,,0,2.00% @ 55,https://www.calhr.ca.gov,,07/18/2022,,,,
2011,State Department,"Health Care Access and Information, Department of",,Advisory Loan Insurance Committee Member,,,,25920,25920,,100,0,0,0,100,0,0,0,,0,,https://www.calhr.ca.gov,,07/18/2022,,,,
2011,State Department,"Health Care Access and Information, Department of",,"Member, Building Safety Board/Office Of Statewide Health Planning And Development",,,,25920,25920,,100,0,0,0,100,0,0,0,,0,,https://www.calhr.ca.gov,,07/18/2022,,,,
2011,State Department,"Health Care Access and Information, Department of",,"Member, Building Safety Board/Office Of Statewide Health Planning And Development",,,,25920,25920,,100,0,0,0,100,0,0,0,,0,,https://www.calhr.ca.gov,,07/18/2022,,,,
2011,State Department,"Health Care Access and Information, Department of",,"Member, Building Safety Board/Office Of Statewide Health Planning And Development",,,,25920,25920,,100,0,0,0,100,0,0,0,,0,,https://www.calhr.ca.gov,,07/18/2022,,,,
2011,State Department,"Health Care Access and Information, Department of",,"Member, Building Safety Board/Office Of Statewide Health Planning And Development",,,,25920,25920,,100,0,0,0,100,0,0,0,,0,PART-TIME SEASONAL AND TEMPORARY (PST) RETIREMENT PLAN,https://www.calhr.ca.gov,,07/18/2022,,,,

